7 0.9908467131940175 0.5633936359330245 0.018306573611965006 0.2232206821459443 
0 0.8674657352658511 0.5268514943433282 0.02613321852557604 0.11626393792919998 
3 0.8880909678525386 0.5239758834298668 0.11121638581256604 0.08884457674152069 
3 0.4521000079289559 0.52864442523704 0.048918201851480915 0.0750992087302338 
8 0.7300641149881031 0.6415670306644461 0.03160956612803958 0.08757849011738712 
0 0.7277894897288394 0.5345748210478307 0.03767624567669031 0.14672184235866292 
8 0.32332636052033736 0.6812327588502513 0.04755371693998079 0.1319186413803733 
8 0.3453240666670105 0.6959636146354485 0.05044589953201893 0.14218266322963385 
8 0.28144212012332875 0.6517426431555234 0.04440202111711478 0.1158582723875616 
3 0.5315945654368786 0.5316213370102947 0.05313956988138052 0.08151627029042964 
7 0.7036084432285397 0.5621171659450376 0.39306846489804514 0.2780569602438731 
8 0.30035627453537866 0.6656847755262831 0.043113913817858604 0.12269674870393601 
8 0.9918809539333491 0.6492309453075973 0.016238092133301903 0.09014214284795166 
8 0.7590126160557802 0.6553265100995727 0.033516730904793665 0.09236914794010533 
0 0.7578312900808024 0.5359954457211423 0.03645241149751783 0.15054205490622893 
3 0.5949598648235893 0.5388776598858119 0.0501939375697701 0.05964420127285046 
