0 0.7699595420854106 0.6309935526711167 0.09883373809658394 0.2881604687192379 
0 0.92902323985079 0.669574898625776 0.14195352029841984 0.3884291400376788 
3 0.4642694725448682 0.5453426065724313 0.04419767279329428 0.03264872236981382 
3 0.6975028340360558 0.5792344461595059 0.14979674679525132 0.10025614196460715 
0 0.9683645876080804 0.536163757453324 0.010719039603182523 0.04264889562844322 
3 0.5669260709856329 0.5442265213800617 0.05998204599278964 0.04387440516249316 
3 0.4332807519501789 0.540434367277961 0.0404013774398284 0.035611054022980274 
0 0.9560766679966427 0.651389065371543 0.08784666400671455 0.3438613594600069 
0 0.9136515718695382 0.5399466644654973 0.014919176777717667 0.051614388221106665 
3 0.3434441312387263 0.7760032963729342 0.6868882624774526 0.44799340725413167 
3 0.5088764652999627 0.5414442670908047 0.050682697639328964 0.0346839044647482 
