0 0.6802089394044293 0.61984737376636 0.08140396587862014 0.24764747554044853 
0 0.81354164234254 0.6508063198278705 0.12229124226814918 0.33373067122725464 
3 0.4639249841719958 0.5455299820288158 0.04415338872756046 0.03262188443184736 
3 0.5348828969568284 0.5639668832386903 0.10329748134949426 0.07382983897066443 
0 0.9608331898063159 0.5382679901141747 0.01090159525498663 0.04347590088539038 
3 0.5669165672456471 0.5445123000077676 0.05996267865911179 0.04388161570871325 
3 0.4331706649326361 0.5407853852325897 0.04038530211602769 0.035605568599919986 
0 0.8650397232364964 0.6455508647915161 0.11862801951750428 0.29355769243135343 
0 0.9222365947945244 0.5417039751359526 0.01467858354810673 0.05077948825553158 
0 0.9829041278044721 0.6203448944244697 0.03419174439105561 0.3613692324320883 
3 0.3434109240141757 0.7761184015549152 0.6868218480283514 0.44776319689016963 
3 0.5088592435909608 0.5416370482953463 0.05068136774752716 0.03467998463219841 
