0 0.7218398748632265 0.6251292403803059 0.08936227352967777 0.26636846086303473 
0 0.868569811690478 0.6597570838461039 0.13406618782009375 0.3590205813596128 
3 0.46406818703748626 0.5455005641527549 0.044177023415969005 0.03263869620024524 
3 0.6137082477762437 0.5715614287183454 0.1256055931483064 0.0863707890206075 
0 0.9645967191310376 0.53736263760648 0.010810536051129275 0.0430590920178595 
3 0.5668908501311404 0.5444606848867561 0.059973968736839044 0.04388432491207286 
3 0.4331903442379054 0.5406699746916467 0.040395182737902005 0.03561138724575547 
0 0.9159634015556043 0.6529552427667391 0.13016147741184297 0.31450449900218663 
0 0.9181069692382522 0.54219271395262 0.01479376818518375 0.051187231415505734 
3 0.34341837898898747 0.7761207474400719 0.6868367579779749 0.4477585051198563 
3 0.5088375572109315 0.5416223541148314 0.05068362937970534 0.03468694808755648 
