0 0.5830132195068246 0.6081015841208275 0.06385841996207496 0.20470207977341734 
0 0.6818773737305986 0.6328484980663811 0.09655759632510445 0.2745857595374671 
3 0.46331777327168383 0.5456379683200007 0.04409392163778158 0.03259760465062433 
0 0.9488785687208511 0.5365384978952701 0.01119708174091457 0.04473768732373186 
3 0.5668127568594509 0.5448479251043074 0.059940744092900004 0.04391761282816289 
3 0.43291394412843404 0.54111976950095 0.0403699115578442 0.03561163330314438 
3 0.7114933890100325 0.5771349348874361 0.14486250767262676 0.08706647899182415 
0 0.7425770017835608 0.6138447053394728 0.09136232776710813 0.24162030350653285 
0 0.9369892658885476 0.5360449785909475 0.01431234971984395 0.049388958020686574 
0 0.8669363816695379 0.6196248336427359 0.13123486624135156 0.3150797289882923 
3 0.3433667226552152 0.7762572893737186 0.6867334453104303 0.44748542125256296 
3 0.5087418542434269 0.5418155713549688 0.050686421220948005 0.034695733368658034 
