7 0.585814206020457 0.6613981217566088 0.828371587959086 0.6772037564867822 
0 0.4862506868554428 0.5402970537250391 0.0378404469842392 0.17408159889189145 
3 0.6859384330161988 0.5325697114218582 0.10024201503696852 0.1163419394363558 
3 0.11189345106236946 0.5276004519478924 0.122509715026629 0.0980802304478104 
3 0.390440725478956 0.5453901111790849 0.08170874654951853 0.0898094346724447 
0 0.1365012988288502 0.5317292481837023 0.05522506119164792 0.24121579346328378 
8 0.019106541252552293 0.8765524345853961 0.038213082505104586 0.2468951308292079 
8 0.9618899008244897 0.802596076924194 0.07622019835102066 0.20166609051343296 
3 0.20924620869828958 0.5260147531012463 0.11332218133246354 0.10707019763242095 
3 0.596693085724836 0.5445709130603635 0.07067233298292827 0.08635383956497422 
8 0.5522553168573137 0.5625281871045953 0.012811600339950147 0.04126119536405415 
8 0.0026978436707222587 0.8548524430313541 0.005395687341444517 0.23886690341451336 
0 0.136722032521296 0.5486921057031522 0.07056676805158056 0.2580534120710683 
3 0.4841951441613376 0.5367480589702802 0.07430171966841982 0.11085983402515309 
3 0.3061214134571162 0.5368687894784143 0.09091271091710987 0.07653521733707218 
