3 0.9437013911301882 0.5085322907290869 0.11259721773962354 0.08347586776126295 
3 0.5372796910254971 0.5140824621951299 0.04967469497279538 0.06980666589975884 
8 0.8821692858269086 0.6114949151562089 0.02612844299204369 0.07248861322703823 
0 0.835558269165818 0.5224247751235864 0.03541465873714017 0.1298857207221638 
8 0.6273016278576863 0.6318265591040955 0.03877341087854255 0.1001038025512571 
8 0.6591036197025895 0.6384576020348196 0.04193813881402413 0.1061294357489583 
8 0.5640306332345558 0.6106484114767634 0.034578708755599624 0.09082467234020473 
3 0.6104479520885626 0.5156681928071913 0.06004552334325453 0.0760387688420924 
7 0.8241011565060995 0.5476551064376033 0.35179768698780095 0.2298033184835167 
8 0.5922056482782457 0.6208287066611176 0.0362052009756016 0.09448665511380151 
8 0.9168020311058515 0.6194533771747693 0.03226745611126091 0.07580449708321617 
0 0.8712453102756236 0.5206357526183285 0.03209287916801941 0.13219673516453914 
3 0.6658952496929595 0.5250605172448369 0.055312203505845974 0.0561227526352977 
