0 0.4275412352227571 0.5808064576386572 0.03218637940833745 0.11834052150887392 
0 0.4948055419309256 0.6046737409243226 0.043523307969176556 0.13835512497375974 
0 0.6501742992655528 0.6109357943714439 0.05746908748689407 0.1723867220573952 
8 0.6621339582917375 0.6561925945490568 0.04832057877716167 0.10172928703452928 
4 0.516344800038448 0.5326438434072092 0.14705324581711615 0.11564729605695365 
0 0.8738252625806149 0.5452078207692274 0.012626658101983566 0.0513974823336056 
3 0.5668982332630796 0.5459614793015475 0.05981057871526048 0.04398323497818157 
3 0.7612220947028954 0.5861016821223654 0.1898243536001182 0.1239103135543896 
5 0.6329533813515478 0.5620203570364447 0.15788095746953523 0.11807161461144587 
0 0.5465343972567918 0.6057437454368927 0.056873682743390365 0.19040743642747132 
0 0.5437184089792405 0.6100196160383737 0.05077833929131906 0.16281987770680112 
3 0.8334835288125908 0.5713616360875514 0.15045378199235943 0.07859723828085849 
4 0.46901312900272724 0.5366697702932646 0.1403593383462035 0.13029234490867395 
0 0.5291277124311959 0.5929998807548041 0.041419573969906975 0.12720471944452116 
0 0.9860064891964055 0.5340440470238565 0.012872324198958864 0.044272694531991244 
0 0.5726901953414394 0.5904197887159431 0.06115628880542254 0.16081902245904417 
3 0.3433583143667536 0.7765409101521416 0.6867166287335073 0.4469181796957168 
