0 0.6865331663731437 0.5541099627782551 0.050461640165136434 0.16628734033394058 
0 0.4845944811642276 0.5384020427944735 0.02381731133401232 0.1258613286981458 
0 0.510522901141702 0.5495272467613909 0.015177485656115977 0.08269379247103176 
0 0.18194334405388726 0.6030601971145483 0.04328636292929751 0.0939866827533471 
0 0.5018860288388762 0.5411683807921519 0.02044508481261623 0.1055600144428381 
0 0.535226129340159 0.5363624983536608 0.025801214576467616 0.11351010995845216 
0 0.735973161601022 0.5668605629485571 0.07439409381655779 0.24413559363581996 
0 0.4396764140789624 0.5202298262303264 0.02897397203911844 0.0803690981375669 
0 0.11020868777751247 0.5998012211419148 0.03916763548069829 0.16186160358215104 
3 0.7226570216056617 0.692632013177441 0.5546859567886767 0.6147359736451178 
0 0.137378978503983 0.6004364874466246 0.03509007750789262 0.15165712825032174 
0 0.3004146618916158 0.6184422116271955 0.05731264034879757 0.15195025802231485 
0 0.6538634885654092 0.5298134858473814 0.053440852796652435 0.17193212186703924 
