0 0.4903485225495334 0.6046783614235074 0.044186800285805676 0.15606345848633763 
0 0.5557233971124604 0.6121392824064643 0.063206192046975 0.19460017177596026 
3 0.46380553711961936 0.5457833913876654 0.04414570560945102 0.03263281910940381 
0 0.8633873313719015 0.6467089538554777 0.09551209700510356 0.2533607712560519 
3 0.6162132579407829 0.5710669734289934 0.11121560392699223 0.0806437941795085 
8 0.8965233011501255 0.7043526686164748 0.08388849312820355 0.15313519913419682 
4 0.8963514617919043 0.5384331765142946 0.20729707641619144 0.17816488096519106 
0 0.9207520870240677 0.5446449788100637 0.011762975752298956 0.04734573897954401 
3 0.5669161226523436 0.5452120946388975 0.05989084188711189 0.04395836962882653 
3 0.43275820115457125 0.5415924949933223 0.04032757995755091 0.03560529756513764 
0 0.7750028305812475 0.6374469088179407 0.1062105236551436 0.32158514714412395 
0 0.7399927421413821 0.6327492838137848 0.08999048330173466 0.25717299912262426 
0 0.6007217680672123 0.5994721471970943 0.061177740436245076 0.17554941631724028 
0 0.9627038394109215 0.5415370994149807 0.013660902345094001 0.04709540277808603 
0 0.6849091256810153 0.5987827304580692 0.09097316517058268 0.23098199743443254 
3 0.9819422154801214 0.576305517488244 0.03611556903975711 0.11655405655527198 
3 0.34346081537588186 0.7763146453551162 0.6869216307517637 0.4473707092897676 
