0 0.5620692724608537 0.6075682005043874 0.05946482812606888 0.1942475189853033 
0 0.6503522922888879 0.6283801842219189 0.08903880639430427 0.25679919608318325 
3 0.46325208221393327 0.5457153106088635 0.044071340956124486 0.032585364822760046 
0 0.9436238824839694 0.5404777523199018 0.011283430108318697 0.04516747267465614 
3 0.5668999305970235 0.5449693293600378 0.05993195018982526 0.04392319935613412 
3 0.4329684482429269 0.5412767347546125 0.04036148595285674 0.035609834839099345 
3 0.6105609644894 0.5709635823678558 0.11720109722551612 0.07451834130064147 
0 0.7146643150915736 0.6108080917205996 0.08451346849268987 0.22682437621363652 
0 0.9436246409874768 0.5370688296544852 0.014199709244919631 0.048987814376058814 
0 0.8250260442665305 0.6121659982724739 0.12239771971559207 0.29768321578413104 
3 0.3434370397984376 0.7763021430471458 0.6868740795968752 0.4473957139057082 
3 0.5088376206318741 0.5418881144320448 0.05068619129519654 0.03469511620972096 
