3 0.11727560744490532 0.6077362819852219 0.12472367225615758 0.1144576783430535 
8 0.6138980101363208 0.6014097431048251 0.037181896861811836 0.07949628791197205 
3 0.4264646207588059 0.6071925449115692 0.11787892558462197 0.11097978339925166 
0 0.24144324400114756 0.6927128992741349 0.04440695914425177 0.19219518952345324 
3 0.32496638792898713 0.5940080252662348 0.10599501507295532 0.09432331588498244 
0 0.6728996342922935 0.6194725561965793 0.05256856759124233 0.14969893058057007 
3 0.35692876598105844 0.655166424858373 0.21110289776222768 0.1943708565461538 
0 0.7302587377584949 0.6101557137860192 0.041187583181810795 0.14928866992800371 
0 0.2562247002271122 0.672234867399768 0.05442688549594916 0.2320655019483558 
3 0.9639653918738844 0.6152101150763931 0.07206921625223131 0.1380189234493912 
3 0.2747113487843777 0.6206233949912012 0.1408028020645551 0.14365043412691295 
