0 0.4204719918531538 0.5771606657075009 0.030676889123568075 0.11330817055192086 
0 0.48221312302144415 0.5973330234667003 0.040532508973575646 0.12773912610278398 
0 0.6394301074005913 0.6049517290794753 0.046412440911431714 0.15824995029831276 
8 0.6427677274419201 0.6453211129844617 0.03818221795337039 0.09289909356626734 
4 0.48717146528899336 0.5308952600785736 0.13423132078814498 0.1077362164254481 
0 0.8625517217331382 0.545967645005674 0.012866850579870004 0.05254207731576779 
3 0.5669421737655514 0.546280688333754 0.059788297885231434 0.04398166381741596 
3 0.593344566870323 0.5794463043146522 0.12821891225079135 0.09455425540961736 
5 0.5261008462655543 0.5548234449280388 0.12228938635185543 0.09579978150489303 
0 0.5137456163196357 0.6043455553499242 0.05263780153408647 0.1737281315003002 
0 0.5188107904698053 0.6060581210792182 0.045559703995596126 0.14838067754054646 
3 0.6815160207860168 0.5688569562288273 0.11712653226693341 0.06689338877916921 
4 0.41392079582244123 0.5344279829718758 0.11340885108960613 0.11361400273307519 
0 0.5106400505674362 0.5898291495357804 0.03677359284667858 0.1189797075468158 
0 0.9946352584341477 0.5336058599911448 0.010729483131704569 0.043615507510702145 
0 0.5461386347095829 0.5910881629727772 0.05645963846635134 0.1502284261239978 
3 0.34334121999695494 0.7766738264021028 0.6866824399939099 0.4466523471957942 
