3 0.31680578724818753 0.5128682814283022 0.14670882675373173 0.16548942484106274 
8 0.8417827042661425 0.679807302290651 0.04667902379824426 0.11580603772530582 
3 0.00948484152914532 0.5321007830818227 0.01896968305829064 0.10357766798038269 
8 0.44879268538023087 0.8911406647363179 0.10161639212006676 0.21771867052736435 
8 0.7297295896432746 0.6372942257903792 0.038132079678767215 0.0986973079779087 
8 0.9676296104017591 0.4732443317794471 0.06474077919648182 0.20812632525112026 
8 0.6939783183456507 0.6309813708074611 0.03571713678917391 0.09635434384336602 
3 0.19992110450903133 0.5356297367332303 0.14694085066605395 0.12064867393280476 
8 0.6396249043400815 0.6196872015240897 0.0344217350839822 0.0906401925288901 
8 0.08276308495503759 0.5663202943567138 0.026211259371908636 0.05950139441634564 
3 0.07225824639274618 0.5335195806571879 0.14451649278549236 0.15782414973164566 
8 0.8714750128339895 0.7572683001239566 0.06250580645996635 0.171156561152283 
8 0.6651953332162028 0.6255888056377381 0.0349657824301876 0.09257227207810274 
