0 0.443636809838358 0.5894831756676745 0.03532501730914476 0.12847441803036802 
0 0.5197540308701504 0.6042711702303795 0.04920933578265896 0.15398325776093144 
3 0.4628459766577445 0.5475500585097858 0.04402061735691475 0.032636093823152364 
0 0.6986040439014206 0.6224413782718213 0.07007046251738913 0.19770399671363798 
8 0.718408874445272 0.6772772960030198 0.06012740188465898 0.11795090535539872 
4 0.6207843052145386 0.524265268123371 0.18861157626526442 0.1379046008798673 
0 0.892880425907311 0.5457544764700064 0.01228430063293132 0.04973598585320335 
3 0.5669782033839266 0.5462577774296596 0.05985489840397854 0.044016914275720374 
5 0.9084378049457701 0.5670022452505173 0.18312439010846007 0.18143943506558532 
3 0.4331854704042915 0.5417377720509893 0.040396945986919876 0.03563469853361173 
0 0.6065653589547644 0.6235240252066301 0.06949903314614211 0.22368124632402436 
0 0.5780094583702795 0.6052987485560706 0.05932993658784625 0.18555746696955408 
4 0.6817240942628535 0.5466847377446974 0.24079278611498658 0.19979803424651676 
0 0.5487243668119699 0.5947287953997584 0.047278245587369344 0.14213383772640484 
0 0.9789884914704646 0.5419440045538522 0.013173207846305815 0.04535323371631787 
0 0.6091225698658221 0.5901461686984888 0.06980361496563667 0.18099437345162167 
3 0.5240568758776643 0.5616715247807116 0.0933868607317529 0.06415848563221711 
3 0.34355688503618254 0.7768414424424388 0.6871137700723651 0.44631711511512234 
