3 0.047076710932782116 0.6191035978294694 0.09415342186556423 0.12149437441377049 
8 0.5478318318635083 0.6121774126483309 0.04022959324764642 0.08488515889100945 
3 0.35259838052656584 0.6188040909937444 0.11960320654643457 0.11862281795359106 
0 0.1589414996710589 0.7106049514087922 0.051416999134852405 0.2157178033302532 
3 0.25847117034282024 0.6040218762759436 0.10750340443186883 0.0996237963860627 
3 0.19565236295231256 0.6039392986087081 0.10723875711006044 0.0841487491221791 
0 0.524973242873504 0.6350750929024065 0.06289186334394507 0.17714520272605172 
3 0.2268343196457579 0.6771828961027768 0.2143303937402844 0.21974888047642335 
0 0.5998695155875862 0.6354109650342115 0.047809295648862785 0.17477142837546233 
0 0.18361810770311188 0.6923680150462923 0.06429934108398888 0.25501664762348275 
3 0.9377634025314799 0.6293933204028864 0.12447319493704001 0.15345297224566265 
3 0.1743664004385202 0.6305124355754416 0.14137339650747868 0.15525075209922667 
3 0.9417138937267494 0.6546890954903276 0.11657221254650126 0.2224225017799122 
