0 0.8241159854542619 0.6345594433031558 0.10791203574775253 0.3070561110441281 
0 0.959663786887339 0.6728955823740654 0.08067242622532206 0.40659471996063234 
3 0.4644778494964988 0.5455412642992664 0.04421681314203255 0.03265966954443621 
3 0.796391542968019 0.5858201330258355 0.1869729934782049 0.1166847764157952 
0 0.972167179597464 0.5351523984963903 0.010641705737527048 0.04230422973052327 
3 0.5669908268838157 0.5443613102595157 0.05999140302239894 0.04386945937594507 
3 0.4333740417607168 0.5405530932184746 0.04040749656835914 0.03561218688172214 
0 0.9814242639860763 0.6476623838923888 0.03715147202784763 0.34541588646938964 
0 0.9095952300099149 0.5382671662020271 0.015032129497285211 0.05200775178190055 
3 0.3434826623402242 0.7761198747352054 0.6869653246804484 0.4477602505295894 
3 0.5089337428363965 0.5416287991708669 0.0506826442318193 0.0346839328875441 
