0 0.5005291455351712 0.6059990300884269 0.046350942861261756 0.16248933988343153 
0 0.564253805256693 0.6154905272720278 0.06707977299523002 0.20575693976324855 
3 0.4642005597314087 0.5461018769016968 0.04420052936934624 0.03267038547036274 
0 0.8969943831788761 0.6457157280078032 0.10108262573247402 0.26460671078441794 
3 0.7049170221838383 0.5738064257611724 0.13577513589879076 0.09232158023349023 
8 0.9492971850515042 0.7110469704255914 0.0909155508504601 0.1627393004659445 
4 0.9368589908342803 0.5221157376299271 0.12628201833143948 0.1768421859078286 
0 0.9260439071946129 0.5450949508622475 0.011666986509154357 0.04690037058327189 
3 0.5669341102733177 0.54550026220529 0.05990544225385129 0.0439673274114936 
3 0.43281918498655614 0.5418167315711702 0.04033923474672193 0.03561488396001563 
0 0.838552602713224 0.6443397687695553 0.11832052318209663 0.352242719710985 
0 0.7920026575902134 0.6431545543484285 0.10000627883357453 0.27824399897347424 
0 0.6210233012617196 0.6018583898572007 0.06502275810626643 0.18413806131770616 
0 0.959586380600415 0.5425396135669339 0.013765594595888758 0.04746955512605704 
0 0.7057796641988279 0.6056303859437194 0.09688505227670177 0.24453976222677068 
3 0.3434968370567714 0.7765330114531396 0.6869936741135428 0.446933977093721 
3 0.5088533541688337 0.5422093071006708 0.050691536802239055 0.03471193902645647 
