8 0.6645278709521338 0.5941095626739302 0.03527037715410572 0.07581493952662881 
3 0.48278797236307336 0.599968718787476 0.11720281955031425 0.10589916880053092 
0 0.29519133996478963 0.6721999616961363 0.03916712162464666 0.17718982500763722 
3 0.3753450922411066 0.58866960167977 0.10473057454265565 0.09091437261797555 
0 0.7727896126766917 0.5982144447396652 0.0470378164672367 0.13247289943896723 
3 0.44335701450401116 0.6392224734901327 0.20752788578775538 0.17868067942657945 
0 0.8134150010088237 0.5900775285071777 0.03868225700278004 0.13623478767967956 
0 0.30621733016444397 0.647445747110674 0.0494416176672949 0.21424213878012677 
3 0.9856367655262176 0.6022698969736577 0.028726468947564997 0.12378848082696979 
3 0.34764591255496335 0.6125742604874805 0.1395680375372157 0.13588671240763334 
