8 0.9908069534828995 0.5984410374615363 0.018386093034200995 0.061786134481969394 
0 0.9195416976280211 0.5219270686865393 0.03331097332635025 0.11623820040008329 
8 0.8168137511195166 0.6116931063656625 0.03289956881277704 0.08077227906791652 
8 0.8535592960297135 0.6176332839129264 0.03577609671507119 0.08459168896360615 
8 0.7497449967312113 0.5955783359416592 0.02850893200882993 0.0747266292919883 
3 0.6762632926971722 0.5150541752608724 0.06469395731312687 0.0714627444373618 
7 0.8786491002900673 0.5454518596412358 0.2427017994198657 0.18391674857530216 
8 0.7814737594814907 0.6040503729595564 0.03137608367849623 0.07708137528583058 
0 0.958261830304553 0.520867455023829 0.03140927075855544 0.1177948186624034 
3 0.7283147006340067 0.5242647160133098 0.0590005309694412 0.053393744692156325 
