8 0.6407659899599328 0.5966995103510496 0.036165550849527155 0.07753083385801036 
3 0.45632987867253216 0.6026368555836586 0.11757997895142751 0.10828792862535358 
0 0.27205462817902687 0.6810131547219781 0.041233764189770636 0.1840049245751935 
3 0.3516308132913544 0.5905103468717824 0.10534148000024854 0.09252694212393414 
0 0.7269110332341668 0.6124224869267658 0.049511878482786216 0.14053396748241545 
3 0.40383370344202163 0.646303944401939 0.2095041011646484 0.18559708521319318 
0 0.774906273301724 0.5984558138776692 0.03927830436079475 0.14174833854202942 
0 0.2849296699477679 0.6585813513397347 0.051324814955241965 0.22261272122559206 
3 0.9750909243611756 0.6074672935974742 0.049818151277648756 0.13071943551437565 
3 0.31364964761235603 0.6156766274539813 0.14013139951122913 0.13950713325552094 
