0 0.4107689992250596 0.5761021398741634 0.028661678856677215 0.10666124064778873 
0 0.4542884972186594 0.589067315499998 0.03678916594797073 0.11584745000694965 
0 0.6103543338093234 0.6017333927213302 0.04039809729574913 0.1418772281819662 
8 0.6150056919452099 0.6307785898839778 0.03295822107009393 0.08221056027706103 
4 0.4663597800134929 0.5297549865650094 0.12697899721583164 0.10359478321031507 
3 0.5669155021053552 0.5464163332619517 0.05975598213575324 0.04398658143986981 
3 0.49909961455728435 0.5663337784514179 0.09641901337846698 0.0756510324346017 
0 0.4646815092108847 0.5987962292432111 0.04543372386259875 0.15291587362536663 
0 0.4780821427544437 0.603807521805314 0.03852574728774272 0.1289779469427307 
3 0.5810059653213115 0.561782702704963 0.09563615605310205 0.05767313269890432 
4 0.37483940893226875 0.5333778118079464 0.09649271297867891 0.09984996710957204 
0 0.4915334546645764 0.5855909692180902 0.03069424895614887 0.10823160180488571 
0 0.5112639720015152 0.5918572215900663 0.05026018245361485 0.13582529964047657 
3 0.3432889156832738 0.7766756734066319 0.6865778313665476 0.4466486531867362 
