0 0.4171272682496435 0.5754135686925891 0.029977998343033576 0.1109485244376789 
0 0.47583175286367574 0.5945786582291587 0.03962162143256208 0.1235465429262917 
0 0.6290093266064605 0.6038842799509655 0.04422845264759175 0.15238491853188843 
8 0.6328081007582073 0.6401939144604074 0.03627916446770023 0.08904776220777573 
4 0.4776751836194618 0.5320987664813364 0.13077752095612113 0.1057319465930329 
0 0.8573584858206041 0.5465689389816645 0.013069091338242345 0.05344015018176555 
3 0.5669201483064314 0.5464162293063223 0.05977803680626842 0.04398670111588349 
3 0.5557200403355199 0.5763816415990066 0.11310863751598667 0.08570272979981862 
5 0.4891688128912072 0.5527163367372014 0.11038241672364649 0.0884952368654061 
0 0.49602101127871095 0.6024101487895466 0.05000453066895922 0.16618732899566863 
0 0.5023724534207159 0.6084219153755035 0.04269195943799666 0.1407245271481578 
3 0.6319202484095733 0.5665446179765938 0.10633668746708878 0.062474721230911426 
4 0.3970228147588593 0.5338712759203941 0.10712755776770948 0.1077969222937491 
0 0.5031785876325983 0.5884303727163026 0.034636701149197084 0.11519909837268662 
0 0.997670173402462 0.5344356305046654 0.004659653195076032 0.04311703847794598 
0 0.5341024043434491 0.59138332397608 0.05437016193285579 0.14543490747427357 
3 0.3433257764361757 0.7767274714976603 0.6866515528723514 0.44654505700467934 
