0 0.08326596365837809 0.6293926756332464 0.0656937546884134 0.25995968567896566 
0 0.041878206043895715 0.595639091054042 0.04067014798620125 0.16982836594670017 
0 0.13979674977501652 0.6082549036097343 0.022243181869432364 0.10598638995878275 
0 0.9998769746452522 0.52026160236887 0.00024605070949590413 0.010378966548057192 
0 0.12468601808172355 0.5963853856214212 0.03099086294061186 0.13626666595964285 
0 0.3680101510795192 0.5582630731814576 0.02602466619351958 0.10672102267796364 
3 0.9931714730205471 0.5376888046684268 0.013657053958905721 0.07441979070916938 
0 0.16476487507736945 0.5914175446795433 0.03869529030435984 0.14673874224593425 
0 0.18681250701586868 0.5594508742422203 0.030675600336411115 0.09410781238665575 
0 0.9897148394559091 0.5380391155571165 0.020570321088181912 0.09821758817399516 
0 0.07077676032023318 0.5992386237959123 0.06993824037437697 0.26356601173483035 
