0 0.5110920737782996 0.6064358462246561 0.0487288151880454 0.16835247426511596 
0 0.5784204448380802 0.6178750978860063 0.0709991346614862 0.214821140020836 
3 0.4639134267282069 0.5461441375289654 0.044158548954221714 0.03264513415565615 
0 0.9396336355821714 0.6546804000188563 0.10766411953115224 0.278119337814619 
3 0.7887037490023009 0.5850650690937419 0.1608236901560406 0.10477331106600016 
8 0.9737647282844337 0.7136076469917321 0.052470543431132624 0.16531904318637128 
4 0.9744717759710065 0.5087624808973936 0.0510564480579869 0.17686161669429357 
0 0.93021609114727 0.5451354492581788 0.011588216788468345 0.04654760256979134 
3 0.5669534957494143 0.5455399407448263 0.059911816759286224 0.04396105947822681 
3 0.43287452879510313 0.5418424661991165 0.040344065870306166 0.035615120608725556 
3 0.4666920960184092 0.554854658527707 0.08222309311533926 0.05576868466062668 
0 0.8982511529475649 0.6505749091476705 0.130029391574283 0.3812733165658028 
0 0.8399116087606107 0.6522708359787317 0.10957889303842067 0.29777485981998675 
0 0.6387663607053566 0.6036780616939478 0.06842363760235998 0.1916238538535279 
0 0.957085378608879 0.5430297419720069 0.01384775576152407 0.04777059714965503 
0 0.7268775572234604 0.6057959803563333 0.10138980448372621 0.2542139557494068 
3 0.3435081650808211 0.7765736186527249 0.6870163301616422 0.4468527626945502 
3 0.5088789125567039 0.5422787293518603 0.050690890472822686 0.03471001434607792 
