0 0.47225577222721515 0.6028944271035713 0.04042808139329189 0.1446340500285243 
0 0.5413213870173406 0.6072201350316128 0.05669676377678592 0.1756059238117524 
3 0.46309330985429725 0.5457976596262857 0.04404339270834122 0.03257582818614992 
0 0.7831030053827516 0.634692119367854 0.08351518526722941 0.22777974194232703 
3 0.4940078242598315 0.5572810641808654 0.08106242620858155 0.06373941979655873 
8 0.8203504295761778 0.6962620884696814 0.07363813727955588 0.13860326431474657 
4 0.7962025946057457 0.535892624017349 0.2746727624517938 0.1720397875040832 
0 0.9099820163267789 0.5447701388618689 0.011965607967935625 0.04827301144801507 
3 0.5669941066816476 0.5454098833660155 0.05987487405543505 0.04397396066703089 
3 0.43288763035049166 0.5415981411184871 0.04033750101613933 0.03560926362481755 
0 0.7006179118933987 0.6178403141106906 0.0881758052953316 0.2726653184700996 
0 0.6576480859790744 0.6195927021249208 0.07357736607367081 0.21994204596232028 
4 0.9919890478055716 0.5179949318548598 0.016021904388856853 0.2797925986154786 
0 0.5729998746701761 0.5963439010407806 0.05476318511838642 0.16066122657509657 
0 0.9689018016120972 0.540583431691931 0.01346104126489891 0.04637411352717689 
0 0.6491160469354125 0.5881042701066074 0.08107193353366327 0.207925143262674 
3 0.7462840492838839 0.5744902934176621 0.15682924014164953 0.09441439812286452 
3 0.3435208360727566 0.7763768000904837 0.6870416721455131 0.4472463998190326 
