8 0.7379986977942449 0.5746552807255344 0.03243374438311335 0.07030724966466677 
3 0.5637355901908638 0.5799097604617147 0.11427621871755023 0.09856150303795662 
0 0.402646167071925 0.6416562890418294 0.03937676907968246 0.15707918707810872 
3 0.4524195378698515 0.5726578649819587 0.1029665939762581 0.08580970171710772 
3 0.9283280651360823 0.5822341798774174 0.14334386972783533 0.2053298031898855 
0 0.8932021531193789 0.5721520130549176 0.04044261378270662 0.11179320231931185 
3 0.561765486727386 0.6118460461828293 0.19804358890096566 0.15680252166821176 
0 0.9210606746022191 0.5702381886541833 0.03620705606351237 0.11955209129283548 
0 0.3983025004658511 0.627608305364881 0.04639443555625 0.18976132355423123 
3 0.45335752100580373 0.591575913636755 0.1367085451151067 0.12378659311554809 
