8 0.3743824789711928 0.6387675884076625 0.04822641376399467 0.09884055214153123 
3 0.1653355247893894 0.6457817161194104 0.12228758113639006 0.13810839470732086 
3 0.0932384181905779 0.6420427952316659 0.11075015203391406 0.11503598866567952 
3 0.04994216079398589 0.6224788183961335 0.09988432158797178 0.09381951431858776 
0 0.045205794523294804 0.7168542551827651 0.09041158904658961 0.26496388532501125 
0 0.8028337878396784 0.6006756336629726 0.02890810327239535 0.13870027813833266 
0 0.1777377806971243 0.6912691203040721 0.06720456909019855 0.2538710100058313 
3 0.8431872691071707 0.6619562601435844 0.24601960402046402 0.1895723292691289 
3 0.7739918571868429 0.7150130331297105 0.4520162856263143 0.30603653104217227 
3 0.9631515097927731 0.5957227675200385 0.0736969804144539 0.16804953785040752 
