0 0.46188358140282737 0.5984197611390861 0.03858445395444491 0.1388223535951368 
0 0.5350049377505955 0.6056575132849706 0.05393580043651532 0.16744096297431188 
3 0.46263438976398774 0.5462620035489911 0.04399752769243307 0.032558773505492945 
0 0.7498697426842735 0.6312029278345307 0.07855536172449291 0.2168333161229453 
3 0.45639048345652283 0.5572195026421977 0.07293463914895576 0.059298223071154815 
8 0.7875081165716769 0.6871791932423177 0.06944990592327628 0.13224526605712286 
4 0.730676442232559 0.5336091329183497 0.24323247481283972 0.16139313561024968 
0 0.9043197548903353 0.5454991732722685 0.012070104456821867 0.04875170693345183 
3 0.5669229494299894 0.5460124111757623 0.059870604521292 0.04399893634158319 
3 0.4329129564834042 0.5419208838230873 0.040360866029177274 0.03562365984052418 
0 0.6643773437802424 0.6176087821159779 0.08051093311195104 0.2532791874788245 
0 0.625555111083277 0.6175966119165226 0.06866015256169788 0.20920802371714228 
4 0.8893062081760056 0.5336725547312926 0.22138758364798905 0.27703028575852284 
0 0.5644106430877716 0.5956447563084976 0.052046001213391695 0.15418752814799327 
0 0.9725150945229212 0.5389768937350079 0.013365326728619209 0.046014426031127806 
0 0.6345272444297053 0.5891949711931811 0.07694523720450988 0.19809725452509427 
3 0.6540600210106869 0.56952783137253 0.1288920554996097 0.08186622056607455 
3 0.3434963639154421 0.7767322323162564 0.6869927278308842 0.446535535367487 
