0 0.6437541757555828 0.6156229418709916 0.07468225455111956 0.23138113547619082 
0 0.7650532448901766 0.6435398362775199 0.11234048875625291 0.3117407290416899 
3 0.4637354151961281 0.5455839232530616 0.044135468613712446 0.032619415545884496 
3 0.4857260192659764 0.5599027403343528 0.09105143183754941 0.06644185453847108 
0 0.9569357628435387 0.5378425210362281 0.01100167404108646 0.04389158042612817 
3 0.566893640981331 0.544675012081401 0.05995870656930329 0.04390364171976406 
3 0.43309797780924086 0.5409077102977464 0.04038287626111881 0.03561276611523024 
3 0.9574321768683746 0.573153766466035 0.08513564626325092 0.11432831326432083 
0 0.8201169950345701 0.639250325716733 0.10872851846845265 0.27519175555792375 
0 0.9261641406134931 0.537785072833731 0.014571361758192012 0.0503392953709172 
0 0.9540658395017525 0.6264875995006454 0.09186832099649507 0.3631932963190393 
3 0.34342923295363986 0.7761948112922312 0.6868584659072797 0.44761037741553755 
3 0.508832452500704 0.5417253199540997 0.0506853554829182 0.03469237737924465 
