8 0.7057619188252997 0.5807879021387476 0.03372074103773358 0.0727389268124401 
3 0.528117409596354 0.5866888697820652 0.11574074195556264 0.10189391113742115 
0 0.34457434475282794 0.6537341679941723 0.03893674957294394 0.1666375217095842 
3 0.41801586594907186 0.5779352513318721 0.10389185721300848 0.08818793408576336 
3 0.9346849610315016 0.5907575164881101 0.13063007793699682 0.22746477056938905 
0 0.8482958158357589 0.5763322343544207 0.043030155767288816 0.11917526862799548 
3 0.5107713222973455 0.6208256653455265 0.20275076658634889 0.16630866793717639 
0 0.8793443786299575 0.5772419412890389 0.03771935790817963 0.12619515412318738 
0 0.3466579964044691 0.6374477771996262 0.0467840529100728 0.20049062599429848 
3 0.4081865017020354 0.5991610216138638 0.1386712146039305 0.1295185349593081 
