0 0.6116957124841267 0.6115755543258309 0.0688771643342239 0.21713447601428482 
0 0.7224257012127305 0.6367174398075295 0.10379828164853393 0.2925296458791798 
3 0.4635887570306727 0.5455636102754192 0.04411244960019566 0.03260309432692616 
0 0.9530231992769091 0.5370401115337168 0.011096778581766956 0.0443100814276351 
3 0.566918143443722 0.5446785648681127 0.059947290690246506 0.04390105016220042 
3 0.4330746582686012 0.5409734319321168 0.04037364685865327 0.03560734031448185 
3 0.8430920335596327 0.5829254811497798 0.18487862952454975 0.10498703902033975 
0 0.7790567959701218 0.6255877825631253 0.09941574926038711 0.2573388640013788 
0 0.9317072925007858 0.5373769953978137 0.014439274096595369 0.04986619395900637 
0 0.9230028074776118 0.6229896507890331 0.14349227549478372 0.3388312231944447 
3 0.3434256065332986 0.7761784622820487 0.6868512130665972 0.4476430754359027 
3 0.5088504330998992 0.541712835784574 0.05068371387833608 0.034687300405967104 
