8 0.6838813071913333 0.5895220955364666 0.03453796399585769 0.07432169693102676 
3 0.5037636112035857 0.5958058449899146 0.11654616004951514 0.10406147721951388 
0 0.3149865525648642 0.6656703247428657 0.038257637865689066 0.17259687567111237 
3 0.39482166902640264 0.5854796416555043 0.10429129269430504 0.08962746839324887 
3 0.9875678927153377 0.605756686771545 0.024864214569324476 0.239484599803962 
0 0.8105193859364757 0.5865488800081721 0.04502582195743031 0.12572550629143608 
3 0.4760494773063098 0.631019911317068 0.20595610324062796 0.1731460534385382 
0 0.8453796795570022 0.5868930598457522 0.03822519235130116 0.13135248230942256 
0 0.32124621806700715 0.6391454686239842 0.04821414716029246 0.20800183810869385 
3 0.9947487281034211 0.5946814236196181 0.010502543793157884 0.1180421925242099 
3 0.37560514948619955 0.6082562558556518 0.13916276478858833 0.13295277583198767 
