7 0.3426605536182201 0.6270438297642301 0.6853211072364402 0.7459123404715398 
0 0.2487138952377547 0.5472393809229481 0.051388198414219204 0.21125318754551212 
3 0.5869402489818497 0.5304679079194762 0.08745593194796043 0.1297764663501673 
3 0.015095286855252077 0.5240665358092567 0.030190573710504154 0.0959334402134336 
3 0.25754379643899433 0.5438936280639058 0.1153620664220287 0.09951522519926762 
8 0.9979200269645004 0.6043757889315596 0.004159946070999183 0.06441808655493497 
8 0.4152504466636245 0.9157330693267196 0.12101619989302094 0.16853386134656073 
8 0.9753747035861426 0.6080793855751452 0.023601615105571343 0.0658848160722126 
3 0.06640169415788254 0.5272773232235711 0.13280338831576508 0.11938214428122945 
3 0.48180394668768045 0.542450356992138 0.06678874390928392 0.09522891191814879 
8 0.9283024821433823 0.5997778416648433 0.023191501931662514 0.06309442597110446 
8 0.893902404948193 0.832640373856618 0.0874915638553533 0.2198351498118801 
8 0.42509096904145416 0.5654485848089705 0.015955205884516203 0.046164414340799896 
3 0.35800738274574373 0.5348009020212111 0.10717589048291888 0.12452271135389947 
3 0.1665263812099757 0.5386604792452788 0.12430119805083059 0.08487140376621881 
8 0.9538368264903935 0.5982413686193248 0.023152867445241015 0.06380125935454437 
