0 0.452447172906607 0.593652912834553 0.036881875966835904 0.13344647620938152 
0 0.5293151533064975 0.603650532121061 0.0514117800328448 0.15998869321122844 
3 0.46209237879016735 0.5467292617900211 0.04391967650929942 0.03254541186055696 
0 0.7196506604388303 0.6274729959945947 0.07412882164182008 0.2069006592303129 
8 0.7484534388729708 0.6757375789162168 0.06464643254324116 0.12471144690634788 
4 0.6649855440068483 0.52817499651917 0.20980957954258067 0.14939441898579023 
0 0.8986904184791172 0.5454826637790985 0.01217711701691286 0.04923965770115179 
3 0.5669824067974375 0.546020774912727 0.05986287537301884 0.04400658389176373 
5 0.9906509868820951 0.5544104918719486 0.018698026235809947 0.17941165246201118 
3 0.4330792378176811 0.5417106751159315 0.04037813855855319 0.035627834644779074 
0 0.6261262385805944 0.6351069408459443 0.0732065453449291 0.23436594485461493 
0 0.5964457875438337 0.6150291525723305 0.06429721416801897 0.19944748301206214 
4 0.8055531361487595 0.5434639953485805 0.31872222045170534 0.24658716182982288 
0 0.5563050748400238 0.594984090377256 0.04955470795562967 0.14790806491081362 
0 0.9762370830558638 0.5377567208689891 0.013273039046500656 0.045669566906408235 
0 0.6212810257379263 0.5895425982817641 0.07319581121472375 0.1891462542796306 
3 0.5855303353150627 0.5655216763279628 0.10992160820673746 0.07265652832754395 
3 0.34354415610515476 0.776706017320087 0.6870883122103095 0.44658796535982603 
