7 0.8015277294426383 0.6380508862934006 0.39694454111472327 0.4615898400356144 
0 0.6513717320947758 0.5344101992244247 0.029771188387809035 0.14896688337455746 
3 0.7678348827040558 0.5329546898596678 0.10762304018876762 0.10607463313060836 
3 0.2467472769966792 0.524688049590322 0.08977939097804732 0.08917144615925256 
3 0.49844839382673345 0.5448541827217876 0.058354146328582386 0.082302666748909 
8 0.14105147996876838 0.7213892052537995 0.057056005935745606 0.14846039024965257 
0 0.41323553928870604 0.5310097888161425 0.04556449098823933 0.19707585135422057 
8 0.5948962672604469 0.7557185487583054 0.05710080055768557 0.17175010811206626 
3 0.3362189146141644 0.5255641318091396 0.08230302446346599 0.09717044025993213 
3 0.6874713388895961 0.5448416647857742 0.07888382289121225 0.07957135624485798 
7 0.264664595446709 0.5694638628642352 0.37485617206329686 0.475038090903143 
8 0.6546398904350946 0.5586486440983031 0.011295989468891036 0.03748456993015364 
8 0.5541292576523257 0.7436785926720056 0.05763162035097991 0.16044774557329725 
8 0.12776859686831146 0.7477802764257813 0.06405555857616456 0.1626686236592784 
0 0.42637700151932734 0.5453367192669536 0.05457568612317097 0.20865262999319992 
3 0.5905185563497511 0.5366172275962164 0.06103496501898256 0.10043408009188208 
3 0.4193606760632277 0.5355964511674375 0.06720220895684001 0.0701519156387348 
