3 0.08253110669921991 0.6133578279710193 0.1244936238851559 0.11747014149142962 
8 0.5869529552835622 0.6064703133128796 0.038455769415238164 0.08172330012990194 
3 0.39614868468188535 0.6127393010113111 0.1186477695461813 0.11410916318156075 
0 0.21632556702378797 0.7004434578577272 0.04556616982813672 0.20200710425704124 
3 0.29762312938031854 0.5989280132299046 0.10664188709774255 0.09654303252993959 
3 0.23166700222352632 0.5991971464002009 0.10636092339189573 0.08175871908436635 
0 0.6109371579015185 0.6274156184785582 0.05668864621757159 0.16113557956771957 
3 0.3036463206903645 0.6646981568254622 0.21237871092358412 0.2041693613087024 
0 0.6806733947255673 0.6229019922423539 0.04371138640430331 0.15861936644781255 
0 0.2347063896672993 0.6810959016179045 0.05887707375072214 0.24124127385908234 
3 0.953004728866579 0.6221382551086989 0.09399054226684214 0.14591986440861981 
3 0.23361630655210167 0.6231489430263145 0.14105514631398777 0.1482695952029324 
3 0.9777743210929307 0.6332134132751677 0.04445135781413868 0.18901686736756737 
