0 0.542967361898385 0.6071534124579544 0.055517813121787184 0.18479771958068833 
0 0.622197725613275 0.624520857078604 0.08234982343884326 0.24112663519006283 
3 0.4630092050275653 0.54580339522003 0.044052113358560095 0.0325775368031816 
0 0.9919818152924293 0.6545213450684947 0.016036369415141537 0.2913768752402452 
0 0.9406125355416532 0.5447116336177351 0.011401810903965241 0.045702412294098924 
3 0.5668256444766 0.5451404390221958 0.05992429568898338 0.043935533605667966 
3 0.43284833342279827 0.5414402749267769 0.040356760162089604 0.03561180008437576 
3 0.5549402938823702 0.5649267457448963 0.10412797464310217 0.06750061383012709 
0 0.9667410004992562 0.6651427141472698 0.06651799900148773 0.348905004571062 
0 0.6896396694875833 0.6082140879069575 0.07857813671236613 0.21372120854381194 
0 0.9499127861825065 0.5406015430670209 0.014087958468337405 0.048611864651310774 
0 0.786853072980136 0.6055907929815263 0.11459885218777259 0.2820635553859012 
3 0.3433897886154258 0.7763805840516361 0.6867795772308516 0.44723883189672786 
3 0.5087599463711752 0.5419991592822415 0.050687797243379365 0.03470016400304859 
