0 0.4313232767273427 0.5829715862956921 0.0330141746242937 0.12103985284486365 
0 0.502510908699617 0.6044574551702724 0.04527915417457912 0.14320164794623982 
0 0.6619230338097148 0.6146781267002781 0.06259292817602784 0.180181282326725 
8 0.6760681563299724 0.6642886499140941 0.05318346293698298 0.10685541862904795 
4 0.5475478252367928 0.5300689988563457 0.1589975714139942 0.12222160052676428 
0 0.8807933125963021 0.5451580181920134 0.012495238961618754 0.05074845948451279 
3 0.5668924269182597 0.5459833115825212 0.05982720846277133 0.04400136687977522 
3 0.8884825834020907 0.604069795364064 0.22303483319581874 0.15214565285324447 
5 0.7238594603231983 0.5678427136394624 0.18994367629952386 0.13427131415851276 
0 0.5610510340894083 0.6052840078784163 0.06079165922729821 0.2000390164021759 
0 0.5538237404834079 0.6111611731212512 0.05299844852053539 0.16878648405454574 
3 0.9294941997803136 0.5688903504089188 0.14101160043937286 0.08188836076067718 
4 0.5132363633628015 0.5389958827856188 0.15929958719872458 0.14334240771214235 
0 0.5351601997426794 0.5934266628546085 0.04322745702010131 0.13182031098396357 
0 0.9815375422447531 0.5368736490235049 0.012962364545560235 0.04459523477793002 
0 0.5874338782624026 0.5902882035042876 0.06382229188988184 0.1667084852470359 
3 0.3434221647250427 0.7765950819700967 0.6868443294500854 0.4468098360598065 
