0 0.48084944457202206 0.6037261393540054 0.0422171787719472 0.15012688097906499 
0 0.5480714120686192 0.609507223774249 0.05976316491692067 0.18460210928320256 
3 0.4633697016500652 0.5457796651002575 0.044093958426748826 0.03260051325250383 
0 0.8194649464635242 0.639030851919518 0.08908318535925971 0.2398499098867813 
3 0.5485360456049883 0.5654214989941433 0.09402114977689145 0.07142718285483922 
8 0.8530900396043668 0.6997567687924071 0.07827856975708158 0.14542735433465573 
4 0.8598542946664666 0.5386323572640388 0.28029141066706703 0.1815114997606688 
0 0.9153157570380437 0.5446300630258937 0.011859981005508757 0.04780153614770313 
3 0.5668712058735873 0.5452814197748213 0.0598797934552988 0.043959056799669216 
3 0.43266794482849164 0.5417127948642533 0.040319407750281686 0.035601738366178214 
0 0.71758332362552 0.634338704068626 0.09550163790713896 0.29410912004536127 
0 0.694818231126491 0.6242098611502969 0.08165385234723531 0.23903570815131364 
0 0.5821600959040436 0.5976741303067138 0.05774295926968755 0.16772192256216284 
0 0.9657057042017428 0.5409558447724745 0.013556226046173236 0.046726963927040906 
0 0.6660183443443995 0.5931586086897429 0.08572758129571469 0.21884244681820966 
3 0.8985595600961923 0.5854954636636842 0.20288087980761546 0.11671302051082269 
3 0.3434084969458727 0.7763246801892765 0.6868169938917454 0.44735063962144705 
