3 0.4617808480336551 0.5279007376541954 0.09109318669634085 0.1451909953400791 
8 0.9971559793337579 0.6522850854681412 0.005688041332484346 0.08528623959321092 
3 0.11269345217661032 0.5480106611671255 0.15780681402122151 0.11083264411029618 
8 0.9379850787382981 0.7839026407508151 0.06692563745760693 0.18301932295593523 
8 0.9010993191339327 0.6292264067049227 0.030607421194894614 0.07892120496168244 
8 0.8662531696356703 0.6271991533403164 0.02809158098095324 0.07761658161162245 
3 0.3607237751081262 0.5474267804891081 0.09717627910174802 0.10543081446188814 
8 0.8157025114315193 0.6168595415416674 0.02741636166776786 0.07379146437355681 
8 0.3055429594783821 0.9346650474929958 0.10930928221745526 0.13066990501400824 
8 0.28422944928224836 0.5757850904341661 0.019951806040128056 0.05173703089389442 
3 0.21881943454834177 0.539270634913959 0.1498488044720469 0.1404264086948425 
3 0.0495436708266811 0.5460341240217014 0.0990873416533622 0.09407220374962624 
8 0.8403190309976413 0.6221375385099346 0.027568265651707835 0.07507974700783861 
