0 0.8925574938303867 0.6386385880501836 0.11989337486913158 0.3311072822335488 
0 0.999005447084644 0.6660341431552236 0.0019891058307121056 0.4025172334966647 
3 0.46456951282919934 0.545478036246024 0.04423960963985515 0.0326736572192108 
3 0.9279806924200039 0.5867972686892547 0.14403861515999225 0.136542471941772 
0 0.9764880058481719 0.5349614094240794 0.010554780080270235 0.04191441500542004 
3 0.5669159339237302 0.5442368444560929 0.05999994325291127 0.04386488305534922 
3 0.4333449207492122 0.5404070748262861 0.04041596333364495 0.03561534430484162 
0 0.9048638787645862 0.5333589170556924 0.015160581457487013 0.05241764836118294 
3 0.3434354338191263 0.7760737131797141 0.6868708676382526 0.44785257364057185 
3 0.5088633162894048 0.5415519075453541 0.05068314660351838 0.034685394868343454 
