0 0.4139021783319629 0.5757945511964525 0.02930337918828478 0.10876246819305815 
0 0.46674990072872846 0.59167119494925 0.038128927471229375 0.11936349945870435 
0 0.6193810138826156 0.6027804822804887 0.04222752929747103 0.14693897076763557 
8 0.6235488152383869 0.6353202535931625 0.03453963738930114 0.08549168405698071 
4 0.47062091920887705 0.5300170615152702 0.12823835544780024 0.10425100290812016 
0 0.8512035835811194 0.5446270212238719 0.013287082536645302 0.05440052970959199 
3 0.5669200914706005 0.5464225005774612 0.05976556581889561 0.04398247312814647 
3 0.5217001963593778 0.567950857078739 0.10238551311853726 0.07886897518761872 
5 0.45723729866975715 0.5508558111940814 0.10045930186998668 0.0822158773609156 
0 0.47973044330601866 0.6005530065047702 0.04761077859067022 0.15928063984748336 
0 0.48774339037326286 0.5968297128641075 0.04084677439791442 0.1355150497723862 
3 0.5944651146590131 0.5631604202953413 0.09859275757111086 0.05905016952624629 
4 0.38063618203290334 0.533328472805604 0.10155543203995926 0.10262143451528288 
0 0.4968784477655676 0.5869597368777858 0.03261026069158703 0.11162007789897757 
0 0.9983069309330311 0.5339199834798414 0.0033861381339377774 0.04252366754166303 
0 0.5228005634929918 0.5915681125904537 0.05242182071514698 0.14094112702115702 
3 0.3433000866109871 0.7767122447042855 0.6866001732219742 0.446575510591429 
