8 0.4468031122625203 0.630267570091615 0.04494936086197626 0.09307996405515281 
3 0.24266761473856807 0.6379934862690348 0.12147613582747646 0.13009032605923077 
0 0.009653794683514225 0.7467125657087476 0.01930758936702845 0.2408298425783077 
3 0.16037919418656849 0.6284277928636187 0.10940453919173285 0.10815394414314798 
3 0.10611506103401774 0.6218966412839089 0.10906687526568608 0.0902407690742752 
0 0.2636820414000154 0.6811706521403866 0.07857204758806856 0.22460469225239313 
3 0.060816193366219164 0.7061946047273151 0.12163238673243833 0.25089233207851924 
0 0.36587360994980883 0.6703966968070946 0.058436727032095494 0.2194166574294475 
0 0.027347200671950123 0.72651447949995 0.054694401343900245 0.28693888208087437 
3 0.8940988722152909 0.6492009443085283 0.2118022555694182 0.17409104206226017 
3 0.045015776627957325 0.6553081422428977 0.09003155325591465 0.17280021450099273 
3 0.8453785810659906 0.6897413298311985 0.3092428378680189 0.26975858590972046 
3 0.9838004653299358 0.5901729524872533 0.032399069340128504 0.15140406198364106 
