0 0.525794036283035 0.6068168293767654 0.05195758058187025 0.17624463273788446 
0 0.5986161969228444 0.6210039714836733 0.0763720601512361 0.22725144509776485 
3 0.46346116164251416 0.5459570161200994 0.04410517705343544 0.03261145083919435 
0 0.9619214862833463 0.6556125850274152 0.07615702743330773 0.29217821905474756 
3 0.9262314082507972 0.5710355479537045 0.1475371834984057 0.12335963865369567 
0 0.934528748469773 0.54487349089017 0.011481333316041429 0.046076421630738953 
3 0.5668881092833654 0.5453254047625709 0.05991826769868894 0.04394890286103949 
3 0.4328646783386281 0.5416157706806044 0.04035079530062191 0.03561339621762531 
3 0.5070153795987795 0.5594185366585442 0.09198328844720365 0.06108019539767118 
0 0.9563995901087204 0.6581445187280501 0.0872008197825592 0.42124170062793115 
0 0.9151145293226354 0.6609913031657749 0.12482404742899178 0.3272261661976707 
0 0.6628704259008122 0.6058134321716014 0.07317197260912046 0.20205022013154506 
0 0.9538010121593837 0.5428012468449772 0.013951776075138157 0.04814254525368426 
0 0.7553971491766039 0.6057522751129879 0.10760826303058281 0.2674160296519222 
3 0.3434497157263052 0.776467972514506 0.6868994314526105 0.4470640549709879 
3 0.5088179781841784 0.5421232159335438 0.050689502422261584 0.034705564698384705 
