7 0.9167123013361355 0.5992193511316944 0.16657539732772905 0.3206092968007252 
0 0.7740497245797766 0.5320196026056293 0.026923577482870373 0.1307264230352989 
3 0.8335236312164139 0.532193487540432 0.1098313835935717 0.09635913211443753 
3 0.35815376681280187 0.5259948643287028 0.06590555793419746 0.08168891919490806 
8 0.5062761270771735 0.6667313268099797 0.041002599016826694 0.1099660300706138 
0 0.5943722955548886 0.53390577679542 0.0417286163197825 0.16828095727991518 
8 0.8723635431427093 0.695597912631622 0.03885690233442077 0.12333153988636746 
3 0.44087654135257864 0.5285194253916307 0.0598762177255346 0.08891548677122785 
3 0.7642567073944397 0.5436570432286082 0.08380850840824593 0.07324775576245739 
7 0.5280089187879876 0.5671577246641194 0.40170150117528813 0.3507422601379879 
8 0.7389722598563795 0.557265853317058 0.011488608149872449 0.03440421780723 
8 0.8339613501078594 0.6897639729097185 0.046347007472097065 0.1171124395482856 
8 0.5257053327919624 0.6865552666950354 0.03337530838829487 0.11766584204659668 
0 0.619565145455352 0.5411573750417656 0.04418619433092232 0.1749914891234719 
3 0.6754410222735521 0.5360559739885452 0.06907352535899079 0.09213242753960811 
3 0.5134684255359965 0.5374182362697179 0.04986597544030041 0.06482641197688666 
