3 0.019205486141365746 0.6255294783035066 0.03841097228273149 0.11990835461670776 
8 0.5040871133143658 0.6207526716641839 0.042227782929720306 0.08840216465225884 
3 0.3043544154725931 0.6281081166993413 0.12055028129163393 0.12364582931767447 
0 0.0930440043636232 0.7277667731382558 0.05595682613919472 0.2296667617240444 
3 0.21548202536593067 0.6152855651169837 0.10847400635085794 0.1032720297574546 
3 0.15622276017605102 0.6120210875332178 0.10815354507349564 0.08679563467989244 
0 0.4173157347830137 0.6637181615209056 0.06952047299946607 0.1975086183062989 
3 0.13731263897148205 0.6909554918404198 0.21432043412605875 0.23576813782333841 
0 0.49949454318168235 0.6527688781907309 0.052661261008973455 0.19474678524418482 
0 0.11655384175945081 0.7082056146631379 0.07225339416619286 0.27066752046465414 
3 0.9202879706641807 0.6390685349355969 0.15942405867163886 0.1615537964963925 
3 0.10800101185779258 0.6416964217370564 0.14136141272671127 0.16328483541791455 
3 0.9000138888916189 0.6709176076677631 0.19997222221676225 0.24162686890172336 
