0 0.43531975763179914 0.5854769235267876 0.033886712576587645 0.12386433734193834 
0 0.5108186789085833 0.604552829559652 0.047180145111545786 0.1484041381704409 
3 0.46275840992799233 0.5462604902241048 0.04401503103254399 0.032564182263836366 
0 0.6799293376384621 0.6175816413741619 0.06626878001427372 0.18921786819733763 
8 0.691315056605867 0.6613739210793833 0.05649996464116896 0.11131507836151058 
4 0.5821778964811529 0.5275738915002014 0.1727271813100718 0.12958954312384455 
0 0.886878617099273 0.5457676277034256 0.012392524391710395 0.05023928004201398 
3 0.5669291986192113 0.5463038067091944 0.05984476600714942 0.04402262872123774 
3 0.9765558801725684 0.5869079290993181 0.04688823965486307 0.14980364867277862 
5 0.8295942623968455 0.575406778824254 0.23366420487919115 0.1580897983915041 
0 0.5819850669193616 0.6062039083382224 0.06612415734221039 0.2134468523123759 
0 0.5686112361577598 0.6135766242503216 0.05603583488138071 0.1767767602091161 
3 0.9838930119532847 0.5621814262863766 0.032213976093430574 0.0799247849774747 
4 0.5863001258525935 0.5486393789580436 0.19319423935172908 0.16807100122886784 
0 0.5416874662679974 0.5942082507333601 0.04518448961034743 0.13678746473895084 
0 0.9816187385070012 0.541307995846709 0.013073451405278007 0.044996163242149056 
0 0.5978213733884149 0.5904695246450404 0.06669707623836174 0.17350009178466969 
3 0.34351503960619345 0.7768390443588464 0.6870300792123869 0.4463219112823073 
