0 0.42385589863202183 0.5789692247586801 0.03141806018742947 0.11576949557295955 
0 0.488145079444565 0.6002930098529657 0.041508910780470885 0.13226448028798252 
0 0.6426919960444702 0.6078950031589693 0.05202167221557289 0.16506871231848372 
8 0.6491557496304994 0.6506340225188646 0.04349491590446711 0.09711447002600809 
4 0.4990026103904699 0.5316725601915314 0.13979104091481218 0.11128863612481407 
0 0.866601308637675 0.5456668486497966 0.012767200096958505 0.0520662142743166 
3 0.5668399553626382 0.5461616850867974 0.05979991253451814 0.04398642494991552 
3 0.6664635328261106 0.5822844502029789 0.15376113132584862 0.10725790142718249 
5 0.569200769621709 0.5573769646260327 0.13682467180967678 0.10444953469276508 
0 0.5330553237168907 0.6065008856454813 0.05557254851451113 0.18199344671572615 
0 0.5265234165712619 0.607174979145105 0.047522100058031924 0.1539928547651552 
3 0.7466165806794263 0.569911932245041 0.13371238417558645 0.07225509363120744 
4 0.4314877191372133 0.5349524175920559 0.12512833276269164 0.11942130119334131 
0 0.5191445459967551 0.5914009757664681 0.039037922506575666 0.12297960768155836 
0 0.9906331640160234 0.5339223707408058 0.01278041010666243 0.04395067683273725 
0 0.5588823048616035 0.590800464938088 0.05872077924213471 0.1553446731179704 
3 0.34329772459962904 0.7766345017227195 0.6865954491992581 0.44673099655456094 
