5 0.915160124565669 0.43528469452977425 0.14611922381810347 0.1258723013283447 
2 0.6652106581443991 0.4892186346215923 0.03557862874978426 0.09695133957392102 
0 0.35770003595169847 0.45003278107642297 0.02822871957196 0.08014409539777508 
8 0.8019756633531 0.49020798885966654 0.013543221810432727 0.025347303688255732 
0 0.8761172708810699 0.5158835414996623 0.07073523348715824 0.1963426778697276 
8 0.7929569197195251 0.5107992448893734 0.020357825519573398 0.036354589439377555 
0 0.48214821768775007 0.47775929103610054 0.06307605877929959 0.1762442270041015 
8 0.9225249597114672 0.5244392006944393 0.027810459476852855 0.048168332839407586 
8 0.7163889534002865 0.5059907865226051 0.0170301573458228 0.033438846697270166 
8 0.972809953661651 0.4958566092757856 0.0142572482804664 0.0318439966940709 
