0 0.20201592749526914 0.4087304569995552 0.10089302878065967 0.25963869090079744 
0 0.6804701340287568 0.44674131435983755 0.036546393507508414 0.09192317233735309 
0 0.6398361516395511 0.44607409131666337 0.0389379590612554 0.1036710212247864 
0 0.6440137163444806 0.4496326850407782 0.030749376840788687 0.09793305059023977 
3 0.9030069585769525 0.5783142261740623 0.1939860828460951 0.5117189535666045 
0 0.6985345934321233 0.4484151604592687 0.03670766893045041 0.09655549124339403 
0 0.10157636348031275 0.4164488012209903 0.07448299571503476 0.2619355817402968 
0 0.24253157751990448 0.43141707900445236 0.07185942963743941 0.1932281762660362 
0 0.5026573526978386 0.47064475476815265 0.048235504574923954 0.18115921551927286 
0 0.48018807439906097 0.4447509488593188 0.04166843869068942 0.15659466242211598 
