0 0.11228473445975264 0.6384589178661801 0.22456946891950527 0.7230821642676398 
3 0.9229468104854579 0.5823842400267091 0.1541063790290842 0.2360000899870524 
3 0.7185123186026792 0.5375732820728774 0.10282031681483261 0.08803465010378293 
3 0.7830264877213645 0.5470666209186364 0.0800742580573575 0.07062386055555957 
3 0.6899606773282853 0.5188767285552652 0.08057234991975974 0.09078461421830512 
3 0.7800967540895571 0.6691029642963582 0.29877309596027923 0.38695903140529864 
3 0.8516294602531422 0.566808930363348 0.14879220829990275 0.10324893273422245 
3 0.6456747259654604 0.5246042499769159 0.06549152059440899 0.06806310212976788 
0 0.1378264735308046 0.5947476806164373 0.06803001976747874 0.2492605099777694 
3 0.9589133220980349 0.5830554905236469 0.08217335580392998 0.13409612066191717 
3 0.9908902633945268 0.5300444911292739 0.01821947321094655 0.22013571442320162 
