0 0.5775649543617433 0.44677113182466555 0.06819063283270153 0.1805657524391887 
0 0.7804272973988836 0.46226685549747104 0.029276353282900375 0.06994450148110679 
0 0.6337403901886793 0.4550618580872765 0.039385738673752044 0.1056560921111421 
0 0.803665530414464 0.4638709451697563 0.028792474285319544 0.0737084465418322 
0 0.7600329767594701 0.4691920906492606 0.0276045891313332 0.07711613524586994 
0 0.5352119684460666 0.44657786943790057 0.0514180759880486 0.18035292406743042 
0 0.6060627282050236 0.4573467555342038 0.043858325294906284 0.1208320987200771 
0 0.8055366425305023 0.4598300563839264 0.029208075928379457 0.08029722964615821 
0 0.6628283165888302 0.456167254281981 0.03925658527360298 0.11193872021340522 
0 0.6110108460396125 0.4551943420805092 0.03645555194645063 0.10528782480434934 
