0 0.6154954308866655 0.6776429793342479 0.2161538703924056 0.5545768041744278 
3 0.884859931215322 0.6001007307689695 0.18550432664316915 0.186610300706244 
3 0.6508663194672987 0.5569352758686195 0.09775830809725626 0.07808091905087615 
3 0.7005184799190417 0.5613543400227448 0.07519560749970808 0.0629361990912437 
3 0.6109450223433859 0.530835591480231 0.07791154040130444 0.083462677507046 
3 0.9461625450906002 0.730542346138063 0.10767490981879987 0.44950768066309627 
3 0.7736516549210722 0.5876668260389812 0.13055179709312525 0.08916237113563695 
0 0.34258225741868914 0.5893378803828846 0.07023950533829912 0.25113382060728634 
3 0.9227005701886544 0.6163408417665581 0.15459885962269126 0.1267236321386306 
3 0.944883979324786 0.5640628723890962 0.11023204135042831 0.20606623434165441 
