0 0.4214656660011838 0.4328493188967136 0.08331903551473971 0.21025605443409676 
0 0.7190912175881325 0.4537301380455725 0.030295498811608753 0.07708094543890992 
0 0.7591933003866265 0.4543821509013391 0.030130819889338627 0.07872849233700076 
0 0.6935784852208949 0.45426481583229855 0.03098875566843333 0.0866450798151071 
0 0.6841988767651472 0.4580513022927001 0.030886241299948127 0.08329987914020642 
0 0.7314896472579284 0.45584863567056016 0.029030598173376776 0.08033628328826802 
0 0.35944600959591194 0.4318501503611891 0.05775699189388746 0.2092350332934165 
0 0.46883623648241596 0.44654379915509335 0.052681200659157955 0.14536917884747053 
0 0.7456681063371123 0.4517590854317113 0.03120559524592494 0.08908459941467735 
0 0.5923637884127049 0.4529749807659265 0.04181273808881784 0.13331475997216305 
0 0.5468608253402316 0.44542658940180424 0.038184829851026336 0.12211249353234369 
