0 0.9854923320004116 0.5953458890797803 0.02901533599917684 0.1984003081316787 
0 0.8606622518705831 0.6137188689087879 0.06458794475019616 0.16284405289788398 
0 0.7767106598318185 0.5791228225019992 0.05633634429589875 0.20744864509357802 
0 0.05345055398704423 0.6300137388191408 0.10690110797408846 0.2374955910499351 
0 0.9614876943185553 0.5768164566484101 0.07702461136288932 0.24867909704496335 
0 0.8224067122698131 0.6207674514396401 0.06410123720592736 0.16473456620374236 
0 0.8622206505316958 0.5794247986396507 0.05981039887062508 0.20930210532946572 
0 0.9427374223100984 0.5832499325942614 0.06769693041102513 0.23200460014637442 
0 0.9775834162416359 0.5872109740079259 0.04483316751672817 0.21595024156917178 
0 0.6468818365955573 0.6394950791555849 0.11128008438531169 0.3334232560814336 
0 0.6469587731704831 0.6204816554151492 0.08293348023326963 0.30371802550264004 
