0 0.46507678960087306 0.6766813915163917 0.2098539448492307 0.6466372169672164 
3 0.8599695344240893 0.5817520141349868 0.1854104908805016 0.19494208657822268 
3 0.634064688143503 0.5433360432805941 0.09703133856039188 0.08003793800387017 
3 0.6874584967696594 0.5488061506482105 0.07438243473230571 0.06359516152704625 
3 0.598680703042729 0.5190026274260839 0.07704990548276136 0.08457894223355115 
3 0.8809911936500876 0.7290585927497569 0.2380176126998248 0.5122942990784481 
3 0.756358469475933 0.5715401098304121 0.13114097802012423 0.09009800746901236 
0 0.21973121595660108 0.5822403387933814 0.06469096503369827 0.25723665746842633 
3 0.9121362591023922 0.5996601846047155 0.17572748179521583 0.1301741151364015 
3 0.9363180345494411 0.5425630484027721 0.12736393090111803 0.2200803969924638 
