0 0.9922359314842755 0.5912417379933426 0.015528137031449205 0.2527154711519713 
0 0.7328446693221372 0.5829189738972426 0.06947566089848053 0.24164251525905367 
0 0.5354490687909873 0.6239173613023287 0.06997484759956919 0.2080236970779184 
0 0.816583309997795 0.5598351638284218 0.0652668699928934 0.22467808315830173 
0 0.4585784147264228 0.5820195492232245 0.061098484641746394 0.259326568159538 
0 0.6505843541523433 0.5807948293725931 0.10096484889850821 0.31807272290534916 
0 0.4841373032882736 0.6348666691321885 0.07056307403121088 0.21124197546753806 
0 0.5612448938707645 0.5791717515406773 0.06483605764525137 0.2594952965633216 
0 0.6405501346674924 0.5771383926582695 0.07415083057635173 0.29162561682781163 
0 0.8710734770703777 0.573648075471075 0.0648508390754617 0.22012206121388 
0 0.9735718139946761 0.5541543103524331 0.05285637201064773 0.23753294714479023 
0 0.6934833352994 0.5854999082918976 0.07565626097209233 0.26943183564388123 
0 0.8518380990346299 0.5831305636771481 0.07755707196271218 0.2547249730114776 
0 0.26358870706389326 0.6464868456219132 0.13693118029267823 0.4497830675939974 
0 0.7521437167658412 0.5861088271390916 0.07779501101517183 0.2709013057300788 
0 0.2850197832981023 0.629850082817129 0.13170438531923637 0.39512255061822266 
