2 0.431497082218927 0.5623734081486416 0.22977584339966373 0.2591178122842573 
0 0.5440394137558439 0.45104223960818746 0.03960089816769937 0.11002127387759211 
0 0.5309891150270261 0.45879781118443824 0.01760176635913318 0.04787898217989992 
8 0.9368538032550732 0.5332265157667334 0.012123329445225012 0.024355463914751442 
0 0.5135433629665771 0.46056429031961543 0.015920986007167386 0.0513250295384419 
8 0.9467180093519065 0.5371782681507925 0.013028669023000674 0.024556879032534576 
8 0.9946203832804642 0.5154649731364377 0.010759233439071637 0.036048471605535544 
0 0.5395313410486062 0.4583872249021576 0.041471356045637224 0.1086406140716654 
0 0.48681453061919 0.45600543190522824 0.02189420606480219 0.07247086603603198 
8 0.9575948963612163 0.541318529637365 0.014446724607680608 0.028350194692029176 
0 0.5444982638627154 0.45889747645471907 0.017175522887808724 0.05361481123370153 
