2 0.499481222035171 0.5633795050079184 0.18692759156239105 0.22162671528362474 
0 0.5049859730423966 0.46617899261315426 0.03786321117901714 0.10375961852872939 
8 0.9916936165496992 0.5762382982799437 0.01661276690060163 0.054854260236368316 
0 0.46693375566953976 0.472555997470271 0.016268662347804223 0.04617003790784717 
8 0.9397221487971654 0.5687823407540339 0.020222710280404357 0.04117010981429416 
8 0.8427120975033193 0.5388527273104031 0.010686416307654554 0.02230201151932748 
0 0.4517984873161707 0.47363049422676684 0.015524866363320698 0.049436122159163015 
3 0.9824747568942018 0.5852440308230903 0.03505048621159617 0.29543494989890173 
0 0.504931206977222 0.47390096205497784 0.038983276541476285 0.10194167432745826 
0 0.43372164660754126 0.47150080132743155 0.02009204502210764 0.06897367263295355 
0 0.48121580657010354 0.47098124842727734 0.01596480647416428 0.05159936340132687 
