2 0.6096102095653941 0.5212508285560845 0.07881218284007326 0.13490302106963656 
0 0.38635276655271233 0.4638798086847839 0.035058601671910876 0.08902006754097784 
8 0.7491948500623561 0.5376949514909419 0.017820071436613603 0.03700304384896034 
8 0.7021832230806831 0.5296518169645137 0.01425579894495442 0.029294240449499902 
8 0.9470607587249903 0.5257864786275149 0.01862583602933711 0.03298851917411828 
0 0.7248329974271189 0.5858734483755978 0.11842507029261938 0.35731214422548335 
8 0.7651945501714735 0.5125603812757579 0.012052561849238402 0.02478358763794928 
8 0.8856171220116639 0.5631401661814565 0.02800131926497258 0.049425683803285346 
0 0.23215152165092273 0.5116541756514797 0.07437952310438455 0.30187997089710583 
8 0.779240049537418 0.5122846870689495 0.011231141009490955 0.026783232037921923 
8 0.8895365868083644 0.5201192701531555 0.01672398945133992 0.0323830422868306 
3 0.976035044020767 0.5507950486495816 0.04792991195846611 0.2407539688252689 
8 0.8057114934930891 0.5404024451057363 0.021834313600306104 0.04274480884579096 
0 0.3987111116310952 0.4733229002372413 0.03234737532633957 0.0856734927916694 
