0 0.2430488675016769 0.41309415322443244 0.09908902829384708 0.24678816918312768 
0 0.6691781068672308 0.4449861003824662 0.03401743877465705 0.08700916440354414 
0 0.6333774868252194 0.44493471902988213 0.03617803642885008 0.09833462218114802 
0 0.6294260674404051 0.44851655530216183 0.027831692908689407 0.09306397967965425 
3 0.9461772014783191 0.5711382843118652 0.1076455970433618 0.4217728933422427 
0 0.685389814847536 0.44703231406329896 0.03405584047434559 0.09105081318740241 
0 0.15305396334657012 0.4185760419884117 0.07012608843093512 0.24870468945087212 
0 0.28582708157037257 0.4325310622656213 0.06705892278626487 0.17995746865029952 
0 0.5119527059647146 0.46146807560156233 0.045187313477838914 0.16551115460084992 
0 0.6189258295356191 0.4502092615635141 0.035676896123146735 0.09515764616671517 
0 0.4803250560944431 0.44143238162003173 0.04065922296750273 0.1458867689568892 
