2 0.5934456253311823 0.5346132417544155 0.09941446681669078 0.15109045931033385 
0 0.4106957204940024 0.47047567654189737 0.03553399356607748 0.09189424479005855 
8 0.7969132520831653 0.5508047373684457 0.01922155710193664 0.04011459460967899 
8 0.7496691801952973 0.5411866375923597 0.015124900405743632 0.03132634399437538 
0 0.6143537985540698 0.6187354311680726 0.13349707522294602 0.45749098615173606 
8 0.8259720996427047 0.528056346625451 0.013010472894240763 0.026506863074930605 
8 0.9384406543336582 0.5793123904705655 0.031883847345268494 0.055804698981783835 
0 0.07233869369297273 0.5499453821857758 0.10065318236623677 0.3774630886972027 
8 0.9119125667338343 0.5375815472050983 0.01817342855376154 0.03032549814107161 
8 0.838942077633645 0.5301497234828649 0.01216134289738605 0.028730310234295505 
8 0.9597628987972516 0.533858187037098 0.018864580112971936 0.03560315497336534 
8 0.8669502118239146 0.5337082869787783 0.014189069398222216 0.02768424823997369 
3 0.9672552730795814 0.5640286485721268 0.06548945384083737 0.2641525326885162 
8 0.8536507436189698 0.5596130256310524 0.0240565805766353 0.04712513028687548 
0 0.42052939273682916 0.4794582781404566 0.03382737037564027 0.0890311359992711 
8 0.8528193788803234 0.5308116960628111 0.013777757582072354 0.027150191493597806 
