0 0.867396829000937 0.5938409638894551 0.06529166688626888 0.21519592241290278 
0 0.7050513046992646 0.6188882557968602 0.06587866159447955 0.18035402581601898 
0 0.928405153505257 0.5684319384124666 0.0594754727431382 0.20033927003138363 
0 0.6242767222538257 0.5810575820075499 0.057501640411167544 0.22830975864918432 
0 0.8145474752199647 0.5799766864990561 0.0930272111844704 0.275327275408637 
0 0.6620138980493846 0.6272741670850169 0.06588423113067833 0.18285180482754976 
0 0.7157448806748151 0.5805423251405297 0.060866093990497916 0.22916654296570066 
0 0.7953449596949671 0.5821877747100607 0.06904507992743206 0.2551249698269753 
0 0.9727879741892729 0.5825978693154519 0.05442405162145434 0.19703623256500835 
0 0.8424483673008726 0.5880905505874288 0.07042724548164074 0.23590092327836076 
0 0.9721041111565043 0.5870588616719674 0.05579177768699154 0.22650606384735864 
0 0.4734362427552351 0.6414732441140202 0.12091536651947117 0.3793794286343219 
0 0.8941822228605492 0.5918283174205523 0.07268196496208404 0.23802618726770283 
0 0.4803317680170953 0.624537320370222 0.09900853849510767 0.3404876726002953 
