2 0.5685080755412443 0.5445546811934432 0.12386648802735785 0.1703244604534805 
0 0.4362888901509379 0.471924622627629 0.036037271258778744 0.09515356983383444 
8 0.850948233976479 0.5587173002257012 0.021079922766330556 0.043952960899274814 
8 0.8015593432104805 0.5482966118421475 0.016237887856276244 0.033763588434963354 
8 0.8817909966311619 0.5312167313311289 0.011704773045098591 0.02735400978861195 
0 0.4044174780466125 0.6604053377100347 0.1552088652820018 0.6081104770640602 
8 0.8947212684454239 0.5310724375232245 0.01430278640964076 0.028531490504209576 
8 0.9899155701980549 0.5913317035648661 0.020168859603890327 0.06327513085709377 
8 0.9880161587484088 0.5449296038607739 0.02060471237223041 0.03337369987403103 
8 0.9090226527662949 0.5330021736806547 0.01344356893299178 0.03102489245341461 
8 0.9388697663336573 0.5371218974946117 0.01583130531531225 0.030079332895502374 
3 0.9667569804877809 0.5729544048647564 0.06648603902443824 0.2876868626007449 
8 0.9076686596494742 0.5677061391262505 0.02691640951572552 0.05238293249565667 
8 0.8723504937216484 0.5307791761231924 0.013047509045668306 0.02528099388338136 
0 0.44321056143982646 0.4804496335054003 0.03529253971287744 0.0927932099836466 
8 0.9238288877092578 0.5365962349312777 0.015303299921809099 0.029441135998690696 
0 0.36632490115567096 0.47408245271936594 0.013540764200786697 0.04929418482222559 
