5 0.9375890148590843 0.4617068164712598 0.12482197028183152 0.13774609880415356 
2 0.633885186662233 0.5134998602718073 0.046253084377071686 0.10890043712677172 
0 0.34936798047306705 0.46241665097890444 0.03117996899231784 0.0838414189400252 
8 0.8291849952537504 0.5170254454249732 0.014851765203967773 0.027579532481376658 
0 0.8283666871872297 0.5498636724427399 0.08501501094063257 0.23620621911758508 
8 0.8041436165914353 0.5422457472671423 0.022437478200247087 0.04006579203232914 
0 0.405640009150371 0.49201781635322606 0.07053731794670448 0.2082670618774738 
8 0.9408416182127581 0.5552902826629555 0.03167701093992477 0.05431009195609906 
8 0.7800942562425357 0.5117777991131043 0.013793605351184226 0.02771353913434767 
3 0.9941007164335739 0.549283295763325 0.01179856713285247 0.19671976511411624 
8 0.7276774867247005 0.5310513433370109 0.0184302113743162 0.03619742018739361 
