5 0.8966499246610183 0.46004563667083115 0.13651414928001132 0.11715371167525 
2 0.6984836256957143 0.5122966965553735 0.03910284056015726 0.08815890580268135 
0 0.37946410469246983 0.47324932697742184 0.025554684303391823 0.0767548542077819 
8 0.7943413348389435 0.5098776645799912 0.012672504308788319 0.023900657640577885 
0 0.9161749566770131 0.5337572319772915 0.060509748205844004 0.1690786799187097 
0 0.5389542639523613 0.5023198968667808 0.05704182858520021 0.1532426054653389 
8 0.9994688241897552 0.5355319106249835 0.0010623516204897499 0.06424178276410626 
5 0.9924985458454566 0.46025084486227796 0.015002908309086821 0.14362601827674318 
8 0.7192570157197307 0.5256152266131808 0.016037074283726867 0.03148322444209713 
8 0.9574341358436445 0.5161643008052342 0.013217946280459643 0.029396526906711275 
