0 0.35664957004120845 0.4242866707988883 0.08935904943527173 0.2221502523653095 
0 0.6939753714492758 0.45162818162043356 0.031101291548328903 0.07982247261107153 
0 0.7402855050311231 0.4530157882848488 0.030940844956891596 0.08044923283431962 
0 0.664844981619289 0.45217972670221446 0.03271496561814672 0.09032221190699577 
0 0.6575622156249789 0.45596888618495496 0.032036568542711454 0.08615246238562767 
0 0.7079928970636395 0.45232331471309883 0.030216807212713945 0.08336469955807425 
0 0.2859337993490302 0.4246261367606715 0.061156809594737606 0.2223023813600096 
0 0.40683589746600235 0.4396645029912787 0.05732829041567562 0.155961565882874 
0 0.7235608579231115 0.4499398851638825 0.03133947345405659 0.09217778744357398 
0 0.559825122702964 0.4539819878580755 0.04320093557349608 0.1428545312138881 
0 0.6194064569635382 0.45060688225313766 0.03605582436630421 0.09415070246301234 
0 0.5179044519992252 0.4426030069471617 0.03926956760439531 0.12944431806978027 
