0 0.8816469055621012 0.5910915042175533 0.08208104858093491 0.2989333077740749 
0 0.5668664450067408 0.5798477944646212 0.0741216297478205 0.2770613476818516 
2 0.9611984591708788 0.6556096246762786 0.07760308165824242 0.16681768460404908 
0 0.31359915632158597 0.6417851477797814 0.07410822310315421 0.24656580434057818 
0 0.6803520470302897 0.5598024866426233 0.07255812033566102 0.2570662351475423 
0 0.24477478514850093 0.5918392581201087 0.06743978216507944 0.30227276003108694 
0 0.43494653646837433 0.590806880140154 0.11044566087759265 0.37927110030395256 
0 0.24967235302201546 0.6535159651682616 0.07562759564720689 0.2510150970761626 
0 0.36537199716393726 0.586901679801702 0.06899084398675896 0.30114960225603665 
0 0.44114211252107993 0.5816803664680021 0.07972182919812142 0.3426055845851865 
0 0.744081392898976 0.5661148925787675 0.07160493425994105 0.2500501605702704 
0 0.8489408854584929 0.5502884467486242 0.07859681568044437 0.26646897853366946 
0 0.5014886522890711 0.593522802475501 0.08113163737982135 0.31515312610243523 
0 0.6969038951561445 0.5805828879235004 0.08345834925012653 0.29342843337223307 
0 0.010652557604936688 0.6668650105167379 0.021305115209873375 0.5247209518460337 
0 0.5719879048294209 0.5909216848618325 0.08344220088879382 0.3163684567900886 
2 0.9964611016019658 0.6359207062697751 0.007077796796068725 0.17680928324540748 
0 0.04769502561629029 0.6395654549884029 0.09539005123258058 0.48539613733132203 
