5 0.967104397424113 0.46077696755417136 0.06579120515177408 0.13969638393106917 
2 0.6212159455348724 0.5187576120802126 0.06074299429104386 0.12048472588065225 
0 0.3638655985856362 0.4667143079678432 0.03297830553829385 0.08616642197425316 
8 0.7061769369057734 0.5298138726652599 0.016533427946431374 0.03420038507098828 
8 0.6589592063678785 0.5235597755187406 0.013441796216495874 0.027417331547523027 
8 0.880993733570064 0.5206837452647729 0.01636920913121827 0.029849843466639703 
0 0.7879233735181902 0.5653510931442746 0.09981027896250211 0.2864674895194677 
8 0.8392410953526844 0.5516490145926911 0.024729726253114565 0.044010330019206345 
0 0.3346728159044197 0.5041499396179975 0.07333253685273448 0.24756051431570855 
8 0.9844097594530637 0.5679061705407537 0.0311804810938726 0.061640615887504156 
8 0.7248783207431032 0.5174080604561756 0.010383848894532548 0.02515260502729259 
8 0.8286326181457634 0.5173662540921907 0.014973153546717554 0.02970747323101888 
8 0.9629368006002699 0.5253117434625774 0.018759906052264484 0.03526414564987299 
3 0.9842267510863323 0.54944857702824 0.03154649782733543 0.2202187471986615 
8 0.76152887621748 0.5359079940009512 0.019818588246785254 0.038987519749585114 
