0 0.2950011354365549 0.4182067295703822 0.09466826641096081 0.23436715691900456 
0 0.674697757826451 0.44875460801104256 0.032412515263819726 0.08308814114983439 
0 0.6425272250010282 0.4489364536403996 0.034328130405917034 0.09400259725054613 
0 0.6353632323370338 0.452541122051076 0.031710071090213246 0.08932292751687845 
3 0.9954518024202708 0.5619123641059345 0.009096395159458552 0.30880282604468223 
0 0.6908258367227541 0.45136635171611184 0.031453765831762015 0.08678756571151072 
0 0.2147655912696336 0.4205818247774671 0.06522244234113028 0.23536864308058814 
0 0.3446155281022258 0.4349778173001703 0.06196546141279583 0.16762340266822814 
0 0.7055097260158462 0.44878446873039063 0.033695632950455516 0.09614321915973435 
0 0.530859666930035 0.4573450059769362 0.04432575217486885 0.1533488660239967 
0 0.6123333501370499 0.45061170151560065 0.035519619800155125 0.09451003485760175 
0 0.493373236795327 0.4419341461840805 0.04009659645853383 0.13723733224896034 
