0 0.4281345401574369 0.6286726174418803 0.10647897961410657 0.43034910557020184 
0 0.038628182043593313 0.6121703738079145 0.07725636408718663 0.39949478706811054 
2 0.7039667333068768 0.66294947497274 0.1581384897474681 0.21036933707515384 
2 0.9454127657554454 0.6129739807737654 0.10917446848910899 0.18836733373723671 
0 0.2427518650376285 0.5855425604919122 0.09895795245541372 0.3674377338025444 
0 0.3473725432106371 0.580466730567476 0.09521506619324555 0.34809663313453065 
0 0.46132280692794536 0.5644711627761607 0.0949238826396254 0.3640513221053833 
0 0.18426312859806473 0.6175677373012349 0.10572597228250918 0.42996094378115657 
0 0.001389185296938655 0.7936313760987694 0.00277837059387731 0.12103459209328675 
2 0.789045973714155 0.6589171341219012 0.14070192872677084 0.24012873397109086 
2 0.8428521770036832 0.6241890801966035 0.1734169031356538 0.2586914693323599 
