0 0.04783015997302876 0.635873949697016 0.09566031994605752 0.728252100605968 
3 0.9925751815938102 0.5777706352825802 0.01484963681237943 0.2042183731327351 
3 0.8443569681330445 0.5457036770760351 0.11538610477323445 0.09682954184519303 
3 0.9169959495273518 0.5511900263844625 0.09173536340398954 0.07818618204355958 
3 0.8157529683207636 0.5235670816571385 0.08917382873913653 0.09836154072741035 
3 0.8071867314439141 0.6628602005991724 0.25646045479172047 0.3361482682734582 
3 0.9551744084514195 0.5726827306738392 0.08965118309716118 0.11205703012503976 
3 0.7657085907725785 0.5320252312044291 0.07094725195538444 0.07308181790901692 
0 0.19709715663194152 0.6046052501450097 0.0663883478168367 0.2372908915714125 
0 0.4625273299402963 0.5393668357100984 0.010694308168118668 0.04599789902140155 
