0 0.6978714127526974 0.6144715435184458 0.091383164160208 0.3514380273112036 
0 0.34884004707923455 0.5989121661784667 0.07881151656430384 0.32527903156137356 
2 0.8629574765804516 0.6701870220782382 0.1364622396904926 0.1862453344085937 
0 0.026832923761817246 0.6868340317259416 0.05366584752363449 0.29559555325254433 
0 0.5028296301387217 0.5769474479515426 0.08206634942619523 0.30100546411626417 
0 0.002559042448191791 0.6181739262918753 0.005118084896383582 0.3330046451544805 
0 0.11965397844653142 0.6306743017655274 0.14901356845237504 0.47228988498082486 
0 0.09689194845730471 0.6198070303279781 0.09155765755084382 0.3601123826995532 
0 0.16050565458190297 0.6118975544980262 0.09568951501333535 0.41709364434620205 
0 0.5811544083017526 0.5794528876391182 0.08036191166446799 0.2898929242629931 
0 0.6796634786612914 0.5696149693903597 0.0840313384806138 0.30388341233074634 
0 0.2449232009410305 0.6251601028275228 0.08874546254327684 0.38030435604224255 
0 0.49205417399260304 0.6019997109083182 0.0899986573463842 0.3465210436977384 
0 0.32619121062771067 0.6225346384830917 0.08881673927739385 0.3816987181310606 
2 0.9464053381508555 0.6599252985040769 0.10718932369828905 0.21006754960214052 
2 0.9692761829220962 0.6210856443456573 0.061447634155807694 0.21901768594083307 
