0 0.029710096355284234 0.6723320764827291 0.05942019271056847 0.5472507888188578 
2 0.9826925012860148 0.6553529927898057 0.03461499742797031 0.19509673824016463 
2 0.4872044631984501 0.6726102292136362 0.19285244868850002 0.24429989098291913 
2 0.7971876631416305 0.6141915392829682 0.14240653845675624 0.20519345539696984 
0 0.7930699509435195 0.6301906348048382 0.13252693773704935 0.4001094479789008 
2 0.9228638346785891 0.6241264988052545 0.13406659170286717 0.2212131538318872 
0 0.021699152022755283 0.5999262114840286 0.043398304045510566 0.4267538508325268 
0 0.12442547657961109 0.5807637762696879 0.11355557903134827 0.46100066479930996 
2 0.5608346277682289 0.677976315212211 0.1705692061743657 0.28196534818038826 
2 0.9605864761246187 0.602315321904956 0.07882704775076263 0.16888093183025185 
2 0.6041190680466055 0.6525856363631489 0.21474413841602244 0.30937344675071354 
