2 0.5400015866970579 0.5481223798102944 0.15230593773442408 0.1929904085587211 
0 0.46738824333340584 0.46435877082129245 0.036852037788900845 0.09910730434422811 
8 0.9155752750720347 0.5642144816204439 0.023813264909293964 0.04895693252555595 
0 0.4053237594008776 0.47001296296592426 0.015291881434641398 0.04513828373540157 
8 0.8626296690177745 0.5519867633784753 0.017897446669891934 0.03691944372043673 
8 0.9627306788745386 0.5323058716356835 0.013275944255640581 0.02985034105234667 
0 0.0947255797927471 0.6344871861991841 0.1894511595854942 0.7310256276016318 
8 0.9764729552922219 0.5323245237984521 0.01626325583924981 0.03125550658116588 
8 0.9428379903391125 0.5623630097110007 0.013418676205560018 0.02937737831592497 
8 0.992226626652781 0.533117111253377 0.015399525064663777 0.034058124270642275 
0 0.39290993095484156 0.4702894332017999 0.015455513737441749 0.04822490580053113 
3 0.9681390218450986 0.5774525891325281 0.06372195630980301 0.3011635181445585 
8 0.9734046991231232 0.5742885042953049 0.031046180018771852 0.059288242232130355 
8 0.9529242139792878 0.5320270168954564 0.014717859921502452 0.027562058320362945 
0 0.4710730369020098 0.4725070110332128 0.03707585872197157 0.09693733018428753 
8 0.999865194348209 0.5492230509000062 0.0002696113035821668 0.01222439919034855 
0 0.3816731121642788 0.4700714572643595 0.018788072753337985 0.06649757365556866 
8 0.9336353689073592 0.5316704778858725 0.013579369702985105 0.02781964496258714 
0 0.42074671694824944 0.4668610309125688 0.015150068689874417 0.05028193827154887 
