0 0.29586204937751126 0.657781988793988 0.20677172485349737 0.684436022412024 
3 0.8742040369445223 0.5720661722463035 0.19357944465498164 0.2118736892134464 
3 0.6504115251823671 0.5315144355779967 0.0983527272850219 0.08328604972477176 
3 0.7084680542846311 0.5443082972910585 0.07558543853677051 0.0667260733813054 
3 0.6191158139647324 0.5156140532679084 0.07781174634164892 0.08690804135435769 
3 0.8324088334036363 0.6880698733993609 0.33518233319272756 0.45146427058384 
3 0.7749483983436073 0.5621518929122626 0.13598953029876198 0.09524230409357004 
0 0.1474726727304292 0.5909668002968154 0.06502607248315334 0.25607086421372727 
3 0.9201001311858319 0.5820847685757636 0.15979973762833624 0.1365162079905926 
3 0.9470556439824713 0.5265026221857915 0.10588871203505733 0.22757568924943333 
