0 0.1488836746736918 0.5944417944038537 0.036952138464496825 0.11794593175569358 
0 0.9455713199494742 0.5875038611590339 0.06604571587441158 0.19508315250167785 
0 0.8281997043222975 0.5603156913792676 0.02570954855383164 0.09879225552687179 
3 0.6291713604800226 0.5456306507828842 0.04281567889742966 0.059798329473523176 
0 0.37523575740907783 0.5539213947552395 0.013102686308147185 0.04549349449770381 
3 0.47248991569680465 0.5329528123586824 0.07522541197513263 0.04721936934431097 
0 0.9492555045126386 0.5832669585132052 0.0480440674011426 0.16117137436333823 
0 0.8583308583725991 0.5633071018731864 0.020730285540039688 0.09822754219902051 
0 0.19591819566352725 0.5946479294869369 0.047210152283460864 0.15129080047347948 
3 0.5549677309555471 0.5365787791625721 0.03874819061371802 0.050538801007489836 
3 0.4488009745541 0.5573927731096863 0.061964639896101376 0.06416442654790583 
0 0.3654475560910285 0.5485196491109469 0.014281937406545566 0.057500098305285845 
0 0.8687943294752313 0.5796400561386045 0.034208122026971925 0.12889600907176404 
3 0.508219169246756 0.5266041592715228 0.030006603588867833 0.036483881357669425 
3 0.4194548131293213 0.5848387459590224 0.10682814840095298 0.13241226493578723 
0 0.8811042113522927 0.554088507051055 0.029310187743367352 0.10449863645933002 
0 0.7703085386988837 0.5256694287616928 0.01694449657978538 0.06043163616389437 
0 0.7328894406522042 0.5170372646899243 0.00949863509533202 0.040788021359092125 
5 0.5535196225765641 0.5003252732114247 0.026254699271792675 0.04358393412905059 
0 0.12082703442720466 0.5883805481784642 0.042382496714685164 0.12787973840757572 
0 0.9268771843709113 0.5754420994481265 0.038933226184327055 0.1412770830393136 
