3 0.31146747663033963 0.5798165798937486 0.10432111866605698 0.09645632269475338 
7 0.43960976768451454 0.5435126590980451 0.048013123617103165 0.05249243761581738 
3 0.8812432418105647 0.5712298766434006 0.1560749347796916 0.08481797153904716 
3 0.9729617763744538 0.5782649163642244 0.05407644725109236 0.11790920945403678 
3 0.945746042874216 0.5747856365625926 0.10850791425156786 0.10615278677351209 
3 0.832805946971987 0.5654648467689924 0.11647389365477452 0.06058108498410042 
4 0.5957321176412514 0.5292760547531119 0.05732621573754052 0.11354331472550276 
3 0.6885923361649552 0.5475063102198349 0.05790199407368462 0.03355506460183304 
3 0.7110345594322655 0.5522174284098346 0.07184466585123175 0.03852076742474727 
3 0.7478224478639135 0.5499189829546951 0.08840323051992315 0.05029044424705262 
0 0.08152395471402177 0.6080190864727072 0.07734104251352204 0.19870166611254017 
3 0.7017954552724842 0.5481623216911441 0.06607601888120528 0.039902049186996656 
3 0.814942001117683 0.5604708639778154 0.10543956418340614 0.05775506987783899 
7 0.34429935622907964 0.5410951409317505 0.12083294089924046 0.06278681413213709 
3 0.8530051977504661 0.5630856679483657 0.1324884491924776 0.07926313273725263 
3 0.7332093859090963 0.5526362586897519 0.08002154340114302 0.04676865759034974 
3 0.9255457843064159 0.5818506910107905 0.14890843138716833 0.09134239620734635 
