3 0.9550020236729296 0.5319668969292444 0.08999595265414072 0.09247093073520343 
0 0.326905829669885 0.5875439505557699 0.011374042101930328 0.05555635961049366 
3 0.9689015995151641 0.5451111245819301 0.06219680096967167 0.09540224309290712 
3 0.4115211926339218 0.5757070760370243 0.032687004693804554 0.05587026415843752 
3 0.6177301009954398 0.5655991891727797 0.03440827239240342 0.04392884705751372 
3 0.8416427731447433 0.5557292799268678 0.10373308828633825 0.0957648916002618 
3 0.9101484229571909 0.537608808807802 0.1141454782343135 0.09787618629772421 
3 0.42304543562171104 0.5675385588538632 0.03188551611899342 0.057339844276335344 
3 0.7393353195799603 0.5994103568810996 0.093286793276894 0.11870983869246238 
3 0.6486214463251568 0.5707441085047688 0.05605683995170445 0.07634022928465463 
1 0.17413043480043663 0.663843614095467 0.2934059022753878 0.1608175163615648 
3 0.3864684384683197 0.5864170023403042 0.053565372680187906 0.0669172846645969 
0 0.21569491830396184 0.6153647231728996 0.02612452707228954 0.08623938910505242 
2 0.8813714630542779 0.5799962459782261 0.03330316666237153 0.09385637122054934 
1 0.4130526003053251 0.5802573349264784 0.019698639941230382 0.06819983793755222 
3 0.6696048419695613 0.5753651560366584 0.06653572469164437 0.08957639302311311 
0 0.9069869524668167 0.5771287988851409 0.043875804809082694 0.14220470934989615 
5 0.3480015994099646 0.576212233087758 0.09013840205420139 0.12751889612289719 
0 0.3385256886209055 0.5917302820196968 0.010724811955515747 0.05815420257373527 
3 0.604628340405333 0.558748458616311 0.02658407861362548 0.04750312412356941 
3 0.6336643274451633 0.5693840134475969 0.0413771450972488 0.05858329282284829 
3 0.018552111190848465 0.6706072769126619 0.03710422238169693 0.23254339783669706 
3 0.7043859511081315 0.5797819039600695 0.10273612027521666 0.11485811767656899 
