0 0.5184532067082313 0.5652438193971332 0.012205187610988731 0.03758172051611426 
8 0.48690569730965466 0.5659213314866036 0.014115702300555739 0.0278012484954757 
0 0.06970280117177609 0.6715619632362126 0.11042228605192783 0.27161744423798245 
3 0.015906636952875027 0.6142372140215189 0.031813273905750054 0.1079359215054465 
8 0.12254947562921045 0.7226878897954683 0.08879826019148748 0.15281777933448729 
4 0.2543383488613985 0.5287497831165385 0.269814484664553 0.16731374038911523 
0 0.10842070629348817 0.5655067564858696 0.01164365250516454 0.046005609135252014 
8 0.4783557449940152 0.5618642083658969 0.006179847332260877 0.02355706700913465 
0 0.48048724055883996 0.5519207348043773 0.006808298175068259 0.03149476446228972 
0 0.04238464531943376 0.6748428064881347 0.08476929063886753 0.3940276137648684 
8 0.48170461630535627 0.563726847915531 0.01012183113343447 0.02591515958806023 
0 0.01047852297686126 0.6792587724820084 0.02095704595372252 0.31127574799194313 
3 0.34730286016208906 0.5516161416938614 0.021543158123884396 0.026956843259777718 
8 0.4787524483540678 0.5626979296733401 0.0060685653271784195 0.02521595458039485 
3 0.41645935161966485 0.5534439049230835 0.029653998493827913 0.03521393754959206 
8 0.47904212255930134 0.5654826786197796 0.006542541615604947 0.028322851200009547 
3 0.34971400797921526 0.5484150044846886 0.028636895243766107 0.03980374108697226 
0 0.13544690159804326 0.5624667773211294 0.013150771126161925 0.045882911069841596 
3 0.5788376528123814 0.5717806913329552 0.20185027945078113 0.11368187324702281 
