3 0.8021593017082677 0.5513786391530611 0.1922542936432801 0.1275124629751424 
3 0.34979549676203237 0.5559417765569657 0.056501102930458916 0.05921513578561524 
3 0.37462071220787724 0.5449817958480325 0.05016832099366319 0.05779011027763854 
3 0.4726621205156168 0.5373439034074365 0.017491686519338075 0.021253581733301417 
3 0.41451343583091205 0.5334608629528097 0.0373576306074105 0.05961151451827991 
3 0.3110516230339423 0.5644835756051205 0.08257736183697531 0.07238020532818559 
3 0.8721252828718828 0.5724205990537933 0.24129241657022932 0.13464828085558053 
3 0.3975669550277299 0.5419403752805266 0.044343146737246784 0.05446612780271083 
3 0.8037406162467017 0.5699315887132215 0.18594940408305077 0.11112299854832006 
3 0.9318107903720404 0.604092087380813 0.13637841925591915 0.2163963930933528 
3 0.9720208320532634 0.6070393359034647 0.05595833589347336 0.25907486059029006 
3 0.6665786360362672 0.5536123044263145 0.12094500479653192 0.0798670604361086 
3 0.6125847498723573 0.5408288509696604 0.05623888052497265 0.03867242578532026 
3 0.897323181151063 0.5825073211508518 0.20535363769787424 0.17267675794537715 
5 0.2339390776341543 0.5385690237978357 0.18684240745005276 0.1880565243967801 
3 0.642159232351961 0.5401070982771938 0.0759034444939865 0.049446970840761474 
3 0.05680219750564389 0.6341733179014525 0.11360439501128777 0.24850412768634184 
7 0.4560604787817177 0.5301610421318032 0.046811645754838836 0.025679970685297097 
