3 0.07574482695240099 0.6256217232889575 0.15148965390480199 0.22207748920413622 
3 0.466784826258277 0.5498045150732886 0.026619785269886835 0.031008312929174178 
3 0.29182024537323964 0.5563961461272833 0.11345779180534293 0.14143870295369101 
3 0.3703630546721825 0.560951238179094 0.06004999098616679 0.06691892060888405 
7 0.49303989419829647 0.5407599316030722 0.024775713346190855 0.028731329006540893 
5 0.3898840145066281 0.5576090323782558 0.05197730441253974 0.06067436196454891 
3 0.9955635570351907 0.5768774040676766 0.008872885929618662 0.08612458655109663 
0 0.1359743428295232 0.5660989135082821 0.0387233477406933 0.11387743244269322 
3 0.18760569495178162 0.5870775842217753 0.1796087082672123 0.16173649263995724 
5 0.9482829272067133 0.550619838889862 0.07718479405451134 0.05684575671114342 
3 0.6937121216439093 0.5538589283502098 0.09658369578599818 0.05944542627062655 
4 0.574194542440355 0.5342083816160319 0.025186066881015493 0.05432281055715792 
3 0.8260666124021765 0.5828596991749717 0.1767226931559526 0.0956658497108033 
3 0.7074515573606343 0.556695173139171 0.11131383270550899 0.07363412527401743 
0 0.16620660962585526 0.5596094142144638 0.03347080963389891 0.11505560184058103 
5 0.904186779601944 0.5557639348793724 0.06401552402550749 0.05001038797067515 
3 0.41404489672672057 0.5594303885823366 0.038245074134761484 0.043754862893074904 
3 0.6565406515550466 0.5490362871923782 0.04299789334008779 0.025551311314258165 
3 0.45300010860001044 0.5839695285168724 0.05155562325078691 0.06489260735793058 
0 0.5432260139329097 0.5486458269873727 0.012032173665386666 0.0405119079172352 
3 0.8115647846048936 0.5681420910216832 0.1900747451029217 0.11585132126477074 
3 0.9616095668301512 0.6052989406160044 0.07678086633969755 0.26561312900939477 
3 0.3349586257448187 0.5677337233491838 0.07810533368478442 0.0711964014371038 
7 0.4470929039373324 0.539165021117716 0.06222652641199105 0.03340739839776246 
3 0.9282212491005417 0.5856225851999566 0.14355750179891658 0.17865861581861256 
