3 0.04649646399950218 0.6417496923422025 0.09299292799900435 0.1954014458191451 
3 0.13004906239177177 0.6011828083968307 0.20589725534479922 0.16876866101768884 
3 0.46699181097074544 0.5508281344396752 0.024895948061609587 0.02915097561696813 
3 0.3237587812367893 0.5562153918990432 0.09083537473999435 0.11943938685059056 
3 0.3817381789586003 0.5594623250963306 0.051924740847416474 0.06002719095784161 
7 0.49095756060931794 0.5425585814132018 0.023764183017783793 0.02756590630440049 
5 0.3983696707100647 0.5569145429694604 0.04625018618674453 0.05516014369853489 
3 0.966020666975908 0.5743362802351567 0.067958666048184 0.07961622841555595 
0 0.18650913458825058 0.5618573888185453 0.03193458979886142 0.09800459433684687 
3 0.2513317752495172 0.5760527566032148 0.13189876593185929 0.12792459911682807 
4 0.5693245957649687 0.5366173096221157 0.02397682945667526 0.05176240397046961 
3 0.7736903391686267 0.5740227760649398 0.14453079756529177 0.07933653076841318 
3 0.6851839258666362 0.5556571216196835 0.098349201626027 0.06535080249702926 
0 0.21234279701775996 0.5574792031955944 0.027811518372304216 0.09948569960374148 
5 0.8737013425290175 0.5559929099932561 0.05674687327740813 0.04602596902484189 
3 0.41982908621439746 0.5599181769603183 0.03490067184758907 0.04025600856436477 
3 0.6480865623950421 0.5511887634973379 0.04094192287498842 0.02434320918979097 
0 0.5482978985725273 0.5500024152440424 0.011242211452066329 0.037763869071509616 
3 0.7665822849557278 0.5638155717957266 0.1582616566294837 0.09762119316235504 
3 0.9068023719111452 0.5847759157704655 0.18639525617770986 0.18820234918944304 
3 0.35439540814218135 0.565256284379402 0.0667493548908545 0.06266904311643688 
7 0.44763383093728804 0.5408457874062277 0.05961497344325707 0.03191954787163259 
3 0.8895609066255856 0.5662965206005756 0.2208781867488287 0.134493058794208 
