0 0.5181398493615904 0.5645721163083558 0.012206424429325012 0.03758560293026076 
8 0.48678198935542116 0.5650986758594921 0.014112042667910316 0.02779059197952525 
0 0.3718527016455975 0.6536191891652992 0.09623859402227929 0.28553195804196796 
3 0.962078634469603 0.5303529035182356 0.07584273106079437 0.12066563634535284 
8 0.43047860705843394 0.7233055469960098 0.07859575841713749 0.1621863880168976 
4 0.4411908262608936 0.5316207051400405 0.050284344869304935 0.10335521730429852 
0 0.13479335447746646 0.5574757600250538 0.01046246976850318 0.04224688642358299 
8 0.4783132111977 0.5611888565515969 0.006181606633406531 0.023557727169464835 
0 0.4826164676405361 0.5535655511894864 0.007229005213139672 0.03336553376545939 
3 0.1856846126402389 0.5902039826173285 0.2139595822550263 0.10746321470574426 
0 0.5115792293969177 0.6546674695351911 0.10531395654898383 0.4172296238091737 
8 0.4816397473824977 0.562783081049991 0.010122828346199384 0.02590270968839472 
0 0.49132904922458565 0.6601125651662035 0.1074364426023012 0.34489996443237964 
3 0.3114373673053223 0.5543861312814325 0.0315197507043613 0.03649325601950112 
8 0.478710224245357 0.5619135987112954 0.0060704552348352795 0.025211557908256042 
8 0.4789994492643209 0.5648058783377556 0.006544644755686022 0.02832336072319865 
0 0.0019132254516585727 0.6657870689056218 0.0038264509033171454 0.2861344323794686 
3 0.32158717610472437 0.5548934909119765 0.04528004241809164 0.05805281372490438 
0 0.10501645286128268 0.558301829170106 0.01474756409958978 0.049977361142639815 
0 0.11134110503646208 0.6393000785880762 0.14792661123333378 0.3419635895709211 
