7 0.38413156753750166 0.5607513841588456 0.11082026293976498 0.11295775293128568 
3 0.8543675260631907 0.5827234954105484 0.11915272648716112 0.07510340213019068 
3 0.9548757441124811 0.6146225462395629 0.09024851177503791 0.09372134271577882 
3 0.8712654068814197 0.5818427495917301 0.12618503145605686 0.06927514424217363 
4 0.783366621595751 0.5502464237039283 0.2550796362464158 0.3840526809772401 
3 0.8365452146693824 0.5807922750915192 0.11031102603300454 0.06376441987807216 
8 0.22914422640948787 0.6033022226760731 0.015164806554299482 0.04592147402787532 
3 0.9284414640218529 0.5993212232885916 0.1431170719562944 0.08597800324292008 
8 0.36117943389678836 0.6003006883594213 0.013739357161350227 0.041131739372223135 
8 0.1107730130331962 0.6229464387501502 0.028366640655206263 0.06586322523655895 
8 0.3835929984698671 0.5235633212346265 0.0310645929170407 0.07606450616836367 
8 0.14543374347269103 0.6194010156747431 0.028634856240737142 0.06576537917772056 
3 0.894208417048998 0.5819198502700845 0.14173068707262176 0.08404275821336372 
8 0.04296400891130591 0.6156274696650633 0.0278636958106739 0.06591738998045041 
4 0.6952059123554852 0.5396383389701352 0.14315946250925224 0.20586700906358266 
3 0.5945362587903817 0.550111006112368 0.03808872367156916 0.028048397764777442 
7 0.15698958158359644 0.5531855592542431 0.28880717532246464 0.15337978136518404 
8 0.07515635292291277 0.6170097598999802 0.029559500448017896 0.06609971030213867 
3 0.9659921689001953 0.6026395793761624 0.06801566219960918 0.10901690708583354 
8 0.3454951077311334 0.5996136207589411 0.014876381185962871 0.04098998271111302 
8 0.25435360448622774 0.6047044588108853 0.02004453186072684 0.046549528037902896 
3 0.9917994454151073 0.6011485233865753 0.01640110916978543 0.10415509352590681 
