0 0.5184933415111895 0.5647752711028456 0.012208150469896921 0.03758294332053071 
8 0.48685162269695087 0.5655319902697773 0.01411915806441492 0.02780743107686678 
8 0.012599091571328956 0.7351611965335385 0.025198183142657912 0.14928224819257757 
4 0.09347356526061137 0.5563711223744445 0.18694713052122275 0.17763724561729022 
0 0.09312187158811684 0.5655674308751923 0.012296190959048516 0.047999048506121716 
8 0.47827247097777886 0.5613928765489268 0.006180785868952512 0.023557361142597353 
5 0.8225516116029884 0.5237245562382369 0.2790322250305974 0.1756126347179652 
0 0.47955465479875087 0.5512608510737935 0.006630753069937896 0.03069119252376532 
8 0.48162079187339696 0.5633588111957014 0.010122883654228474 0.02592153977645157 
3 0.36089303694592345 0.5478543817014295 0.018742010549876086 0.023928499198429577 
8 0.47866898705183547 0.5622694524322928 0.0060695637401585855 0.025218143119888622 
3 0.4142919448238697 0.5569022291239777 0.041668994563863894 0.0431948379507856 
4 0.5784342973439075 0.5273932886691434 0.39613219563829943 0.2692961627535252 
8 0.47895863648104203 0.5650103160681407 0.006543657668608063 0.028323038524839035 
3 0.35684323468929774 0.5486206534857909 0.021861649539317938 0.033467046052670195 
0 0.14365247540964643 0.5601944620758422 0.012651482405960425 0.04450649255564106 
3 0.08368551549334524 0.6048502111898937 0.16737103098669048 0.10919067211788798 
