0 0.5188120909350554 0.5647175780843048 0.012201044058079731 0.03757179511385598 
8 0.4868869636885097 0.5656746309577967 0.014118497454932495 0.0278154785452797 
0 0.039511910634434315 0.5686319296815951 0.01471655779469419 0.055135754310122013 
8 0.47822111134464806 0.5613684742641134 0.006174418923145098 0.023552200807794493 
0 0.4767375269066573 0.5507111343161715 0.006155371652952937 0.028592956761836173 
8 0.4815897588501604 0.5636753976686244 0.010116805079434955 0.02593110969341568 
3 0.38350659370100004 0.5420607075164605 0.013894847631595937 0.018055769898527894 
8 0.47861708451174806 0.5623746394701944 0.006062741050234948 0.02521899992791311 
8 0.4789073091361017 0.5649852057273038 0.006536050206636759 0.028317582673961523 
3 0.37349881824024633 0.5423030231432502 0.01413208224594726 0.022056333193080934 
0 0.16655901553135669 0.5528572403396723 0.011350296706066345 0.04088769245135476 
