0 0.9414634925314599 0.5757831696220523 0.10669482357448004 0.2816455382761168 
0 0.517417735005019 0.5654510573104721 0.012202453702318223 0.037592362184581195 
8 0.4866761681549913 0.5655467813047494 0.014098912103860571 0.027761198036066113 
4 0.4466890635699782 0.5322983796286829 0.01774668495805244 0.03532998723199234 
0 0.19613762666904172 0.5559523152529708 0.007878713312065421 0.03370761027097469 
8 0.47840337345677136 0.5620563538444145 0.006183487549095759 0.02356021372813959 
0 0.48999677354196175 0.5562444672484198 0.008467565003890912 0.04004425886136624 
8 0.4816889962184196 0.5628888307691593 0.010122759516453144 0.025865224007440145 
3 0.2670997248320051 0.5608161933367605 0.04852148223174954 0.051637388623695414 
8 0.479089780220532 0.5656756582827954 0.006546891224495539 0.028326227567385887 
3 0.31566789392227074 0.554420810265534 0.04851102546908905 0.06156090858610058 
0 0.00932650911289014 0.5651502558512072 0.01865301822578028 0.06486256039711381 
