3 0.4644852666529175 0.5478217359388508 0.03073351593479991 0.03540388184669452 
3 0.18767903257072235 0.5620347917798626 0.20137617008981631 0.21773078184347777 
3 0.3365579000654107 0.5636552962727192 0.0816018226573722 0.08583869018941767 
7 0.4961931179526701 0.537470262700104 0.027060962309526745 0.03138287906864188 
5 0.3677505881557031 0.5588852656710122 0.06739579695558874 0.0750927007776538 
0 0.007211673518910733 0.5672095180403117 0.014423347037821466 0.15713640248827043 
3 0.06475739422000441 0.6175044444993711 0.12951478844000883 0.2583512398528657 
5 0.9905879761952585 0.5541753570426422 0.01882404760948319 0.06182649712570423 
3 0.750630272953849 0.561598630430585 0.12625793220289366 0.07703770446715036 
4 0.5845249991590058 0.5314407048525113 0.02795385443820088 0.06009892235267065 
3 0.9241779695478505 0.628157600656504 0.15164406090429894 0.15746527033135735 
3 0.7681595068196648 0.564799479164652 0.14849077100581554 0.0975234452006882 
0 0.025711569976196294 0.5667395639630872 0.05142313995239259 0.16386576488552526 
5 0.9679389669493839 0.560590308881203 0.06412206610123235 0.05940939161318176 
3 0.3994239155430725 0.5602346546753219 0.04683643126278511 0.052474104943818246 
3 0.6746004580657806 0.547370199435475 0.04757718125539583 0.02847470993310992 
3 0.36961042535047367 0.6158245173874296 0.12727846377045643 0.14301360399310428 
0 0.5307576687905354 0.549336966955064 0.014009808229381094 0.04706577091806076 
3 0.9045590723520084 0.5892780696408797 0.1908818552959832 0.1764989488249887 
3 0.27939462767732254 0.5755280914070917 0.1133607406854647 0.09631883290507498 
7 0.4456471027444272 0.5355000608848272 0.06791281199521045 0.03701906119795372 
