3 0.5835700132939787 0.5168610538227562 0.042294236957365144 0.05717673610742212 
0 0.23776119423291636 0.5459523402574483 0.020022445858639628 0.06359627578253853 
3 0.38435476997538986 0.5252609516800616 0.09962515458389476 0.06281115175536728 
3 0.26614559562790857 0.5317879570610479 0.094705577676136 0.06499845132098162 
3 0.4296493687574109 0.5579707076998561 0.09858574008518269 0.11545445242754795 
3 0.3192628146890025 0.5533181629985042 0.1083860167997442 0.09973029081341774 
0 0.22437578757963741 0.5372414147906801 0.023928704637787457 0.07982121191749893 
0 0.9856865594848929 0.5780741997199387 0.028626881030214265 0.18606873320784018 
3 0.4295347528365525 0.5159304305376566 0.03855654961096775 0.04498950470300378 
1 0.46830241320321064 0.507256206105232 0.037089911672637615 0.032521788719318656 
3 0.6444625255121802 0.5181376230171839 0.04937466051188601 0.05893993299431107 
0 0.7675786845600192 0.5037996852175827 0.023205074682418853 0.07838552814376726 
0 0.6988133270858577 0.4990597134351515 0.011410127855661046 0.04822470678583487 
5 0.48726639983888276 0.48531549140901586 0.030288659695185842 0.0502970518711177 
3 0.5051116500738162 0.5028367230852243 0.02968339857552536 0.03848083319221448 
0 0.6975877507307743 0.5044885295134228 0.011248689938973797 0.05073768570141138 
