0 0.24334701668220632 0.6063309547561401 0.027959740300103952 0.09571308752984338 
0 0.8684913417527764 0.589707224929642 0.04751567248154146 0.14644523362867018 
0 0.8067648176411598 0.5776746236118325 0.020126958512120582 0.0832202878568128 
3 0.6425146383998466 0.5682901813901114 0.04261894978488265 0.05962335735586761 
3 0.49883046264167485 0.5509885966529251 0.06981300703373976 0.0438246030335693 
0 0.9043829891542643 0.6000410130999854 0.039997385856419355 0.13572626731532586 
0 0.8369057042949866 0.5797052719214382 0.01926526699653934 0.08320580607481355 
0 0.03603868791902372 0.6171026937188827 0.018887990890782823 0.09463328207638445 
0 0.2801681826575842 0.6000521008401396 0.03561810472280335 0.1206968376103848 
3 0.5813169302994898 0.5520481009946474 0.03265165770176466 0.042989805845988056 
3 0.47911982920817614 0.5665867608015953 0.054800934456505246 0.056635611679960916 
0 0.4019251342237739 0.5653630246031168 0.011842584293081018 0.0527690121419685 
0 0.8329526840790331 0.586922021264084 0.028055164588859184 0.1048399660091886 
3 0.5318122200547386 0.547934605670566 0.028246341904066698 0.03452605532973002 
3 0.48503953634132274 0.5834279924597529 0.0743502751373292 0.09233982913731337 
0 0.865063152665499 0.5757858060605724 0.02590244473397263 0.08971476190228796 
0 0.775232651910746 0.5462341621572573 0.015741362459564243 0.056403966530515645 
5 0.5750674247819789 0.5223205304501213 0.025399269635904175 0.04188367449960083 
0 0.22247532282303448 0.6033730133177256 0.03216870342663714 0.10380529113876946 
0 0.8843782323326872 0.5913770300553813 0.0316238911025367 0.12034238666783804 
