0 0.2769111092817597 0.5871677543774129 0.01382001304785927 0.06683358233400447 
3 0.377556349486117 0.5717606509378885 0.04119211282053236 0.06724649915624739 
3 0.62731235536678 0.5636803485465232 0.04340440710477943 0.05341348715492068 
3 0.9406889722383771 0.5593637666446732 0.11862205552324583 0.13878968649180787 
3 0.9847073261726348 0.5384699876472085 0.030585347654730272 0.11911354442275353 
3 0.3935825114355997 0.5647111930610338 0.03931593431454509 0.06798378326815124 
3 0.9014015352251857 0.6575105607635057 0.19719692954962867 0.23884713094327853 
3 0.6807223440577499 0.5779703800320297 0.08203100493329331 0.10463524824376305 
1 0.10055437586687259 0.6825451333429254 0.20110875173374518 0.186062419847693 
3 0.3357081293716734 0.5893444666390468 0.07419410006711612 0.08621449848666436 
0 0.08717854857640055 0.6329845744933957 0.04000607976485445 0.1195756920019902 
1 0.3155622282535878 0.6005880353302668 0.043820293359220094 0.12544971908721386 
3 0.722825940446032 0.588512113119519 0.10828560616537758 0.13302445585476014 
5 0.2692978629270683 0.5748139537483516 0.13887597608308214 0.17904548621106794 
0 0.2910121219424516 0.5921923854062634 0.012938121434341775 0.06988870469602337 
3 0.609593490724385 0.5558991180905646 0.032343523896834155 0.056517185945028685 
3 0.6540127157798951 0.5738900433458617 0.05644272973134768 0.0759807212616644 
3 0.8053575394590091 0.6095530225658504 0.1972091668739054 0.19591416118541974 
