3 0.9396818745903628 0.5236459610252354 0.1035219071515894 0.08710507371923604 
0 0.3367152861924642 0.5776413457543604 0.010951807945165228 0.05340011217147119 
3 0.9537021996928345 0.5345133874393824 0.09259560061433092 0.09012211896787271 
3 0.4188852857415118 0.565064422960898 0.031045619083723323 0.05348690369076558 
3 0.6161728074207297 0.5518306442717997 0.0325960099232551 0.04196974702243356 
3 0.8212701603667983 0.547000850056566 0.09300735577283206 0.08842176030063627 
3 0.8847439978128566 0.5297746784315503 0.10185872923235095 0.09040472493055682 
3 0.4296065579027294 0.5581441862577108 0.030414012285858334 0.05507061629276235 
3 0.71867670636519 0.5762278262425548 0.0797911270105196 0.10510294978754403 
3 0.6435122827270935 0.5589580467956082 0.0517032979086224 0.07136948896079408 
1 0.22197921271486792 0.6385770501836258 0.23624319948666297 0.13395156589542667 
3 0.3964850486436477 0.5722742456047507 0.049982584803192724 0.06321958279310409 
0 0.2373378038043319 0.6011387871758385 0.024101621854018127 0.08053279243186814 
2 0.8467437688390607 0.5655726216351914 0.023346191630850086 0.08351088495984445 
1 0.42762921238339757 0.5677765070094944 0.017016386017810064 0.06021917497840289 
3 0.6615106910265829 0.5610807008413958 0.060278788887392666 0.08261615667986752 
0 0.8742874118225897 0.5661072633978141 0.0383721466347572 0.12880024080534175 
5 0.36219557110846495 0.5641421999056748 0.08264911178776388 0.11877520267559734 
0 0.34787468178933606 0.5817109281991355 0.01033623564838102 0.055907542894214166 
3 0.6040660655578391 0.5498154371774944 0.025369352627523014 0.045601269008123245 
3 0.630336925456499 0.5579271818364987 0.038625456997665356 0.05529256420424948 
3 0.06129084133202538 0.6598262807988551 0.12258168266405076 0.23023891544176953 
3 0.6908746055307522 0.5689564657655538 0.09093155245102792 0.10380093752886069 
