3 0.09839417712996412 0.6146029787826941 0.19678835425992824 0.16810698656890002 
3 0.2156164215593519 0.5747690591869637 0.14381634153466372 0.1302264236878004 
3 0.46829176238660025 0.5453671778765865 0.023431412663147525 0.027739691636933482 
3 0.3480085109662224 0.5448316252022753 0.07530443633650091 0.10362593810721807 
3 0.39246867941128605 0.5507549513370638 0.04545936687935665 0.054737279189985895 
7 0.4901300296988659 0.5381657182897235 0.022904340959835352 0.026730822599976136 
5 0.4068350101875238 0.5490504215717926 0.04161948945656576 0.050867865876659896 
3 0.9421046544504926 0.5716753477183993 0.11295823652758358 0.0722272787266267 
0 0.22742625676414308 0.5486329765073641 0.02723091435506017 0.08581602369654534 
3 0.2964561985632706 0.5598340515262106 0.10248371719719429 0.10609635195786432 
4 0.5649635676651902 0.5339144401923873 0.023082692663303137 0.04969341675031975 
3 0.7361558232421592 0.5656512273982387 0.1220587189905028 0.06911646183513584 
3 0.9782433217443219 0.5817036385932013 0.043513356511356134 0.06929599919763677 
3 0.6678677065980478 0.5516211144503954 0.08813874290758826 0.05976064518822562 
0 0.2501496458706375 0.5462588598978203 0.023911572206557707 0.08743229501808697 
5 0.8479791781041585 0.5557279835543163 0.05095899456031944 0.04301704768898901 
3 0.42536554056245834 0.5523047961135202 0.03193598616875128 0.037451070326698324 
3 0.6412399395038627 0.5493998698904571 0.03914815314554545 0.02379036168625021 
0 0.5536024317532607 0.545000505236147 0.010605892205316962 0.035433372574439216 
3 0.7336109262027142 0.5585087902817563 0.135448634477968 0.0858308140968209 
3 0.8664683398890378 0.5731135900542942 0.23151180538686547 0.1457938039582814 
3 0.3713463198259997 0.5553998870026404 0.058051093709969595 0.056314313560453556 
7 0.44931314247500326 0.5357660946072302 0.05724679891279685 0.03134001699818359 
3 0.8231208212612395 0.5535138539914689 0.18552445747030605 0.10863248072199155 
