3 0.21996996158154442 0.6053402060073824 0.19108150558888176 0.1555529472726732 
7 0.44690449893961887 0.5420945652333647 0.05742740324302645 0.06182060857649541 
3 0.9720982543846386 0.5794117435859708 0.05580349123072296 0.1197737315043979 
3 0.739032172094976 0.550742226036194 0.07061472520169403 0.04487449521827879 
3 0.8672178181315465 0.5608798385550154 0.12452987416100726 0.05946425480033939 
3 0.9351798036228884 0.5739766421265265 0.12964039275422323 0.08010337311888559 
4 0.6339510263168118 0.5242827041378538 0.07502857289781403 0.1426074397521123 
3 0.7337128379337143 0.5499082399147559 0.06775787393328414 0.03895797427435013 
8 0.37639448730470476 0.5653278917258827 0.0075148329031599565 0.023299498938110962 
3 0.7658905524693103 0.5547319433083553 0.0866542219476419 0.046101876218882704 
8 0.4394802491528634 0.5625091376003966 0.007584447819099367 0.022204142292697307 
3 0.8202791223750217 0.5546308791945656 0.11190899843697494 0.06252068961474624 
3 0.7512617345136064 0.545661337205584 0.07891138304794268 0.04720861190201693 
3 0.9191285457706411 0.568172339127498 0.14146359241332435 0.07527727991170916 
4 0.6201886442502738 0.5270848960721884 0.06441263974806048 0.10522595637880196 
3 0.875355727185046 0.5595040783953072 0.12548246490391335 0.07546784003673047 
7 0.3332785809487832 0.5382489391036004 0.1435287477699307 0.07518252180086644 
3 0.9505065307924305 0.574446171359176 0.09898693841513904 0.10886332653890589 
3 0.7968230877444498 0.5559225915553241 0.09878809424257909 0.05685900436344222 
