0 0.5188223976349192 0.5647045305124743 0.01220304811870136 0.03757447308636661 
8 0.48694406260602885 0.565625950730274 0.01411953986539558 0.02781464124703973 
0 0.04784002421408468 0.5678563585791786 0.014322517554578057 0.053992706504609106 
3 0.006304405639623298 0.6140578632395438 0.012608811279246596 0.12511313171177132 
8 0.4782871135647181 0.5613473515652209 0.006175935188982038 0.023553325707045346 
0 0.4773426873336581 0.5507532122531085 0.006213718712344374 0.028842082063870105 
8 0.48165673813873 0.5636018714264163 0.010118503473405198 0.025930146969352565 
3 0.3821664668762834 0.541601681459838 0.014322026462863348 0.01863946518668172 
8 0.47868318798131015 0.5623535781552307 0.00606437006595236 0.02522009296172074 
3 0.03952737392462889 0.596576261119692 0.07905474784925778 0.07882588722712493 
8 0.4789734301809713 0.5649641761930809 0.006537868568033076 0.028318756612902816 
3 0.3711945152205792 0.5429011153036293 0.014813045873542876 0.023104866130689742 
0 0.1624276944076526 0.5531023741142443 0.011536193206546646 0.041374756632959336 
