3 0.36793127988177793 0.5586913097431118 0.06839887955093772 0.06926651713082094 
7 0.4499786430777805 0.5354348813102638 0.040608778525578086 0.045444025023186896 
3 0.8001329076147654 0.5554712933545454 0.11649514249544467 0.06567412393486936 
3 0.9006716354216967 0.5578760927420557 0.140264704085034 0.08532896657146258 
3 0.8668610273405262 0.5593564299108084 0.1352874869891673 0.07907143257374236 
4 0.584236151407796 0.523488314017199 0.04675687149972106 0.09432967025807873 
3 0.6860635748665155 0.5438818072498456 0.06182258048936177 0.033746364852192165 
3 0.09552667510880275 0.6269953381992817 0.1910533502176055 0.18490076715346088 
3 0.7127851751901667 0.5435595105601777 0.073636941046869 0.04274937073110329 
0 0.3164991714390491 0.5703359724496836 0.03738296246252627 0.11422435597496783 
3 0.6787119850979997 0.5410745614135858 0.05722290123900407 0.03512870002085372 
8 0.9095515142333074 0.5919299378532029 0.026123148460505802 0.07055766831658047 
7 0.36942069851831766 0.5311840710156253 0.1028540396890078 0.05441137224061227 
3 0.7834641864031225 0.5506996144059393 0.10151268012492125 0.06267656397539055 
3 0.7028614178447529 0.5411058948795686 0.06778972688893348 0.04039919471507782 
3 0.8363818934427448 0.5649753005629178 0.12452077511446859 0.0695322099228855 
