3 0.5544429393757062 0.5602176836872725 0.04051611582273388 0.05349607194229646 
0 0.01289453357341939 0.6234078608922179 0.02578906714683878 0.10468478247132376 
3 0.30930857572805337 0.5777831899607107 0.1521163404569681 0.09051215278596866 
3 0.725515179271837 0.5386645857926845 0.030816948111360036 0.038322818227335034 
3 0.09548201972388722 0.598393072828981 0.15683917961216287 0.09690432751239005 
3 0.08374859446965134 0.6660829746798025 0.16749718893930268 0.22681334522568225 
8 0.7245300310971748 0.5985924957758985 0.01252605848496316 0.04505480893602655 
0 0.004186965101365171 0.6053118229115149 0.008373930202730343 0.12825074936279887 
3 0.6076907070325059 0.5483441781700059 0.024164237063601848 0.038855231767714715 
3 0.35836320014799633 0.5724352702906331 0.05524008694576793 0.05919049198529384 
1 0.4177540449593493 0.556294335933346 0.0502176564397611 0.03855041392723251 
3 0.6596115148911619 0.5830158777838819 0.08174679323985273 0.08846739264519808 
0 0.842561622731765 0.5650010927985136 0.0376500591761355 0.11693235074670888 
0 0.7038734823927447 0.5567240921882405 0.014381920205405123 0.06068011286405187 
5 0.44554126619076334 0.535907073807945 0.03622348970690425 0.0589865725781305 
3 0.4475528070196766 0.5624675412233685 0.04853609173855304 0.05775904737433791 
0 0.7177507456855616 0.5670231561399006 0.018299766635495446 0.07202350706044064 
