3 0.8783882657794501 0.5191441791479743 0.07919210842637966 0.07212791351950462 
0 0.3589249564049524 0.5634649312255635 0.009824201415316054 0.04835947579033214 
3 0.5900326588017529 0.5634334675832431 0.06760672160372984 0.10340139420793536 
3 0.8800282083688161 0.5264695547237233 0.07282616871644593 0.07197294952891822 
3 0.4358847584884326 0.5545469552338348 0.027128631925975526 0.047710672370341045 
3 0.6124874375223774 0.556456217590904 0.028381255541504728 0.037194447957075646 
3 0.777204855712923 0.5393412388298073 0.07145028561697445 0.07254377935517349 
3 0.8302648414161508 0.5238675336630373 0.07744559221635569 0.07425000703542076 
3 0.4448217970993693 0.5482942821031321 0.026839677491743787 0.04949691540969752 
3 0.9729735147381908 0.5163903206945359 0.0540529705236186 0.08002183415873668 
3 0.6802125430736626 0.5638628856507484 0.05622926333984524 0.07937364241786604 
3 0.6320237814012472 0.5480059879739099 0.04233521430104858 0.06023235807030214 
3 0.060773200775835604 0.6856493785293428 0.12154640155167121 0.2000952741473908 
1 0.30652465673985274 0.5989705016964785 0.14712685781502693 0.08969353492827982 
3 0.41914323056486413 0.5589184168337484 0.04197924457773368 0.05466011062838637 
0 0.2841903825157009 0.5811152405077049 0.019405906319499237 0.06903669514215538 
2 0.7813775368091773 0.5512939434655622 0.020059417097569112 0.06397446081473321 
1 0.4600363343221011 0.5500110446537732 0.013162701305161449 0.04502074800661325 
3 0.6443432998220324 0.5488038102007415 0.047523879630208585 0.0677314438636546 
0 0.811273521679006 0.5516816446925245 0.02854889992365756 0.10300646771636555 
5 0.39387049262327906 0.5519182060815351 0.06642178056016064 0.09914991585708884 
3 0.08562505258705105 0.736365629310417 0.1712501051741021 0.31946480272331995 
0 0.3690333926451831 0.567383266530658 0.009274577925007108 0.05064663210599438 
3 0.602265190639168 0.5467404307746255 0.022438117410107525 0.040926000515607436 
3 0.17187670853856749 0.6115922276550311 0.16952844113321547 0.16156184995026954 
3 0.6638369737468139 0.554366080281424 0.06848524237506638 0.08166954403393265 
