0 0.06065461055748642 0.6875858169033388 0.12130922111497285 0.38511232731307393 
0 0.5180446551190512 0.5642078628137754 0.012206868664999605 0.037587389218236414 
8 0.48678286574428753 0.5646732314349688 0.014109954841465893 0.027785428239040406 
0 0.5285335632300625 0.6603635649804978 0.09011741029837751 0.2967545261533783 
8 0.5954054573944836 0.7153481897740509 0.07371733880246752 0.16711545318909102 
4 0.44779389695727334 0.5355541869211322 0.03933600363812751 0.08092131888782357 
0 0.145652679166836 0.5555294663593451 0.009960422639151662 0.04058794600528908 
8 0.4783530641441789 0.5608235913125094 0.0061823704262042155 0.02355784851974104 
0 0.4830191358185701 0.5525491868936078 0.007406641879878819 0.034172224868845864 
3 0.8036553956564874 0.5480869671939859 0.22188075835311524 0.11437218422395436 
0 0.7663275541517294 0.6541953807312397 0.11978571593015232 0.4322799037873131 
8 0.4816804791945969 0.5622832556217976 0.010123713386405626 0.025895882453190085 
0 0.7566038715303981 0.65084678566204 0.11731249458283544 0.3483629212380541 
3 0.2924284103996297 0.5566168085833317 0.03859948907827977 0.04306033144641162 
8 0.47875033316611254 0.5614829734096545 0.006071283546906799 0.025208651855004593 
8 0.4790393792666886 0.5644397980860193 0.006545565507603399 0.028323377808292523 
0 0.1065375668661363 0.662815750864963 0.13784225873729483 0.32425407209279117 
3 0.3166912160403746 0.5531552851660098 0.04815670760190365 0.06124495600460591 
0 0.09208483030965355 0.560851824784862 0.015502990051206585 0.051906777847620635 
0 0.2766705715967643 0.6265523480813904 0.1345529728005173 0.34875853075897145 
