3 0.4378390198151202 0.5398500069717528 0.04009934959361324 0.044335465952258665 
3 0.1834449506464736 0.5853424747345806 0.17627907789895617 0.15283527247051362 
7 0.4816760261306588 0.5248489586483018 0.03127983216012069 0.035698562143715425 
5 0.271259777883681 0.5627361556350754 0.12247113574431324 0.11812114888166049 
3 0.9617498561339338 0.562034202522375 0.07650028773213265 0.09898097084364489 
3 0.7746041571224928 0.5358574329193635 0.08770642532955022 0.05159308822067323 
3 0.8946972336693534 0.5620735126714327 0.21060553266129303 0.13136890466602735 
4 0.587908053385799 0.5151494087012686 0.033941424192176016 0.07082386527189928 
3 0.6729130565610941 0.5280253369671689 0.04917824036074805 0.026251102898551343 
3 0.9081580090738547 0.5732952619313832 0.18368398185229068 0.1832708891614125 
3 0.3357085228153101 0.5635420730665328 0.07686218045474831 0.07615069639270625 
3 0.6892478273683708 0.5287639435587373 0.05629155005979314 0.03215993883533037 
0 0.48109697821534236 0.5420510222106488 0.017982420974415162 0.06290881207737692 
3 0.07659435902913035 0.6278125605987366 0.1531887180582607 0.2055939915501354 
7 0.42060809832234536 0.5243943250030355 0.0794610930447223 0.04122110946720751 
3 0.7586608203526101 0.5406107847943351 0.08316936116107045 0.04622493983981965 
