3 0.46154540046287246 0.5387511444325169 0.03340890972826813 0.03815660513206821 
3 0.11440525607507639 0.5653235384336155 0.22881051215015277 0.303856210739918 
3 0.3079347235328492 0.5592632813357206 0.10002029028224875 0.10086353544702326 
7 0.4969659764750995 0.5273078846952759 0.02838674122393357 0.032883480930395184 
5 0.34951148344308414 0.5515961899465607 0.07954600796033233 0.08578373359308279 
3 0.7945858828124606 0.5582724714561872 0.15107591435057457 0.09050354198367491 
4 0.5902931959585255 0.5211444552678519 0.029710893893911745 0.06357592302179588 
3 0.8165032707799006 0.561040777311272 0.18075911810383574 0.11678065963523036 
5 0.9892993253064524 0.5508398106764532 0.021401349387095224 0.06121965980824617 
3 0.38743025475093745 0.5535599990731332 0.053194569329572804 0.0586142660972336 
3 0.6845080844374094 0.5371972184067363 0.050423016045475326 0.030007541264735853 
3 0.16628555739665 0.7241745672477167 0.3325711147933 0.3949891796213936 
0 0.5210581324069145 0.540682329562613 0.015194047035616621 0.051495390345628556 
3 0.9522820452695955 0.6003390547085865 0.09543590946080911 0.24078014168307701 
3 0.22925732455308612 0.5755993909923705 0.14735201742602475 0.11843507684693792 
7 0.44337634654355895 0.5255216765152643 0.07138365884256864 0.0388530891551554 
3 0.7387199127411848 0.5471000424024449 0.07125450153935332 0.04157445790939195 
