0 0.5189776859697274 0.5645837836666164 0.012197131324478222 0.037567102262100256 
8 0.4869935341821312 0.5656111069074198 0.014116598667391927 0.027816616914413304 
0 0.02856089401858157 0.5700085454307496 0.01538194553329042 0.05718002133567994 
8 0.4783080769761638 0.5612511535069287 0.00617149479566244 0.023549547793697594 
0 0.47576684410718323 0.5504723139239612 0.006041610431209677 0.028106784154416448 
8 0.4816972875557343 0.5636355274385078 0.010114731189704785 0.02593125943910018 
3 0.38617038337823817 0.5427441891174689 0.013121309792656107 0.01699086897822541 
8 0.47870398648143164 0.5623003389124109 0.006059621247624066 0.025218338776015734 
8 0.4789945498493918 0.5648672803462321 0.006532570782056482 0.028314729532994472 
3 0.3780907385425535 0.5406392083866122 0.012853979717348522 0.02008746330339995 
0 0.17623188783573504 0.5531795401485193 0.010958835444229216 0.03988482161523052 
