0 0.5186585406273382 0.564947382893952 0.01220920308799883 0.03758385192118946 
8 0.48698221463227714 0.5657020218974443 0.014120470020640213 0.027808489456749234 
4 0.05230139103226398 0.5565806599415671 0.10460278206452796 0.17839546847638346 
0 0.08752384157677327 0.565914933787201 0.012547034213024678 0.04874866655710832 
8 0.47839204300943766 0.561560809524928 0.006181255015641298 0.023557790059430078 
5 0.6339881082360138 0.5456489234940864 0.255115455467595 0.1745373443376783 
0 0.4793818251978911 0.5513586932929405 0.00656956854625804 0.0304138314817673 
8 0.4817527985181401 0.5635809694488371 0.010123918281597994 0.025924849628425096 
3 0.3651916394135455 0.54701790522787 0.017918159840482346 0.02300497167585339 
8 0.478788641538196 0.5624592618919266 0.006070075334766187 0.025219566870867995 
3 0.4069788827983817 0.5590822039556256 0.05618512556346609 0.047697714449995106 
4 0.3324433366740175 0.5398561087742564 0.3897065020237092 0.26534036065895483 
8 0.47907847984305946 0.5651786819930747 0.006544230079709124 0.028323522695534332 
3 0.35872942746301784 0.5502754730007157 0.020590392619980663 0.0316208803632997 
0 0.14665396095995614 0.5597398653883349 0.01248209020078038 0.04403115733075683 
