3 0.3449674273288038 0.5731628175785235 0.08236784424928363 0.08025062942092138 
7 0.44483873429070514 0.5452127813565817 0.043887197819386825 0.04857956976113144 
3 0.8338762274105621 0.5680990172951139 0.1328393194503215 0.07354746952222986 
3 0.9385989623602958 0.5721135885590004 0.12280207527940831 0.09828000378781471 
3 0.9159924162715133 0.5718015763964733 0.1577988739116293 0.0902979435915498 
3 0.7984707736605822 0.5648888018608496 0.10272983760519637 0.05415841048700467 
4 0.588629392905683 0.5322898564991002 0.0513174445224778 0.10273850940455033 
3 0.6966621003869128 0.5535558442637527 0.06628918146095686 0.03579077449249534 
3 0.036822000428641304 0.6550980769094182 0.07364400085728261 0.2029569060405386 
3 0.7277126761598803 0.5523018457042328 0.08010390519156033 0.04597084244370156 
0 0.2313535630345656 0.5916221290513548 0.050437834986618774 0.14423307992938797 
3 0.6884857920156293 0.5501740392602988 0.061176077324266345 0.03718906931889958 
8 0.9937385131574868 0.615603911834657 0.012522973685026386 0.08805083240778079 
7 0.35731989909303996 0.542265898440803 0.110973737229981 0.05799803151139827 
3 0.8125286335049962 0.5615224160993444 0.11443353927785226 0.06956449410221864 
3 0.7158129444189416 0.5522258794108749 0.0731924801543967 0.04313440540146296 
3 0.8776605643886353 0.578012817348062 0.14329855107383438 0.07847724018992298 
