3 0.14372502737945286 0.6181250226784942 0.2699199933647317 0.2033671721391157 
7 0.4494682458512178 0.5296618259627209 0.06188588182042537 0.06600167833812134 
3 0.7607993072513698 0.535534020527643 0.07594063327454677 0.04731207179751992 
3 0.9113532646649123 0.5473579862926339 0.1403251535882117 0.06496930656107339 
3 0.9612840822002761 0.5620202384676506 0.07743183559944797 0.089426324213348 
3 0.7650783807599626 0.5345306458405852 0.07875659483204288 0.04200908137812784 
4 0.6526192539611726 0.5075096294896102 0.08507651705884349 0.15788292441437526 
3 0.7545468558468942 0.5346604908725766 0.07259633157769031 0.040876068713419804 
8 0.37234725268763 0.5540220638602186 0.007936970848993141 0.025131061236498213 
3 0.7922825422436468 0.5409287774833991 0.0942779169753871 0.04901698239401147 
8 0.4407498266126497 0.551460331352347 0.008042545903777168 0.02386912710596783 
8 0.43352186147137206 0.5101625366226074 0.023779014897962084 0.05816541176769413 
3 0.8573515314510729 0.5403040658032746 0.12493787751360075 0.06802253635392244 
3 0.7752713442186003 0.5330224489341955 0.08543505166023152 0.05009351388707703 
3 0.9474511790167703 0.5552098116356022 0.10509764196645932 0.0831074292740212 
8 0.31193660333198 0.5529245089346424 0.009201994178190169 0.03023991364641966 
4 0.6357038161333164 0.5110303469937856 0.07069108892364795 0.11360154725278714 
3 0.9228845308434126 0.5455373041616279 0.14260884879649738 0.08350804125210945 
7 0.32662033853148814 0.526180527117133 0.15464156295273668 0.07999714019501912 
3 0.9845308768212628 0.5619616057294156 0.030938246357474386 0.12163556187051389 
3 0.8282120769972637 0.5409397407959443 0.10878684598712482 0.06114434169881614 
8 0.4314399014208176 0.5520158347058749 0.007848025275162982 0.023669981252011148 
8 0.3867672354291012 0.5543008252690835 0.010442636861840953 0.025441274238242245 
