3 0.8951927982173297 0.5178327297804961 0.08538713229875086 0.076145604311289 
0 0.35387168833651733 0.5663047583039896 0.010157621896456987 0.04967883234434434 
3 0.5889841108701424 0.5617756290340041 0.0638599244347371 0.09431028321615618 
3 0.9005777571250323 0.5238933208562215 0.07982172808405806 0.07677738226951128 
3 0.43192763700245096 0.5559185748170744 0.028222183602041824 0.04934401468454616 
3 0.6143192263607317 0.5575367893240257 0.029569817348337964 0.0385702180907184 
3 0.7892870465445823 0.5391197184471108 0.07689376002154517 0.07674674588139023 
3 0.8451722960718866 0.5230698912026704 0.08362497830050884 0.07855890809196316 
3 0.4413442861797397 0.549839822812116 0.027848699311362708 0.0510845876503771 
3 0.9845098308805018 0.5157322260502699 0.03098033823899641 0.08053984919861035 
3 0.6901682036701442 0.5632218227265549 0.06178466192860199 0.08571954894040662 
3 0.6357298975578791 0.5487818780319221 0.044815585176746144 0.06325853367463039 
3 0.027380253088263484 0.6919616926055806 0.05476050617652697 0.19414763763119064 
1 0.28720272837942346 0.6077426431350219 0.166685119928544 0.10007300348412199 
3 0.4137755019496676 0.5622585793831283 0.04411655853372224 0.05701609778498967 
0 0.2724740669061124 0.5830821544759898 0.020564433534688398 0.07209210306142647 
2 0.7969762897058169 0.5532325505364306 0.01875448642682116 0.06883496088440218 
1 0.4514531156809629 0.553493122412872 0.013722373828701607 0.04893972155940099 
3 0.6494802018168031 0.5515004615996447 0.05080967177940849 0.07167214661610248 
0 0.8260857729246713 0.5520769420371655 0.030755533332759627 0.1088656434280377 
5 0.3860785011610704 0.5529606381584528 0.07070203460815108 0.10445094095585362 
3 0.018700724537117536 0.7703972865204287 0.03740144907423507 0.35824333362920935 
0 0.3642584597599948 0.5702325244329303 0.009595256810707725 0.05202244909160015 
3 0.6035586511144644 0.5493696424011281 0.023279260571578034 0.04226474443011303 
3 0.6253324185505783 0.551197605279278 0.034147501918707024 0.049781704464518586 
3 0.12581621718767916 0.6211182331135446 0.1989144280873823 0.18425265487610804 
3 0.6712759095625402 0.5555287903087546 0.07404335431718145 0.08733459116348961 
