0 0.8920244058310496 0.5805550158567949 0.10567667815436707 0.28313102761241266 
0 0.9745271997709277 0.6334216436479531 0.05094560045814461 0.39033366335117836 
0 0.5174963969373182 0.5654047058762054 0.012203519966634104 0.03759260303477971 
8 0.48670809252191066 0.565526808211164 0.014100151928593548 0.027763858250727934 
4 0.44697624237288325 0.5325783406402264 0.018374793491087615 0.03658875654713724 
0 0.1930626694762112 0.5548924261725273 0.008003643335623459 0.03414602755000677 
8 0.47842515327407886 0.5620079187889664 0.00618388399899942 0.023560444836557823 
0 0.4889766960120763 0.5563927598113538 0.008354386457129053 0.039547703588591505 
8 0.4817109006813923 0.562893258194937 0.010123207281858271 0.025868537342290603 
3 0.26740102034475427 0.560743712461308 0.04844891630269796 0.05158982837853052 
8 0.47911160317474144 0.5656271418111743 0.006547367730760598 0.02832645375141807 
0 0.9743764454976441 0.617917755976263 0.051247109004711716 0.3500079497869163 
3 0.31569161058741635 0.5543624150818409 0.04851095359801093 0.06156264398689132 
0 0.016186081955655452 0.5629400231730896 0.020405059640879346 0.06373601380169241 
