0 0.5183505013361961 0.5650433198669859 0.012206142967725242 0.03758349386352424 
8 0.48682929108481743 0.5656888838876487 0.014114879351075232 0.027798902455262148 
0 0.1085150034569423 0.6665687225293389 0.10892289938126454 0.27468643168547197 
3 0.11571045637021823 0.5873147336002091 0.2109064563509917 0.11500051973396694 
8 0.17161763530949617 0.7256497661809332 0.08635532156130692 0.15331355424024914 
4 0.3148779657823005 0.5252753584710366 0.23419604661694637 0.15709561440799816 
0 0.11278797748015912 0.565060799646528 0.011432803125106066 0.045336175654399354 
8 0.47829938771897246 0.5616618731389212 0.00618042305994635 0.023557363917010875 
0 0.4804224479018248 0.5520909410629907 0.006878212703244699 0.031816321062316064 
0 0.09705662927205752 0.6694313222499079 0.1413053668443361 0.3984604505319516 
8 0.48164820575294853 0.5634704435545398 0.01012247148633982 0.025912791167446332 
0 0.05138191489306455 0.6811694021016999 0.1027638297861291 0.32881501979736916 
3 0.34259931883650935 0.5518496706021712 0.022762859646609287 0.028185689627091632 
8 0.4786961051725879 0.5624737374853341 0.006069178593407685 0.025215230528286333 
8 0.4789856200805359 0.5652799232551333 0.0065432246142441385 0.028323115684380583 
3 0.3464212160166373 0.5483834975740096 0.031166068035817177 0.04274632676914608 
0 0.13229487636099566 0.5623303397924917 0.013338295689118968 0.04639802042807819 
3 0.7714185069052845 0.5504733374987457 0.21894052158012897 0.11522285091644999 
