3 0.8638870756809465 0.5191278103963599 0.07422598657915998 0.06884447863996797 
0 0.36196794089351186 0.5601378336203762 0.009569896590938853 0.04736919550511914 
3 0.5856061123012285 0.5667810626798463 0.0749565132255669 0.11464423548610739 
3 0.8627266262452302 0.5256057159757898 0.06735992835250074 0.06811975652246625 
3 0.4384923452039615 0.551657342085969 0.026224494550664376 0.046342572995113 
3 0.6102362955195626 0.5545987736459463 0.027386252112734655 0.03604001083883443 
3 0.7666374814841652 0.5384895478991657 0.06709932431506274 0.06912930739245951 
3 0.817368099051019 0.5234273187897809 0.07251401712952942 0.07074580506767411 
3 0.44705835271221134 0.5460712054096226 0.026000281682173706 0.04816258236160713 
3 0.9632440523886299 0.5164093617319241 0.0735118952227404 0.07793183329099249 
3 0.671688841004079 0.5612781886398018 0.051971747979200275 0.07442347661481853 
3 0.6282502935143794 0.5449063741312158 0.040312681928276466 0.05775016701988003 
3 0.08342133164948048 0.6747239465317649 0.16684266329896097 0.19307020856142318 
1 0.3207447611349539 0.5911011628742956 0.1327460501095883 0.0818953189811883 
3 0.4229386431746924 0.5566057379345792 0.04023564619298256 0.05271598580355279 
0 0.29268363122625896 0.5788520375490823 0.018527064747954007 0.06665818961956405 
2 0.7667105267944783 0.5489422469760349 0.016096339468286088 0.06023407787464925 
1 0.4659362504471558 0.5462007404502223 0.01207956060028117 0.04191262888871424 
3 0.6395257353250099 0.5474213890307723 0.044899049811629725 0.06454291472330251 
0 0.7993704692614074 0.5503227701429447 0.026891626312429223 0.09856400373288383 
5 0.39933143033547724 0.5487133346180267 0.06311212325696779 0.09498104635981026 
3 0.9840340103373723 0.5493868729410347 0.03193197932525536 0.12025780605257656 
3 0.12833792610894718 0.7116336176624575 0.25667585221789435 0.29349014551803004 
0 0.37208984343961077 0.5640327067706027 0.009027352160288302 0.049558376819640745 
3 0.6004663978038164 0.5434141946763155 0.021729773099511435 0.039795189416801 
3 0.20443251909997917 0.604038215785916 0.1501883459945263 0.14552196809443843 
3 0.6571800873875008 0.5504192484347424 0.06411577522877053 0.07716301731413416 
