3 0.9718692231814637 0.5396505779016744 0.056261553637072415 0.09679341473739606 
0 0.31128947353157144 0.5906870177107055 0.011949365970177865 0.058831131296444523 
3 0.9931179287108453 0.553261545169713 0.013764142578309447 0.09660404588641396 
3 0.4005635255251125 0.5776062888310591 0.034982348764835934 0.05904992992156116 
3 0.6194638751828099 0.5684957009393051 0.036904910017045794 0.04650911172093275 
3 0.8732742049003359 0.5622948232615178 0.12099741842045887 0.10685175384621326 
3 0.9412869104782813 0.5436576137144258 0.11742617904343745 0.10840648195490808 
3 0.41334735291079583 0.5710047682953008 0.0339035992400153 0.060344913764906145 
3 0.7748410099229615 0.6155539038119222 0.11789488123672044 0.14203888287721889 
3 0.6561603332646548 0.5751823261989703 0.06265525587426367 0.08361434660865168 
1 0.14491850308994425 0.6888992495730211 0.2898370061798885 0.19972463516366498 
3 0.37113969357252147 0.584461620780342 0.05892695358243735 0.07208647174031986 
0 0.18091746292491748 0.6234393110688617 0.029334739398039034 0.0949857453513443 
2 0.9421950723364811 0.5953572879445513 0.055940129268308283 0.11174613756088483 
1 0.3915792232795344 0.5878458248313229 0.023206451925540748 0.08066677189458232 
3 0.6819640159715025 0.5820336195158147 0.07637438564519598 0.10010746291043758 
0 0.9665908340520224 0.5880859194830442 0.05389511310408821 0.16644829436450997 
5 0.32631316042951675 0.5762041876686398 0.10188009233706286 0.14060887055314816 
0 0.32361990262819534 0.5951897925748777 0.011232153464944758 0.06156346941629832 
3 0.6051248493675149 0.5643028859410086 0.02819458162196163 0.050031188506551985 
3 0.6382539517208952 0.5743596201125757 0.045352631783185306 0.06319093482538468 
3 0.7266522442217763 0.5936067686526749 0.12269786897081289 0.13268656072385107 
