7 0.25200388263982704 0.5815061475335369 0.24143073665979234 0.21198196941888525 
3 0.9609029276528529 0.5675415870602145 0.07819414469429418 0.10790756235976384 
0 0.02719862645857561 0.5487041252279541 0.030073947705869717 0.12487412207399384 
3 0.057777423432322735 0.5452997759298333 0.11555484686464547 0.09254360652206761 
8 0.38672789042172084 0.5776222939667129 0.011779008034819611 0.030080565125410002 
3 0.9793341857662432 0.5646710319458154 0.04133162846751375 0.10243259613597969 
4 0.9081480758678846 0.47844887759302474 0.18370384826423078 0.5092205199825129 
3 0.9432587685895549 0.5661103803837462 0.11348246282089022 0.08700275176090745 
8 0.17500267441891712 0.6594222081182722 0.025012864188815983 0.08572070457445635 
8 0.38527160382719305 0.6157172598604946 0.01883877743662744 0.056474160051111916 
8 0.3373403096846681 0.5139584371225617 0.03688889825419661 0.09469472475866647 
4 0.8369173611438291 0.5039193084162984 0.32616527771234205 0.46621225748612777 
3 0.5967284211352505 0.5328054389195729 0.04354365272994258 0.030436902700650168 
8 0.4075861884626498 0.6014549229717957 0.017949032368317717 0.04671722429252112 
7 0.02389645409499547 0.5822230906213965 0.04779290818999094 0.28161795136283685 
8 0.1461661022881899 0.6610876106331294 0.03445172328317584 0.08446679733494736 
