0 0.6012572578315453 0.6336837803917318 0.10005433325960227 0.31023805727955106 
0 0.6737758686044708 0.6664941076694124 0.11425358905347871 0.380128886696541 
0 0.5176581818600512 0.5654736237411353 0.012195586327834676 0.037582555431490805 
8 0.48670449382077197 0.5657365535867723 0.014096803922750424 0.02776657669092774 
4 0.44782236639259315 0.5372984561216271 0.022411779040087225 0.04484373888556528 
0 0.17722412152672767 0.5511900986066478 0.008670194606662171 0.03628253933792173 
8 0.47837461286715527 0.5621071896051961 0.0061778529074519644 0.023555719053612353 
0 0.48695119892516675 0.5545008492115747 0.008175512676913996 0.037618851379517586 
8 0.4816691023384735 0.5632022202487846 0.010116976785134426 0.02587188939621367 
3 0.2681802152975429 0.5610168846192626 0.04831042802379116 0.05152097030208564 
8 0.4790610719313103 0.5657260401080928 0.006540159837143875 0.0283214936401632 
0 0.6800288482339499 0.6543810031427956 0.10728431369877335 0.339836800120496 
3 0.31563238731268345 0.5545982449965842 0.048499269595269255 0.06153190191516324 
0 0.04683842554516503 0.5593654967640536 0.018380743326559795 0.059027458747060814 
0 0.7841348498143504 0.6205626522827856 0.12955196363216004 0.378870698903643 
