0 0.5181335787400841 0.5647094882943946 0.012206913282973986 0.03758555269942955 
8 0.4867181803026658 0.5652933528722931 0.014113775341675563 0.02779458805354655 
0 0.2628654256882363 0.6678668332284514 0.10162662299304337 0.2809472528157624 
3 0.6860522412913669 0.5553707807268429 0.19380921805150422 0.11927546366316859 
8 0.3274659773036476 0.7151030564234133 0.08259830933323983 0.159468420625737 
4 0.420552268375149 0.5249033155640513 0.10699493042166715 0.1233194264219954 
0 0.12698510124836848 0.5564481315874741 0.010824999016087382 0.043428154949799715 
8 0.4782182463037663 0.5613257651376159 0.0061813942231950135 0.023557850454408127 
0 0.4811743396614848 0.5529067918594838 0.007079195393702591 0.03271647548202338 
0 0.3587521959516397 0.6636881966998593 0.11936730773556985 0.41170097198638633 
8 0.48155553196054246 0.5630001823562089 0.010123057425501401 0.02590676634155538 
0 0.30145651214595126 0.6687765334333666 0.12043906128634511 0.3384047450401134 
3 0.3257209563123688 0.5531316147136489 0.027357938081909554 0.032648603101246246 
8 0.47861508673676156 0.5620723167992573 0.006070215974961641 0.025212699225863087 
8 0.47890426679928505 0.5649431156560076 0.006544378307448824 0.02832354504533113 
3 0.3317033402786765 0.5486917284276374 0.03983343737061208 0.052014615290315 
0 0.11590017294960667 0.5562737362539371 0.014162923747428079 0.048497575212782196 
0 0.03457067263261833 0.6470404425874272 0.06914134526523666 0.33654987560835303 
