0 0.0020112363403312792 0.659466662798447 0.0040224726806625585 0.31698538495789125 
0 0.10733657823602158 0.684037559579212 0.15114645811089444 0.3860223649630403 
0 0.5180706491099255 0.5643344969322579 0.012204433712330527 0.03758579317515095 
8 0.48683335932202754 0.5647780713854571 0.014107578475053301 0.02778233384436526 
0 0.577928783271335 0.6587595474372405 0.08664175096208951 0.29919138539583967 
3 0.026635584287699503 0.615422852886331 0.05327116857539901 0.12252080883905396 
8 0.6470126486582407 0.7159367661421457 0.07508441969779675 0.16903345563515776 
4 0.4483981614102631 0.5337578728013793 0.0367346875437822 0.07558700476653055 
0 0.1492042626687998 0.5544935899151657 0.009813769078172392 0.040112740457127025 
8 0.4784133507682929 0.5609566633347899 0.006181015471661198 0.023556825047165074 
0 0.4827076982421896 0.5530454821751478 0.007462785027083356 0.034453196977924816 
3 0.9260578766531097 0.5313794275698617 0.1478842466937806 0.11510676074503118 
0 0.8506816812562407 0.6559586100155533 0.13247297213364534 0.4373771409358852 
8 0.48174081152086345 0.5623900724160945 0.010122213402549747 0.025892753355804213 
0 0.8359767087245794 0.6482522317039714 0.12531064963431093 0.3495027141352761 
3 0.28690479735319846 0.5576579475242827 0.040868401234865 0.045113501871060495 
8 0.4790998355743345 0.5645730411132569 0.0065439534426676715 0.028322324735399574 
0 0.15501162865891732 0.6614363462596963 0.1368493020236276 0.33059413132320187 
3 0.31652943920192 0.5533353543360265 0.04827353855809331 0.06136720355881279 
0 0.08783029332590016 0.559306705411569 0.01575599115364364 0.05254778858197312 
0 0.3394974420578401 0.6245934478212376 0.1291041647086961 0.3507742952776904 
