1 0.95210674176365 0.5511658142102327 0.09578651647270021 0.18451642118328532 
0 0.5190248425497845 0.5644755638664503 0.01219627152533107 0.03756544137983623 
8 0.4869939771323995 0.5655350584401766 0.014116370239222392 0.02781771171429783 
0 0.021129240755998983 0.5682184869789146 0.015860167055438718 0.058639260733094466 
8 0.4782989483897116 0.5611481468340699 0.0061706441013530625 0.023548734813887473 
0 0.47525194186808933 0.5503104725480555 0.0059870451390003155 0.02787028469515936 
8 0.48168776167426547 0.563584412347809 0.010113793117711581 0.025932841246815757 
3 0.38735191621333054 0.539786853766536 0.012770440532135155 0.01650911183751867 
3 0.3795341812510098 0.5395754140024183 0.012361881902198705 0.01932764889908564 
0 0.1773357998881349 0.5527351859907329 0.010796727816247617 0.03934411004620845 
