3 0.556842839843342 0.5547591797353129 0.04123037937388205 0.054859746184968625 
0 0.10016934381615723 0.6066015828757532 0.02894112365250683 0.0865672245975174 
3 0.32961885042417094 0.56951175744887 0.12972496917796655 0.07910107782573764 
3 0.1573584136854802 0.5854880339578704 0.12972912803390135 0.08366099302390498 
3 0.05527895717301859 0.7654766759223739 0.11055791434603718 0.4690466481552521 
3 0.1545939952483523 0.6302679080347007 0.2096364274430248 0.16429514680754442 
8 0.6976682798159405 0.5794483046103428 0.010379706021751787 0.03798400568351976 
0 0.08294882576585501 0.597676365054769 0.03505459586929911 0.10872179739211939 
3 0.6056492536405389 0.5402231394735233 0.022312891579892805 0.036336792902578484 
3 0.3785389853976022 0.5610655262818413 0.04842196784361569 0.053484574413565474 
1 0.42940994354966305 0.5504242601720719 0.044950559350607974 0.03648565598710427 
3 0.6438102650268601 0.567986121799321 0.06748114674312866 0.0752760737784199 
0 0.8007677738029508 0.5487652181279177 0.031187003182256205 0.10001186577140206 
0 0.6936816605110049 0.546091353231651 0.013241730194036735 0.05571970461590006 
5 0.4533349691917826 0.5308731387890762 0.034032828417993384 0.05580762070256418 
3 0.4634375154955191 0.5521665556543834 0.04014690913161097 0.04954115770039266 
0 0.6996210477080621 0.5534514080549326 0.015327286305026036 0.0628894943017801 
