0 0.5187784954747098 0.5657459491416983 0.012206238150675973 0.03758005203654496 
8 0.4869961891734829 0.566597023503081 0.014120128506619594 0.02781452596543842 
0 0.06914051156783932 0.5675949475072908 0.013363567822169218 0.05115598816425436 
3 0.45565754772084205 0.5839024137833152 0.2395846976108935 0.14547850403117416 
8 0.47837721653614823 0.5623651013407693 0.006179126154982981 0.023557073199973945 
5 0.1256923182941957 0.5833716664490743 0.2513846365883914 0.1700932328309111 
0 0.478520380122297 0.5519576382604133 0.006388706301001506 0.029609366119110393 
8 0.4817369029106378 0.5645220932618141 0.010121500761810225 0.025930538308425198 
3 0.37600482283227266 0.5452720062222992 0.015854544911723778 0.020611592605921044 
8 0.47877362961655195 0.5633076694941154 0.006067786765538088 0.025220981329473424 
3 0.29653993882392843 0.5687402973350661 0.12325530539648245 0.06828122059040008 
8 0.4790636680701583 0.565984709090035 0.006541677273846957 0.028323000856682812 
3 0.3630116556854063 0.5547462050358614 0.017528886855741915 0.0271246228089268 
0 0.15597815704644888 0.5607073891956467 0.011971730477607601 0.04261642541793656 
