0 0.3771685571015009 0.6453032040834342 0.09922910187513956 0.32789813289547276 
0 0.4744313824992479 0.6726397098763577 0.11309451429504556 0.3824884716203411 
0 0.5177871776844922 0.565168970889186 0.012201483220154258 0.037586295424390403 
8 0.48673738661785665 0.5655026372430411 0.014103341673136356 0.027775187483310964 
0 0.8905780398600098 0.6393775856828262 0.10693909789862631 0.31706373136288823 
3 0.9521420667986624 0.5398571255387075 0.09571586640267526 0.13595775393124326 
8 0.9551397855144693 0.7192019218727425 0.0897204289710615 0.1816186102227463 
4 0.4472168915913204 0.5380848457884564 0.0263611022850089 0.053324529267873746 
0 0.16774945471755903 0.5556347698320016 0.009109722669087147 0.03780708625881396 
8 0.47836716481050906 0.561788403121099 0.00618076302755 0.023557706881997292 
0 0.4856930433502892 0.5510815706093366 0.007910097340481884 0.03642011741923442 
8 0.48167385649995054 0.5630150702408958 0.010120728547153917 0.02588219148085247 
3 0.2688602612468801 0.5605784754469405 0.048152175896778115 0.051422233064621674 
8 0.4790535451505572 0.5654067822198199 0.0065436371169541735 0.02832350436048993 
0 0.5101662286197921 0.6524885269943319 0.11238909870500408 0.3375134357807451 
3 0.3156266285254863 0.5542073178623956 0.048504932533284306 0.06154794991669809 
0 0.06300808630213511 0.5607023051509585 0.01736476951465847 0.056578779855307806 
0 0.593100463971396 0.6091612659266119 0.1073015991288321 0.35567492128427014 
