3 0.4514976105603832 0.5444244344515088 0.03636230546731511 0.040884973051990035 
3 0.058211748144870186 0.5852598963260367 0.11642349628974037 0.34021801596311385 
3 0.2593148856360871 0.5758457618146072 0.12799634858748807 0.12102867962661731 
7 0.4904906960370574 0.5308954939669824 0.029708260767150562 0.03413761394618032 
5 0.3173316647733237 0.5624678804899824 0.09647412563318977 0.09902667386703051 
3 0.936700685848956 0.5671736909362242 0.12659862830208796 0.08495150461910687 
3 0.8452453171495822 0.5660916050955398 0.1847381127362003 0.10630079643482772 
4 0.5889720698132614 0.523034655243739 0.031496873898626064 0.06686860837350454 
3 0.6731183835085487 0.5344058861001099 0.046809296933776355 0.02541351544267785 
3 0.8755576247200199 0.5682921683983503 0.2264799667449627 0.14116015334906573 
3 0.3666818306436224 0.5633643535533878 0.06339333529902909 0.06615568705226754 
3 0.6876499986934189 0.5375805792061634 0.05317476857491201 0.03087047472664848 
0 0.5040140948886813 0.5461221913607568 0.016224429348537513 0.05652236847710728 
3 0.1425059104255525 0.6028396585353816 0.2066154892674537 0.1520931388741616 
7 0.4334696562954007 0.530197780018694 0.07513275092115215 0.03972651979364438 
3 0.748862662121449 0.5482904079484763 0.07673022418630339 0.043467328282236886 
