0 0.0281461161001002 0.6870328771061849 0.0562922322002004 0.3775045100931053 
0 0.5180533917770944 0.5643830412860845 0.012205715173535268 0.03758611827795221 
8 0.48676671183366166 0.564853486842084 0.014110341886959858 0.027785893274643866 
0 0.4746347045326769 0.6521815356791405 0.09119936324461385 0.29094089923452576 
8 0.5407525570697783 0.7150381218984289 0.07468489591626672 0.16502573894211411 
4 0.4439725349928334 0.5296925297386151 0.042541112553247516 0.08748944992278578 
0 0.14210169782176751 0.5567919906019756 0.010122020927546096 0.041126664924911883 
8 0.47831764065235927 0.5610022584183989 0.006181436246865104 0.023557352037479974 
0 0.4830941962346391 0.5532617565300754 0.007350114100077079 0.03391173857709008 
3 0.6006039224983694 0.5654077455225928 0.19997321195575915 0.11215741077175102 
0 0.6746214376881985 0.6461982135598722 0.1067059274852614 0.42662114412352414 
8 0.48164438088443495 0.562515662916488 0.010122653745968222 0.02589784318048986 
0 0.6689168516893983 0.6540355462165275 0.10904640210803379 0.3471767615776453 
3 0.2980431772250122 0.5559351537612274 0.036343960038459924 0.04097908885880871 
8 0.47871477673350216 0.56168345197388 0.006070277161346596 0.02520918486150164 
8 0.4790038926812958 0.5646188086496456 0.006544443961565065 0.028322909191158298 
0 0.05519673362701678 0.674221551149148 0.11039346725403355 0.31804000710852537 
3 0.3168332918253788 0.5539471265884075 0.04814962051321416 0.061253621510497284 
0 0.09672275631454096 0.5629799876367017 0.01522846469873981 0.05120997861172959 
0 0.22083322623673707 0.6308886731547929 0.13913911727621822 0.3464974720279344 
