3 0.8209428103553521 0.5194095360605337 0.06058601849923832 0.05920863205703016 
3 0.9916477380972468 0.5134025449826187 0.016704523805506428 0.06566485285009131 
3 0.4457687580267921 0.612993725775878 0.2859747948244127 0.2161941776532308 
3 0.8127979921828361 0.5290789352692618 0.05292494417753758 0.05722653548558071 
3 0.4447246045987061 0.5415894459167638 0.02339166015543782 0.041980980631659386 
3 0.7349333814313883 0.5357745094687935 0.05508936011382204 0.059125630689978774 
3 0.7790787858469043 0.5217523256202102 0.05899905952380621 0.06048531260781696 
3 0.6471174393983745 0.5489070437397627 0.04090435963259708 0.06092848633938211 
3 0.6157457055210946 0.5406554596188803 0.03444046607961738 0.05027342555393059 
3 0.1860774784766576 0.6192181386083581 0.1470072070666557 0.12841784368745954 
1 0.35600748050994346 0.567727035911972 0.09796119352877374 0.062398571763228196 
3 0.43240259165369327 0.5459434141668584 0.03506972995972042 0.04671897023037395 
3 0.9007140645174427 0.7261538072556357 0.19857187096511467 0.387063701953236 
2 0.7283113765739371 0.54536559543148 0.01284926158339033 0.04992368244413885 
3 0.6241789777200881 0.5422263660799627 0.03750202285896336 0.05522561046377285 
0 0.7797369993049641 0.5484215650049006 0.02385041995815385 0.08971498377825936 
5 0.41351254355531225 0.5368216653653609 0.053551016020000404 0.08257234073155921 
3 0.9262464157180663 0.5383232891790908 0.12304505973062987 0.10437999696641984 
3 0.31163627300587193 0.615791253063215 0.15986771951128287 0.14808344107289498 
3 0.5933704371224541 0.5357644123329809 0.01947096399806334 0.03616192050986153 
3 0.9875247326026664 0.5352249212483895 0.024950534794667335 0.09725591727892834 
3 0.28064656054367154 0.5746861740416416 0.10244930444135936 0.10786837509238668 
3 0.6373103191303156 0.5457545161744595 0.05231911345977643 0.06446828260730784 
