0 0.1462606297304045 0.6001294108285443 0.02348320561350354 0.10190517172878515 
3 0.3012235572546538 0.5785287475493022 0.07071337914455363 0.10231247712410733 
3 0.607657987468206 0.5424477030191834 0.03458034475215761 0.052523832440531354 
3 0.6796774666372273 0.5686689386773458 0.07530094481666226 0.084986968817063 
3 0.42400536698629154 0.58386561863589 0.06640189619738514 0.08825700679893916 
3 0.33373052432311945 0.5653237952203176 0.06336200621567624 0.09894422723700479 
3 0.5900130311956923 0.54415649639664 0.02733443668229661 0.03639769539728591 
3 0.8774121183202638 0.6212203225334985 0.24517576335947225 0.27260698554296936 
3 0.580788866490174 0.5407752421458377 0.02323182008599396 0.036650663143346064 
3 0.17112191833275273 0.6195871280769307 0.17610356447459702 0.1659123237421339 
3 0.9643698449324352 0.6597871055613577 0.07126031013512972 0.3566187549453586 
8 0.12362249722380857 0.6871045652490059 0.027544362770610765 0.07929181079912306 
5 0.06373124309092541 0.6161859759940918 0.12746248618185083 0.374647834514467 
0 0.16835079256236732 0.6069608735047637 0.02167270454605122 0.10626821380436714 
3 0.6448061031494078 0.5537969793967727 0.050859960898330454 0.0836195714906889 
3 0.7658672799613099 0.5913493043422805 0.1326880181423232 0.15260202444321028 
