7 0.1345812585092772 0.65422502082617 0.2691625170185544 0.45117643056024304 
8 0.3392552935879735 0.5975154150896643 0.01618282655993518 0.04037071030119061 
8 0.37233356870128675 0.6208795420648979 0.02181983671050624 0.05507088010778918 
8 0.2643217203614146 0.6955149496301224 0.03907268635146114 0.10638702547100264 
8 0.2977524918977626 0.515628571086597 0.044152418546411706 0.11446296348320895 
3 0.48902763223879336 0.5370416868816479 0.019183759127698465 0.02963693309168914 
4 0.896519850021291 0.546430038734218 0.20696029995741796 0.7786974099649817 
3 0.602656571403701 0.5393039637536353 0.04853854024272835 0.03432365008983077 
8 0.24102239537936054 0.5896952648391536 0.01298189523507098 0.04006279006590628 
8 0.3325561315945818 0.653399866516921 0.03056297515282761 0.07735304672198683 
8 0.3827578455493291 0.6047097769787066 0.017941059018066953 0.04442674922705755 
