0 0.3107836588737869 0.5878240361784525 0.022330978398059323 0.0801001764425206 
0 0.9710029278826687 0.6050994358713236 0.0579941442346626 0.22923784088365406 
0 0.8251954607993017 0.5829655423534831 0.03444537093137413 0.11703514357400965 
0 0.7931602343437687 0.5743886529913294 0.017381670333285797 0.07172541262592208 
3 0.6508292007280827 0.5654251136803455 0.04399853963485164 0.05746705401242606 
3 0.521991504202305 0.5460813868616666 0.06500713006371107 0.03987638816034386 
0 0.8722909219410435 0.5872834916290662 0.03233383348758991 0.11629332419972936 
0 0.823403703151248 0.5773633293638369 0.017032918514245238 0.07206704341387042 
0 0.12764665839146963 0.6007031992550185 0.014117461405021956 0.08055014556123619 
0 0.33961686194365653 0.5818709253662644 0.029164226737667675 0.09934576038169407 
3 0.6041631308298756 0.5468358638494578 0.028086920961420816 0.03693129704335212 
0 0.4341390789414977 0.5577610265180771 0.009740388301365073 0.04858532887436127 
0 0.8098932318755265 0.5792400015813133 0.02342051426345222 0.08822831645178585 
3 0.5528109117830942 0.5411008371542464 0.026629226483120407 0.032008027219924316 
3 0.5278587375796685 0.5662361620381704 0.05827982051818715 0.07128559933247162 
0 0.7794853528172866 0.5420964252519639 0.01424995213567442 0.05260641586749437 
0 0.08371398596374943 0.636334555106684 0.04153993267804203 0.09481149703845719 
0 0.2945394978849806 0.5781733021654216 0.025621386537207302 0.08685973278286528 
0 0.8543946472899443 0.5790270161185028 0.025535671136267125 0.10448842152832526 
