3 0.9152376492155 0.5232991383307384 0.09324581355398422 0.08091181493303477 
0 0.34652387952404534 0.5730042359761865 0.01046646559615553 0.05132227013259953 
3 0.5837845400327842 0.5633213444743944 0.058183603698543536 0.08605763777200005 
3 0.925991704238107 0.5303175788713241 0.0890208912738214 0.08268804569048958 
3 0.42627820043012266 0.5607566969546632 0.029457065107176633 0.05117381744890679 
3 0.6153758839058555 0.553051707979542 0.030913177009954752 0.040064525480986504 
3 0.8035770673774633 0.545240143408856 0.08379892682276918 0.08176031034689452 
3 0.8629833528959694 0.5288057878833543 0.09149928051356825 0.0836894180507792 
3 0.43630542132345 0.5557306641061344 0.028969739975593142 0.052851702686043736 
3 0.9986491344204045 0.5225937292378868 0.00270173115919107 0.08125532543527147 
3 0.7026408787163158 0.5713271647348194 0.06928967729960832 0.09389033611377619 
3 0.6394898538928533 0.55558270323284 0.04783057705378177 0.06679383809891483 
1 0.26020210023283386 0.6223601271687172 0.19448652480719567 0.11357238255091248 
3 0.40631950817908197 0.5698703576939754 0.04667201235957009 0.05973309260625557 
0 0.257659705236151 0.5926670875954053 0.02182061145919583 0.07585374472054746 
2 0.8163268875941485 0.562154405003212 0.02237547929332578 0.07493827779795278 
1 0.4412724209405441 0.5616100674274049 0.01508261818293235 0.05383899964602449 
3 0.6550639344038939 0.5580290659759017 0.05490137121921194 0.07640167059563667 
0 0.8468440097428709 0.5610383042943261 0.033878838219036284 0.11727815674698269 
5 0.37558168088257904 0.561409445727638 0.07594173149124508 0.11081037015297783 
0 0.3572519300909194 0.5770284320294974 0.009880369379427094 0.05373809727337118 
3 0.6042181589806248 0.5572467531121803 0.024217493755469447 0.043750493923754824 
3 0.6278667700065569 0.555950330934524 0.03612222010511211 0.05219908275605165 
3 0.09203878274440586 0.6432212441004925 0.1840775654888117 0.21329224901528454 
3 0.6800215391907116 0.5626309740415887 0.08121848361737818 0.09433608141361345 
