0 0.5187723643923599 0.5651435424925089 0.012206356684441673 0.03757827240242894 
8 0.48692873878355286 0.5660533845669525 0.014121780897414667 0.02781743670610505 
0 0.05573744954918054 0.5675121458573479 0.01395698086824977 0.05290040246516172 
3 0.08946054262307965 0.6227649398916509 0.1789210852461593 0.14208169854266348 
8 0.4782810312923998 0.5617696954468168 0.006178528155284511 0.02355596973645346 
0 0.47788426595773126 0.5512374374060933 0.006274630601095624 0.02909707475160322 
8 0.4816513902638229 0.5640017923923721 0.010121350198167747 0.025932880250247068 
3 0.38065275558331463 0.5429326290765397 0.014782854888877069 0.019261584290521796 
8 0.47867720879259895 0.5627548880446007 0.006067140858527509 0.025221776313594294 
3 0.1034658811928216 0.5885086596758639 0.16093736974268233 0.07751588333496645 
8 0.47896727562307817 0.5653878139383849 0.006540958824831264 0.028321674963771356 
3 0.36850504647871846 0.5439997890727949 0.016010739281359394 0.024260775578995385 
0 0.15838640123899805 0.5558798790013886 0.01171968647335321 0.04183796860337206 
