0 0.040690146474522376 0.661137004315599 0.08138029294904475 0.33863993783880375 
0 0.17889211372543326 0.6798380249403344 0.14487977979204827 0.38712715363746364 
0 0.5179444660190579 0.5643168889895449 0.012204929674883687 0.03758696421293646 
8 0.4867538448499353 0.5647297084886705 0.014107464271303912 0.027780811789653574 
0 0.6375943270463875 0.6576140669841698 0.08708112600662667 0.30162014527202174 
3 0.13318126704941682 0.6030639169062614 0.24153479354913934 0.1267004300688899 
8 0.7149281368018815 0.7162527939544919 0.07973355974518995 0.17128049107945925 
4 0.44867889530439004 0.5365632719671941 0.03434169979805809 0.07025408567108482 
0 0.15320356851243427 0.5542068061754841 0.009649552082833494 0.03957237965623171 
8 0.4783440612598055 0.5609365276664088 0.006181569900758817 0.023557345506470647 
0 0.48221858085202124 0.5534397450685741 0.007529355994224574 0.03477289344027326 
3 0.994813116777005 0.5226456467744135 0.01037376644598993 0.10387029419748817 
0 0.9364357724607512 0.6577136440298146 0.1271284550784978 0.44206235074649247 
8 0.48165043145281966 0.5623168843104696 0.01012167551760669 0.025890608305104288 
0 0.9243415426595403 0.6452007265105881 0.13436603740256614 0.3506827942882102 
3 0.2799863465708223 0.5587303134338948 0.04371382983859824 0.04764903235583511 
8 0.4790303718623201 0.5645529272450719 0.006544607405566936 0.02832287953534913 
0 0.2107368080322986 0.6594403836985475 0.1356048387642825 0.33798820665162427 
3 0.31615357976732017 0.553321446431016 0.048441610486402595 0.0615487271130263 
0 0.08283064794377339 0.5544472419084502 0.01605103565284022 0.05328409436361969 
0 0.4098806717183513 0.622308659851326 0.12293479066341881 0.3530227450547443 
