3 0.38500720734315186 0.5767619715250959 0.05826000929733255 0.060690750212620576 
7 0.45413385020892916 0.5560360668414137 0.03759700004239783 0.042266238438216544 
5 0.0705980710139969 0.6391273818688832 0.1411961420279938 0.2365467262420619 
3 0.772373172036747 0.5663110723931856 0.10347844467692753 0.05795368666143159 
3 0.8550382800862744 0.567713509640254 0.12101102778087963 0.07359602438973102 
3 0.8282445744882472 0.5695855101243342 0.11810609310620933 0.06882880658880203 
4 0.579181643043002 0.5407025632593196 0.0424580500968478 0.08667778403453509 
3 0.6757160740513396 0.558408409667756 0.05776260152387607 0.03104362061972097 
3 0.17289246081298357 0.6228684553203648 0.16882951658121087 0.13691269703316966 
3 0.6989602603692003 0.5568221134191463 0.0679308035534423 0.03896621762455551 
0 0.37395205417523597 0.5861434719092776 0.029087677153387902 0.09461463244336724 
8 0.8458503222946737 0.5953953538060833 0.02023675319758908 0.05856326480594981 
7 0.3783218343641183 0.5504323114689995 0.0959074587841431 0.04973931805732118 
3 0.7589893509911885 0.5631598849198203 0.09093748732448177 0.05581084980836554 
3 0.8032621190514918 0.5752080859422741 0.10984901718296584 0.060778653805175255 
