7 0.1671371832531129 0.6136267539978281 0.3342743665062258 0.30592030455194613 
3 0.028516570511819727 0.5549216295153939 0.057033141023639454 0.10525888143812241 
8 0.36742543008796746 0.5895844737362753 0.01368952266057427 0.03448623793900967 
3 0.9747072733859686 0.5851356585513876 0.05058545322806282 0.10245771856187257 
8 0.010759525478268398 0.7289936348650915 0.021519050956536796 0.12965963713230963 
8 0.34299211797592905 0.647813435366037 0.02565252786378558 0.0738901243441919 
8 0.3203259824990426 0.5178486641206242 0.04019573232612359 0.10370387589119509 
3 0.4930840285373539 0.5371253070337383 0.017062316365722054 0.025990381238303762 
4 0.8586525541677983 0.5249603205465527 0.28269489166440326 0.7702585769378151 
3 0.6004849759681042 0.5399356996294635 0.04595464652112718 0.032457063389981486 
8 0.3801349935896876 0.6251527851149062 0.022721719516580308 0.05830054404728356 
