3 0.270672316476433 0.5762680171842303 0.1409954714054487 0.12265356174563598 
7 0.4431996736531955 0.5294557473572963 0.05293735396239939 0.05740598756491503 
3 0.9329410446087525 0.5662407542092801 0.13411791078249494 0.10199725158416527 
3 0.7164456249411505 0.5382898824718297 0.06547342060085243 0.04190137074923453 
3 0.9935367476233546 0.5669910312923511 0.01292650475329083 0.12192781416898375 
3 0.8912965801540791 0.5565142435627254 0.13735954232358155 0.07054641384608026 
4 0.6150355865374612 0.5135900117339978 0.0661105690117246 0.1282780988296888 
3 0.7119915547379003 0.5360183106263027 0.06305356642374677 0.036478043644867106 
8 0.3787290446056122 0.5502430616168669 0.006998353496614911 0.021490663214978174 
3 0.7391974766970951 0.5407683025247212 0.07946740048711519 0.04252492273643068 
8 0.4370026673244918 0.548562993368455 0.007058641261413641 0.020571968747648522 
3 0.7844505579998368 0.5410351104395075 0.1002339504640031 0.056621512173712175 
3 0.7284471050465712 0.5347283764265135 0.07276795566017498 0.04380117934724031 
3 0.8665839509374922 0.551447440337821 0.12306236616868745 0.06655851575786041 
7 0.33835715492226537 0.5260936085091441 0.13258550710206293 0.06943154169783933 
3 0.9209697760318997 0.5558911834651594 0.1580604479362006 0.09438885330428674 
3 0.7657367532003556 0.5425337028743921 0.08958847420103794 0.05206026193831772 
3 0.9648396666527964 0.5782519280607047 0.07032066669440724 0.11112710149314012 
