0 0.5182783382793968 0.5647166125690222 0.012205849230554905 0.037583539231975716 
8 0.4868267619309316 0.5653324092025465 0.014113679777836837 0.027795887791664375 
0 0.21997518924980494 0.6673636851218877 0.10342098509531333 0.27889923445983505 
3 0.496013440375217 0.5726754971797992 0.18554511040626978 0.11828290305654945 
8 0.27490181116988377 0.7184282576019551 0.08391552805826237 0.15735575210155567 
4 0.3941847742775977 0.5247212163517366 0.14663968453067328 0.13433300305752918 
0 0.12184522649077963 0.5604464050725001 0.011026421221365742 0.04405491795225304 
8 0.47831642062912266 0.5613368019835813 0.0061806574679786055 0.02355713078964085 
0 0.48122095157519557 0.5525279470140199 0.0070108829474337855 0.032405582955342425 
0 0.2736630140287392 0.6684373918081538 0.12746756529139977 0.4101498102282724 
8 0.4816539823133262 0.5630639371940878 0.010122260641893846 0.025908558293878753 
0 0.20822035000767236 0.6724153342558495 0.12545220324000195 0.333954056436769 
3 0.33196873171848623 0.5525630125638665 0.025641506569914405 0.031010602362235067 
8 0.47871328518484313 0.5621049837341595 0.006069436173248448 0.02521297061039882 
8 0.47900268725294964 0.5649540840485926 0.006543510217380017 0.028322772439253376 
3 0.3373184432826245 0.5484576854543121 0.036517197075570815 0.048507632802175 
0 0.12242667370791552 0.5570831537117252 0.013860709196679722 0.047764209965394065 
0 0.010519206444264408 0.6373874177515221 0.021038412888528816 0.3094163201661698 
