3 0.5573867495165383 0.5446653023474713 0.04051008486202989 0.05366681827501673 
3 0.2825155112324383 0.5737352052878762 0.1795456368555644 0.10939375863393132 
3 0.7423678861117294 0.522243546484798 0.034193348021094895 0.04155032574105999 
3 0.051195043677451466 0.6021728098494425 0.10239008735490293 0.115103347041627 
3 0.003477462485950352 0.6581082153914534 0.006954924971900704 0.22065371747827428 
8 0.7699624580489973 0.5945888890015977 0.01614167309748396 0.05541860518400199 
3 0.6161471905914373 0.533911740356283 0.026679918392556134 0.04242049989100571 
3 0.3397532706468661 0.5661718059739622 0.0646488571003114 0.06749123358053971 
1 0.4105035377461826 0.5461041819600324 0.05685949846346361 0.04261759336537194 
3 0.6883843458062755 0.575275959945488 0.10369033736489314 0.10765456881946912 
0 0.9076274241920905 0.5527341568731661 0.048456797743345846 0.14160176428448337 
0 0.7221102397531436 0.541645078018403 0.016204990866421982 0.06689639806789463 
5 0.44232368521393084 0.5250338884797493 0.03922786632713276 0.06318135143396501 
3 0.4373210712532354 0.5544257056524058 0.05716875352075675 0.06693029648050533 
0 0.749074112621145 0.5553790414568797 0.022951518101301218 0.08469673898818705 
