0 0.2565817140433676 0.5890704350728438 0.015217560640572288 0.072233556272896 
3 0.3649808821396931 0.5743139617322676 0.045539731207265816 0.07286295286709686 
3 0.6352011843625069 0.5670957396651984 0.04806088793568385 0.05826693441640537 
3 0.969644137990845 0.5578546602105922 0.060711724018309925 0.14529921752277358 
3 0.3832864316698874 0.5670082493349982 0.04303470428070796 0.07313433417145834 
3 0.9517435596186485 0.682187090887553 0.09651288076270319 0.29482587978989133 
3 0.7026470743511835 0.5818230510953815 0.09825493066701768 0.12135771652160897 
1 0.06364009436536662 0.6855946920697107 0.12728018873073324 0.17794669584368117 
3 0.3133892907842459 0.5918510188562525 0.08584853154721366 0.09662839807737593 
0 0.023052853550211787 0.6444345907796543 0.046105707100423575 0.13856640740521964 
1 0.22691834414545448 0.6239323257917768 0.07309612878672685 0.17807199431549386 
3 0.761516643330516 0.5970360259190937 0.13897362966968216 0.1624202723615899 
5 0.2274947275461024 0.5854795139616215 0.17100244854621544 0.21048382079297584 
0 0.27188590758286396 0.5943174475401631 0.014221189283782784 0.0755121301222969 
3 0.6150638705292238 0.5572573077554143 0.03527129248735321 0.0609403283821233 
3 0.6683185883371394 0.5759262717866613 0.065123799376547 0.08558788873028333 
3 0.8738048566138252 0.6256751913179353 0.2523902867723497 0.2630386128171586 
