3 0.8181784280831937 0.5174559802795047 0.059276638800187555 0.058275925747574446 
3 0.9883702930193243 0.5122575312650897 0.023259413961351498 0.06534836295401539 
3 0.3826784222152959 0.6180979738669647 0.33098132306108147 0.2277482910220643 
3 0.8093389611486929 0.5240196409539416 0.051556066140666705 0.056161673170184306 
3 0.4473232928468549 0.5416580543725232 0.023084721598464312 0.04151515342946349 
3 0.7333028827426048 0.5338854461699155 0.05391074752750925 0.05814195964194084 
3 0.7767515160869514 0.519699627952314 0.057683933474613126 0.05948484043158923 
3 0.6455085887521212 0.5466985269180168 0.03958230410091119 0.05930780418887726 
3 0.6161417614352255 0.5381184387042077 0.033849078804223755 0.04951934606518181 
3 0.20217182599472622 0.6135972722957588 0.13763650622728985 0.12207745894126043 
1 0.36170087830367254 0.5660720078569712 0.09442945379816439 0.061115925559390875 
3 0.4353513700826126 0.5439025341228128 0.034499004735471885 0.04608495919848338 
3 0.8898800741019318 0.7057378269034761 0.22023985179613648 0.3760049258845323 
2 0.7256464279796331 0.5434862105504912 0.012563661768889886 0.04886431750590608 
0 0.7797672386729859 0.5481290272696663 0.023371012687643997 0.08932021340637498 
5 0.416973593064585 0.5350821273038759 0.0525283721110258 0.08125654685274356 
3 0.9113903659976265 0.5361791841574219 0.11561575662014165 0.09997100362666882 
3 0.3361889886441295 0.6041606992262922 0.14245417304785987 0.13463769408694676 
3 0.5943379794946373 0.5336741996757249 0.019247364852445516 0.035785527281851914 
3 0.9820848430455223 0.5331637923121324 0.035830313908955275 0.0968229015117178 
3 0.2900498403166594 0.5716931015507591 0.0981481555199932 0.10439067708439198 
3 0.6369415508245933 0.5400580854906623 0.05115157700645952 0.0632093310866407 
