0 0.8504451655257556 0.586407195045833 0.10522920374290777 0.289741851402479 
0 0.940330353792354 0.6416107744199334 0.11933929241529213 0.3907096633101618 
0 0.5175937446715659 0.5655248978050919 0.012203134457929822 0.03759206672115195 
8 0.486770649991049 0.5656770962584745 0.014100349470271355 0.027765138288712972 
4 0.44794860288473315 0.5330301026997734 0.02009851851054485 0.03780925558665804 
0 0.1901699201155234 0.5530524922461351 0.008138147729554568 0.0345541688485603 
8 0.4784776088594606 0.5621293339334918 0.006183415141874704 0.023560143882519168 
0 0.4881078527980589 0.5566722575403346 0.00825274863656503 0.03910626999519947 
8 0.48176338739314006 0.5630682604154729 0.010122688635612534 0.02587092566310812 
3 0.2677179875551073 0.5608708374260502 0.048378857466769606 0.051540250897331566 
8 0.47916419160378104 0.5657487931649169 0.00654681273747471 0.028326163000154704 
0 0.9435829036109972 0.6286326856605168 0.11283419277800562 0.3510044132968404 
3 0.3157475913009798 0.5544970647661038 0.04850850655033284 0.061558894094789846 
0 0.02320917526574493 0.5643742509772296 0.019961806648428903 0.0627321686325758 
0 0.9988895421764298 0.5750098150369201 0.002220915647140487 0.3452488796035246 
