3 0.5676923808264155 0.5270714298909764 0.04213234760085093 0.05666365564553505 
0 0.17528005359759477 0.5706756313679084 0.024086418971289304 0.07362896620332328 
3 0.3524645327183262 0.5391799293527239 0.11269633370039853 0.07108095787450092 
3 0.21095158465737562 0.5543720758300398 0.11011737473376373 0.07433991148222181 
3 0.29980947937511193 0.6228296917595261 0.2082804941441534 0.22058189827420355 
3 0.2514083750197205 0.5822783447275195 0.14456476845323427 0.12554441196393534 
8 0.6861284653633868 0.5393853668672346 0.008945366160056808 0.032971701171544826 
0 0.15997653057137573 0.556806243425903 0.028938350263623586 0.09236622808132097 
3 0.6113527604342387 0.5081254734730576 0.020829699251684347 0.03435782910894394 
3 0.40285033970176437 0.5295279875826919 0.04310356558645381 0.04914304844499308 
1 0.44686164760660463 0.5215548231293551 0.04069813580719355 0.034808979322656655 
3 0.6399024173329209 0.5302481847358391 0.057644008973040714 0.06581698532967342 
0 0.7780691338952209 0.5086782011280958 0.026850745659058078 0.08796187843474829 
0 0.6928591349897684 0.5109884406470804 0.012387224608759056 0.05174028019519729 
5 0.46793478938725097 0.500138315096425 0.0322273864292265 0.053176835309772436 
3 0.48291961324189886 0.5193519986055303 0.0342781498720592 0.04364502503715016 
0 0.6939761937776194 0.5162675375706752 0.013186319584934695 0.05609326532136423 
