3 0.6557468578937463 0.5658765608829287 0.055522255478468806 0.08191247634506492 
0 0.03286792814169491 0.6147701960100441 0.03221175554655813 0.1327429555386747 
1 0.8300470436677435 0.6072967626723877 0.0522961856136142 0.08997166054705923 
3 0.2360950620293989 0.5933658608425375 0.1005546813606 0.13289170562864208 
3 0.6231365773909743 0.55089057666535 0.040786062708149017 0.060326100042248386 
3 0.7333974113824943 0.5900654437349148 0.11099094919565658 0.11518643760998809 
3 0.30027618967891323 0.6593256489844294 0.19183839424263252 0.2138502979674274 
3 0.2871323900409153 0.5745626737923673 0.08504970647885352 0.12369837413238562 
3 0.599397085339406 0.5532056531047995 0.03141411371761486 0.04049383261694471 
3 0.9886555728908728 0.6701631021635694 0.022688854218254447 0.3672705349514486 
3 0.5903610441924719 0.5486182605134682 0.025022712062815984 0.04049046306029475 
3 0.06482030673767548 0.655409326450338 0.12964061347535097 0.2417525306234855 
0 0.062438292830940684 0.62373253317814 0.029208529627487892 0.1381700026713083 
3 0.6772059572500083 0.5689966476425282 0.06775660100044903 0.10596559364837624 
3 0.900243610872614 0.6608655848992364 0.19951277825477207 0.27797804043882873 
