3 0.21867803108314654 0.5760932601119318 0.12968823192619408 0.10933933227671636 
3 0.29023765442652405 0.5553524236831888 0.09503115648776429 0.09533144828234627 
3 0.4679258008474963 0.5377283957376899 0.021338025730787465 0.025483742749639698 
3 0.3733687667890672 0.5346579848170753 0.058661717597498324 0.08526079223752656 
3 0.09492640749461483 0.6176749039622588 0.18985281498922965 0.17029626617645696 
3 0.40395065861603485 0.5427661587962777 0.03838015948580058 0.047669754811277144 
7 0.4869477901024463 0.5315146083056657 0.021555204294936986 0.025215219553368546 
5 0.4152745325647358 0.540210584421681 0.035754222374397675 0.04492414852794272 
3 0.8742859361596428 0.5593648660985392 0.09284337769771554 0.060952079586119985 
0 0.27139949164226196 0.5363037087067262 0.02185981375646236 0.07168470505140975 
3 0.3386869176531181 0.5482690471874457 0.07507105236351727 0.08310981856800721 
4 0.5574407567996734 0.5276547254629188 0.02155702138454231 0.046399471034685766 
3 0.6921126896223544 0.5509570821287358 0.09773237323248977 0.05623024325505494 
3 0.9319686038411022 0.5671779479289413 0.10643939169044302 0.058376149535835996 
3 0.974719528787893 0.5889282443693329 0.050560942424213946 0.14833016067183588 
3 0.6441530045961426 0.5425885146317482 0.07549372209483053 0.05160773041698506 
0 0.29090986157179033 0.5357842550200321 0.019245807340675717 0.07334581698862216 
5 0.8117838497245322 0.5483167584128081 0.04351535802002829 0.038527780497542116 
3 0.43000237268962743 0.5447372894405214 0.028121425578901408 0.03361245238489118 
5 0.009626699880886385 0.564845067717453 0.01925339976177277 0.35836503609089415 
3 0.6937553405477644 0.5472346925432798 0.11000297228072561 0.07070011271759313 
3 0.7719254195279737 0.5540541747597492 0.1641344283981357 0.10596487382687762 
7 0.44965147049635307 0.5292799486627777 0.05376424850409073 0.029533466062359758 
3 0.7477795644583459 0.5388107622110285 0.13609573982771792 0.08180595064002597 
3 0.962691851014639 0.58132007685226 0.07461629797072178 0.0650283664820513 
