3 0.6697001284480106 0.5548864762014601 0.06596812555640674 0.0950550612613895 
1 0.9116176213390252 0.6045624472976348 0.0750147256873764 0.1166409678046403 
3 0.2780757742816504 0.5760451021769446 0.09547938996987199 0.06561704743139841 
3 0.17370299935489783 0.6082612649144481 0.13279651559723843 0.1635092979998584 
3 0.6296329040483739 0.5405723259544668 0.04596278100986339 0.06729472122751531 
3 0.7784608882367507 0.5883230777238825 0.1497528287447902 0.14793092807119915 
3 0.6499488202223143 0.5420310476773312 0.061422057647672335 0.07812068161199591 
3 0.12006575063340147 0.7851039527116677 0.24013150126680294 0.42979209457666445 
3 0.24378716311536688 0.5785644559833755 0.10695122838640259 0.14710894869312166 
3 0.6047951983773191 0.5409566894132731 0.03496504397845612 0.04412562447983602 
3 0.5930277749558518 0.5379530897862074 0.026394999364758365 0.04375802881503754 
3 0.6997509449788043 0.5614522002414609 0.0842131809160712 0.12714625956730788 
3 0.9618450665648177 0.660472773279159 0.07630986687036455 0.32223131931472765 
