0 0.5186413814318263 0.5655254001589854 0.012206130136775713 0.03758062113619385 
8 0.48691823347984525 0.5663185905713324 0.014118878807201512 0.027810179454782098 
4 0.00850629894597738 0.5566276778975772 0.01701259789195476 0.17037127846763409 
0 0.08151457185253694 0.5668579336871179 0.012810090852178657 0.049526604269488024 
3 0.9044671112871485 0.5494877175107158 0.19106577742570297 0.14521402445080456 
8 0.47831937212971937 0.5621452818040835 0.00617934378156555 0.023557052971763016 
5 0.43877506114720555 0.559934286975766 0.24905042595017937 0.17293724874943134 
0 0.4790210658720852 0.5518718030728728 0.006506767637298126 0.030140371885741882 
8 0.4816790229076433 0.5641949198440501 0.010121742242952578 0.025924763897504654 
3 0.36899066147276377 0.5467061213963457 0.01716836791016533 0.022145952855364172 
8 0.47871578471331083 0.5630659516224514 0.0060680166548637265 0.025219941448214246 
3 0.3875707741954248 0.5621038253643205 0.07405634747829468 0.053178341635168574 
4 0.16161387550159165 0.5528262072335652 0.3232277510031833 0.26017163137355026 
8 0.47900568024294676 0.5657643891834212 0.006541932829611028 0.02832292356788211 
3 0.3602326514864053 0.5522286316961479 0.01945862212794623 0.029963335764206882 
0 0.1500198272175558 0.5580756878406031 0.01230349917939261 0.04354460597391671 
