0 0.5181194761767542 0.564253754572085 0.012204324958249515 0.0375844076377046 
8 0.4867979832421449 0.564757781208546 0.01410967314961127 0.027786575094288283 
0 0.4272700783322633 0.652886658877118 0.09333213357745422 0.28878836060632807 
8 0.4879284297298904 0.7097376526630624 0.07640865254808489 0.1626338864706338 
4 0.4427186432531306 0.5303582741879019 0.046082379110415066 0.09475197685320495 
0 0.13852252161143505 0.5577875927889518 0.010285325252561072 0.04167756652361713 
8 0.4783392669776316 0.5608799947140158 0.006180209032174204 0.023556171573362185 
0 0.48300314463156396 0.5536645006028871 0.007292500770883166 0.03365538528917581 
3 0.39175312591664535 0.581650378701385 0.20092654695172552 0.10988142135312323 
0 0.5915246503829025 0.6502975169477961 0.10252855148009936 0.4218800231826291 
8 0.4816656278848025 0.5624449934325834 0.010121302751350569 0.025898858545005447 
0 0.579793747941248 0.656801693881991 0.10559022690428677 0.3459923707756306 
3 0.30293147877638227 0.5549366302458496 0.034082339894985124 0.03877570068459552 
8 0.47873632492856866 0.5615826419537033 0.006068965775951938 0.02520898965403199 
8 0.4790255962549098 0.5644961170349418 0.006542982690373904 0.028321622320322794 
0 0.02831139679000378 0.6742005133949472 0.05662279358000756 0.3126420884345228 
3 0.31929654659327333 0.5542540723307738 0.046668335799776806 0.05960492617205678 
0 0.10098368018078421 0.5623640933847945 0.014978988282460328 0.05058447196696698 
0 0.1658163968181689 0.634994406502151 0.1435521029425723 0.34419880389199425 
