0 0.5185067206044598 0.5648599024488831 0.01220918319222733 0.037584620611319605 
8 0.4868894540496562 0.565584492217272 0.014119346324126881 0.027806193132459182 
0 0.023258354203799778 0.6763618440922895 0.046516708407599555 0.2688673341292572 
8 0.036379824640502004 0.7313073316693943 0.07275964928100401 0.15283018880293575 
4 0.13263654718287574 0.556416837625678 0.26527309436575147 0.17792203781429344 
0 0.0987581242380982 0.5653865738399678 0.012056430152453447 0.047267577012072355 
8 0.4783195436013342 0.5614725886831511 0.006181593051683762 0.023558057238194516 
5 0.9144134387739218 0.5094354341750172 0.17117312245215643 0.17426070395737353 
0 0.47989885114945535 0.5514110451635856 0.006694579303353194 0.030974470174597098 
8 0.4816684763565913 0.5634129463777563 0.010123786176598202 0.025921253922615947 
3 0.35641697498483454 0.5490015841032858 0.01965176036604838 0.02493222515681882 
8 0.4787161932783128 0.5623276356710898 0.006070432540388708 0.02521784880034823 
3 0.4141016698403979 0.5552575866250669 0.032900283068700985 0.03948660351000412 
4 0.8171623962126071 0.514154955259028 0.3656752075747856 0.27402040101142744 
8 0.4790058007276486 0.5650902966404617 0.006544626058778817 0.02832379129767585 
3 0.35457996557551164 0.5470073138132102 0.024133386191317927 0.0355521052504706 
0 0.1408097205269136 0.5608573745296929 0.012826730389849477 0.04498936094877283 
3 0.23313930290180435 0.59336386902619 0.21449514847309764 0.11063212882497737 
