3 0.20170080718077646 0.5856233696731106 0.26694219132228447 0.16095967964644312 
3 0.7711599957609855 0.5098255731178881 0.0412034250553387 0.04778617296398263 
8 0.9075094769318812 0.6195773634940249 0.02897704914249218 0.08858133624991031 
3 0.7464912011028412 0.5052115020073199 0.047414493633566084 0.05138396839322449 
3 0.6285917141758892 0.5237274923858347 0.03189702339971667 0.04948599306252599 
3 0.2917595448757164 0.5671672212665888 0.08788993149235609 0.08565929665609082 
1 0.3904549185511441 0.5426916595117385 0.07149055883245481 0.0507188050260799 
3 0.7656486723055181 0.5912311826270904 0.17607590038878698 0.16769356507012237 
0 0.7537586122052923 0.5313104566589555 0.019840333703039476 0.07937169295760725 
5 0.43191728249329586 0.5137468126136348 0.04491906731711275 0.0710890759665377 
3 0.4057511839705449 0.5584728157292113 0.08014602213650676 0.08988163393554442 
3 0.5899132616432831 0.5145545387859894 0.017289060807251958 0.03257683962615273 
0 0.8321869432353157 0.5547185220678303 0.036856446677850985 0.11934957907218297 
3 0.3412016001376972 0.539802171243176 0.07172831921993282 0.0813151195605861 
