3 0.79145101578491 0.5006904707787487 0.0513807573013078 0.052514849796292666 
3 0.1699551173951561 0.594144738192904 0.308561518327974 0.18494506146692907 
3 0.7798058860126085 0.5106929852843994 0.04370062391387435 0.04987692961265781 
8 0.9820450845160678 0.6439859279003326 0.03590983096786459 0.10742306407784251 
3 0.7532108023068079 0.5069448408171866 0.04993554276537907 0.05341700790257865 
3 0.6317278407808862 0.5263238155038567 0.03375606623715086 0.05191443798808905 
3 0.2710040254997834 0.5738754270471953 0.09800160117939885 0.0931542807587974 
1 0.38194100907452305 0.5452080387502977 0.07710009178682171 0.053268624893421414 
3 0.8037877624866292 0.6069399979810167 0.21745569491775554 0.19950007520891178 
0 0.7609766450479236 0.5353615550020301 0.020827556058390116 0.0829438523737313 
5 0.4269699737957711 0.5170295478035577 0.04686761088321568 0.07370907493536757 
3 0.8443693370355274 0.5207614198730097 0.08647022973051549 0.08127256806366032 
3 0.39195067999585237 0.5633503239495827 0.08938486204106831 0.09818304028058757 
3 0.589949256509085 0.5145114553719969 0.01778439886306863 0.033411699223364434 
0 0.875337244329526 0.5651843466921402 0.04434575581512831 0.13748114032626826 
3 0.3273451065256755 0.5415833183483 0.07797671358703585 0.08686177061608943 
