7 0.4339665539809816 0.5519687217757012 0.08153352384867389 0.08563293869363109 
3 0.8178970914490625 0.5634532571546731 0.09625517434237595 0.05983026384781207 
3 0.9876193376591599 0.5905954831829096 0.02476132468168032 0.08974488788019945 
3 0.8286635013699382 0.5627331236492839 0.1009009525084248 0.05414106144718144 
4 0.7114166065554594 0.5294318730167663 0.14031730607551354 0.23548691960654353 
3 0.8070015037880591 0.5620833674385969 0.09068007078804854 0.05128484337515892 
8 0.32656261537626863 0.5830147601719597 0.010291444073728258 0.03344924830465004 
3 0.8708158156013599 0.5739125560135045 0.12489153217867838 0.0653727622876677 
8 0.41931513037024687 0.5809016131476475 0.010415567493674232 0.031020061858125322 
8 0.27205097456635463 0.587561904001244 0.016003124030989434 0.042814707254055784 
8 0.4216223944111846 0.5247148739193704 0.027188010117118824 0.06667292923093467 
3 0.9497422876786143 0.5794391770836838 0.10051542464277119 0.095514184820215 
3 0.8424670617096005 0.5615007426281785 0.11106290842273268 0.06503400959033488 
8 0.22787264866622117 0.5831265519642932 0.014862979134926171 0.042916801188948674 
4 0.6735906580097861 0.5307072736375213 0.10004958433275973 0.15164293811271906 
7 0.27080606702511295 0.545720335351027 0.20600865301897883 0.10865554063931793 
3 0.9276739498391443 0.575127677178321 0.14465210032171144 0.08370490261717003 
8 0.40808047389372526 0.5804792808390435 0.010598750123554908 0.030840472909338244 
8 0.34569589484930807 0.5833340640417849 0.014151511020069023 0.03388271161787638 
