0 0.5182006097789378 0.5644307417065482 0.012205616438936744 0.0375844387404124 
8 0.4868202106581728 0.5649890225882765 0.014112293542741483 0.027791202349363667 
0 0.31949448698130595 0.6598274320774208 0.0988366247752742 0.2845270778783453 
3 0.869791120450953 0.5411891353013716 0.21942206102448025 0.12121564223919373 
8 0.3838868297297654 0.7188897662021706 0.08032303190880591 0.16072173451452942 
4 0.43102791128602536 0.528473060086272 0.0778110910848811 0.1125657260586256 
0 0.13101662269787062 0.5567946777613236 0.01063688815500175 0.04282638926265236 
8 0.47832943260959954 0.5610526668457222 0.006180739159145432 0.023556832303724805 
0 0.482237602305093 0.5530214325492915 0.007154714148655828 0.03303918358267532 
3 0.050962690855663774 0.6083266997536667 0.10192538171132755 0.10556779902080513 
0 0.4354200211890843 0.658605866496915 0.11191715127167967 0.412745233373057 
8 0.4816673285703132 0.5626984526282375 0.010122374904267773 0.025903866114108307 
0 0.3838926996158451 0.6637632255896461 0.11524504443254543 0.3402509423807786 
3 0.3190314469499805 0.5535303403168188 0.02929793603585747 0.03446178134735886 
8 0.4787263746632 0.5617988683299254 0.006069528553888191 0.02521164144024763 
8 0.4790157273146862 0.5646692657247077 0.006543612492706501 0.0283223733369837 
3 0.3264854056141489 0.5514360974124662 0.04243515887241309 0.05486992653849989 
0 0.11061760590467973 0.5577173106813341 0.014445329276951302 0.049223869823426046 
0 0.06346317989669935 0.642893259066654 0.1269263597933987 0.33920363278095356 
