3 0.9437304903694266 0.587138939466358 0.11253901926114679 0.2718748397360476 
3 0.26916821890272025 0.5706424241350128 0.09706877243600989 0.08954075249115881 
3 0.3212558497703727 0.5552193487074008 0.0774740427969482 0.08154664499494434 
3 0.4686739518624846 0.5415547024500428 0.020186887972952334 0.024238068150648485 
3 0.386572227005219 0.5385859276346616 0.05123681218769761 0.07667864410490614 
3 0.16916686780157805 0.5959332661280206 0.17365605092406253 0.1256936809493579 
3 0.41072931832373355 0.544595964555397 0.034887405174897454 0.044075741837075445 
7 0.48611044628020916 0.5358090824802223 0.020773348862349793 0.024341058645241685 
5 0.42057265595697774 0.5439164370370987 0.03278693889041854 0.041836535185275164 
3 0.3585079570749788 0.548465931609089 0.0638521270047908 0.07311268064335183 
3 0.9734319401374493 0.6262258177856014 0.053136119725101454 0.24557850377434431 
3 0.6727281048300668 0.5518657087295841 0.0868559273663582 0.05033536286787429 
3 0.905894431875047 0.5791092814153302 0.188211136249906 0.12311099121504702 
3 0.6325360385298001 0.5460728103453979 0.06923642897544496 0.04752815292549738 
3 0.4339015123963915 0.5471740110352489 0.0260029458024119 0.03145731564487246 
5 0.0837718422178067 0.5642639182681869 0.1675436844356134 0.35087760828586484 
3 0.6759508113028376 0.5496183760610334 0.09838393356950896 0.06364848102673079 
3 0.7351466698303913 0.553615654044088 0.13898116119501594 0.09066194652065526 
7 0.4508239655325339 0.5339502607990785 0.051770402286433995 0.028480232042162282 
3 0.7173930635401095 0.5427404263197321 0.11652296691291668 0.0708145077970281 
