3 0.8321276825320226 0.5228017409381203 0.06418574223254694 0.06178209595200902 
0 0.3632094109578388 0.5553193385635116 0.009061141427671303 0.04555607922991056 
3 0.5560816386008781 0.5853546381929265 0.14784638466194977 0.15847472894471878 
3 0.8260530329123009 0.5305321119974464 0.0566960722697209 0.06011288837031227 
3 0.4423174028573506 0.5478165134240132 0.024177267136991674 0.0431973897000625 
3 0.6034335584282882 0.5429318342560217 0.025165916886091894 0.03336556828859342 
3 0.7430440508909771 0.539641145468288 0.058272466624304825 0.06180356124473778 
3 0.7890006653972057 0.5256453674031732 0.06257070950207563 0.06322696818130283 
3 0.4500894409173738 0.5413087016022939 0.02407251163686716 0.04506825225354804 
3 0.9253889188188461 0.5228014470551681 0.08056174394698261 0.06972157013984877 
3 0.6530648115066384 0.5579599123835403 0.04374478833521877 0.06445209501609869 
3 0.6186221893587867 0.5452425495485341 0.0360205644562599 0.052298878809435664 
3 0.15073033950176903 0.6349654672835708 0.1697849981508943 0.14394002542971124 
1 0.34586171800914517 0.5734954485944589 0.10689724202266895 0.06620826113893032 
3 0.4290945035945399 0.5528615187341959 0.03649788330282384 0.04836659825131543 
3 0.9342441630025056 0.7226189943486763 0.13151167399498903 0.3859588522054188 
2 0.7387983928582478 0.5493565994517097 0.01426831573309329 0.052693565064236184 
3 0.6277755621187565 0.546369084134786 0.03946560931785299 0.057728026693144446 
0 0.7828123512105942 0.5506854839327472 0.024789706228474984 0.0911189470982248 
5 0.40896550520170943 0.5449889466496335 0.056127070797446665 0.08593542641138804 
3 0.9449790322090852 0.5456563690736324 0.11004193558182976 0.11302004657837163 
3 0.23388046592611667 0.6416579465613275 0.25729111561217377 0.18958853215475516 
0 0.37533117854905845 0.5555128981452102 0.008417633009592435 0.04752599327187448 
3 0.5947923299323934 0.5398941243979133 0.020089281052393916 0.03717214866521134 
3 0.26018889371965614 0.5842921868289144 0.11406943638949106 0.11731825709993106 
3 0.6420554265321655 0.5495338222706375 0.05541100947574108 0.06782641529373115 
