0 0.10387074176720239 0.6032956213156232 0.02677312588792745 0.1132576772983611 
3 0.27552202900622896 0.58111535333081 0.08183603256377808 0.11408608182568716 
3 0.6133079545892844 0.5417192666037813 0.037099015342999454 0.05580630054355841 
3 0.6986396523685177 0.5705273475199659 0.08788705830914495 0.09626515838556612 
3 0.39049043447855836 0.601981573589581 0.09558137793813877 0.1227864447675642 
3 0.3147811346961288 0.5676836533646157 0.07172628350774868 0.10872129890438392 
3 0.5939025689117651 0.5442540326335459 0.02972710784393115 0.038176821949489737 
3 0.9089670193176701 0.6549416481766381 0.1820659613646599 0.3668149761717984 
3 0.5837381228140499 0.5412088774488965 0.02424360894866247 0.03845386080594311 
3 0.10656453846328116 0.6350070880816772 0.21312907692656233 0.2028479176043841 
8 0.013166148978307084 0.7221092490264233 0.026332297956614167 0.10284694533589295 
5 0.006361486825246433 0.6106084269903131 0.012722973650492866 0.3772376045212293 
0 0.12867406027516956 0.6107681778875119 0.024563587019258294 0.11800411919768736 
3 0.656427375802285 0.5542324747028965 0.05718280323833327 0.09231784011622539 
3 0.8206567281980316 0.6091618413739792 0.17726747078571364 0.19134707273654605 
