0 0.27682099133113164 0.6491638678481109 0.11216971904096283 0.3325076161758692 
0 0.3963176155995378 0.6685572727134959 0.12555766827064985 0.3903796505368892 
0 0.5178106591152734 0.5651910147990147 0.012202558399548806 0.03758703631237369 
8 0.48672606950173264 0.5655228273801326 0.014104566689833788 0.027776054618118388 
0 0.8209478576355156 0.6458116808032518 0.09920474169320884 0.31186032719485 
3 0.784391526943636 0.5663790368553868 0.2420543353690711 0.13476672883572702 
8 0.8974613900565044 0.7192417374992686 0.0954433440680289 0.17939498587879144 
4 0.44837779175601256 0.5383405979670132 0.02826411419845641 0.05712640480822813 
0 0.1633915320364934 0.5548320991380973 0.009235184920124855 0.03818189218144312 
8 0.47834596925904826 0.5618078136049334 0.0061811598363935615 0.023558082414864557 
0 0.48474584084714994 0.5548954728972683 0.007799105076256225 0.03593644213831428 
8 0.4816525748872544 0.5630612953453212 0.010121162849952157 0.02588422608529931 
3 0.2700800970492329 0.560475003246861 0.04763473588749495 0.050983371552752094 
8 0.4790322916487022 0.5654262848099773 0.006544108147124916 0.028323910098298925 
0 0.4367894861148156 0.654144041607775 0.1205028141142865 0.34397068677636683 
3 0.3156042214614233 0.5542183461864608 0.04850667829624389 0.06155040202776831 
0 0.06903497235578994 0.56111331558772 0.017000250424744793 0.055694085087143824 
0 0.5523566382307277 0.6146390502450751 0.10932538149547207 0.35464932244359104 
