3 0.5582875681642077 0.5217047340677796 0.03866603542673424 0.051498482346571055 
3 0.24542423279794023 0.5693520689187496 0.21947469138198672 0.13422867285033438 
3 0.7583506987243709 0.5018007821783528 0.03781596559584955 0.04496278199198836 
3 0.011345110525552276 0.6031867375335918 0.02269022105110455 0.1304993707562972 
8 0.8303816055909244 0.5892697807512399 0.021468906083845243 0.06966082398126792 
3 0.6236377626632964 0.51594753731429 0.02940960046577736 0.04625227750257706 
3 0.3175720859723406 0.5563684320286664 0.07586818546250147 0.0768884259145061 
1 0.4015438858690191 0.5335292562940723 0.06420440317315937 0.04715259513769941 
3 0.723711124341045 0.5669932930853561 0.13448662861570143 0.13456207324674166 
0 0.9787280106953895 0.5358768188895648 0.042543978609221114 0.17269150215543694 
0 0.73974577751915 0.5224313876362543 0.01819307612703156 0.07345869564135991 
5 0.438347866010713 0.5073079706040767 0.04231341291128466 0.06751876129160514 
3 0.423645611240526 0.5446823489876802 0.06792678764140256 0.07814352002614675 
0 0.7877267550674654 0.5398919224353437 0.029211659544502454 0.10059329959156457 
