3 0.4039553155926175 0.5552669683319523 0.05073808097122182 0.05432917182037462 
3 0.039902728186097525 0.6330919995619648 0.07980545637219505 0.22788759176517645 
7 0.46208840555058794 0.5344408426677905 0.03527501749172572 0.039944574550003976 
5 0.11360303491199236 0.6092278864642251 0.22720606982398472 0.19338167546292045 
3 0.756374303320948 0.5392578898950525 0.09415827290198849 0.053228224348380815 
3 0.8267429950773826 0.5410598469647753 0.10779314730082988 0.06634263383737922 
3 0.8046283972458207 0.5433624429995327 0.10611474239977653 0.06254746546067155 
3 0.9743683292883728 0.5885399000106627 0.05126334142325433 0.2317514958536856 
4 0.5801084626519408 0.5213948299787123 0.03939501454414483 0.08090087448961615 
3 0.6725171195112614 0.5365825706934154 0.054670359833044135 0.029488089399607197 
3 0.24362537601401107 0.5930872112935457 0.12384161532605806 0.10963645806983947 
3 0.693099924540091 0.5337009332600673 0.06366932649581288 0.0366864612189555 
0 0.4170906659254163 0.561020249083544 0.02413403621032721 0.08141595475829314 
8 0.8079341423934931 0.5642805944889886 0.016899983807099374 0.050366324077941095 
7 0.3915961358967483 0.5342391616424937 0.08987495008464294 0.04693180665775192 
3 0.7453041278831799 0.5390448659194084 0.08332787607476703 0.05153064748235244 
3 0.7834237059613673 0.5490509742976596 0.09944943590038037 0.055622672191731413 
