0 0.9679107328264334 0.5705187972180482 0.06417853434713322 0.28035680447359196 
0 0.5173580207194337 0.5654845885053782 0.012200463007374153 0.03759077402788118 
8 0.48664135820223975 0.5655561936395652 0.0140962559627512 0.027757424315799677 
0 0.19886898568108385 0.556910322235779 0.007767512944441286 0.033318373457735286 
8 0.4783887498149847 0.5620950880248525 0.006182537299303448 0.02355950551869499 
0 0.4909399164966853 0.5561148565406063 0.00857184776688591 0.0405051262398569 
8 0.4816623678264999 0.5629009748169788 0.010121198969660057 0.025862910250245428 
3 0.26681638374342725 0.5608937843572145 0.04858818653930705 0.05167825940053332 
8 0.47907514260616496 0.5657143907564525 0.006545754504187116 0.02832549180696876 
3 0.3156514415433632 0.5544815901462214 0.04850951030221822 0.061556143139264725 
0 0.0057146462277049 0.5649378743676312 0.0114292924554098 0.06586580948443277 
