0 0.5187302927495933 0.5655760971632245 0.012207184499418915 0.03758109957374011 
8 0.48698281043840186 0.5663949368620323 0.014120334497831451 0.02781280833186789 
0 0.07546306689647891 0.5671195705541358 0.013081760956724846 0.05032830432152524 
3 0.710072877187207 0.5670458787654221 0.24992430855662526 0.14667780536323624 
8 0.4783734863548061 0.5621923729282833 0.006179926612265945 0.023557515370431728 
5 0.2741761039816351 0.5733452004942066 0.26568058949235623 0.17050605323784565 
0 0.47879491872801033 0.5518516576881323 0.006447949616889162 0.029872528810118662 
8 0.4817335169873716 0.5642956017239299 0.010122398867188168 0.025928447035536806 
3 0.3726465279715569 0.5458870768509138 0.016482910300066038 0.0213520667564384 
8 0.47876997298441654 0.5631131276924866 0.006068645341578929 0.02522039779279434 
3 0.35255078456532885 0.5650433526490019 0.09613501780188649 0.059916071400323415 
4 0.06287470412609635 0.56491527362604 0.1257494082521927 0.2547853425939171 
8 0.4790599104099125 0.5658116447105291 0.006542634550046955 0.02832341847546761 
3 0.36171645285961107 0.5534706387120756 0.018443319223926908 0.0284739101433052 
0 0.15345408445735997 0.556862986350666 0.01212874507021418 0.043067894141667895 
