0 0.0930488780645665 0.6548225774699197 0.1295164452124303 0.3367160487395645 
0 0.25088424151479444 0.6758670788189635 0.13852206617710036 0.388226957396313 
0 0.5178612833584287 0.5644662423774326 0.012203549192794583 0.0375860439371306 
8 0.4867054535578803 0.5648537593223573 0.014106069995395955 0.027778652384155167 
0 0.6988749041245035 0.6568256709207507 0.0890318070538369 0.30470128114234973 
3 0.3228391778806211 0.5855599263817128 0.22842831821739082 0.12854732840551322 
8 0.7665328422584365 0.7168571642512457 0.08249355555309477 0.17396031849245017 
4 0.44891000892929567 0.5381623266553317 0.0321937192212333 0.0654713455590025 
0 0.15712817243530436 0.5541484551131916 0.009489405309377563 0.03904438688579104 
8 0.4783059865212637 0.5610880666071595 0.006181058410605757 0.023557167226736876 
0 0.48302166365344057 0.555551549263683 0.007613458735933705 0.035135869171584774 
0 0.9816335402955665 0.6425478243262966 0.03673291940886699 0.43212677161398744 
8 0.4816120157469253 0.5624426926252788 0.010121088805229234 0.025888769291045655 
0 0.9627874913722059 0.6408520895727612 0.07442501725558842 0.3488759775415732 
3 0.27644471095032314 0.5592627564778915 0.045298958748621526 0.04906658452807701 
8 0.4789922180876469 0.5647047887561039 0.0065439904838085995 0.028322740897134317 
0 0.28799335352261984 0.6573687485043594 0.13201268644294756 0.34391189071539746 
3 0.31666383299003287 0.5534914302940651 0.04837991735497667 0.06154074239285984 
0 0.07766007108456753 0.5591972573363966 0.016358505422740467 0.054043004106973554 
0 0.46504065600407635 0.6198336596604143 0.11782182319895838 0.35411815756513104 
