0 0.3554123172768713 0.5796446007604169 0.01895622783371053 0.0691592282050404 
0 0.8692425386901812 0.5809955921599259 0.04401122410896534 0.16179483375394738 
0 0.7910156380984168 0.5725216531582314 0.026471947351122224 0.09662469750816721 
3 0.6470492603246073 0.5658517258267368 0.05727135179135736 0.05588490538691038 
0 0.13316144137488997 0.607179003862603 0.04087472563684653 0.13408296478989062 
0 0.8407143251746715 0.5735459912047379 0.027136908697550696 0.10138156437342913 
0 0.8074977683081184 0.5722119963757639 0.015489841682543073 0.06333041950945914 
0 0.19090493309914078 0.5865218389845273 0.011411340618770255 0.07029077546495525 
0 0.37613189790493856 0.5760536895958475 0.024852405673945272 0.08484900840660442 
3 0.6178956008691702 0.5433176220802742 0.024770781330064082 0.032725422709216266 
0 0.4553379368112905 0.5574669493325203 0.009163633257171852 0.0452038260306173 
0 0.7758287263296495 0.5439077425817385 0.013150390477138672 0.049364691508228274 
0 0.16869034782854817 0.6168648925873039 0.03298081861881331 0.07910647131410226 
0 0.342545946188553 0.5709884664294449 0.021657708453225552 0.07501827055364357 
