3 0.842000287647679 0.5234270465472689 0.0670345148890307 0.0637614776203951 
0 0.3630533500420889 0.5571572693609497 0.009193531527817171 0.046032666469076715 
3 0.5662925215959925 0.5792508926828562 0.10185926269555758 0.14327628068767972 
3 0.837227163340732 0.5301690245290792 0.059669236136334264 0.06234238018077993 
3 0.44173113761627153 0.5489722188016745 0.024744044667049252 0.044075964569521675 
3 0.6059662588874495 0.5455472010304377 0.025797985416532755 0.03410766055005158 
3 0.7504951186018356 0.5407428915068008 0.06076624689135884 0.06384351025717737 
3 0.797858506690743 0.5265785766139881 0.06538186104138703 0.06532375976582853 
3 0.44973823592218054 0.5431450930574913 0.024604811480537878 0.045934664196376124 
3 0.940228615825224 0.5227323279176458 0.08497394923353539 0.07237471536084109 
3 0.6589437473345645 0.5601112736541043 0.04599826418914709 0.06717895173372179 
3 0.6220338587597388 0.5475716800552121 0.037235987589396585 0.05381729288467966 
3 0.12481102576628977 0.6452416923126675 0.18827115401544703 0.15622069693384313 
1 0.3394395118654772 0.5789532478076255 0.11383569768713858 0.07026063635824521 
3 0.42786068101033137 0.5552120311287052 0.03754228050312861 0.04957528863735762 
0 0.3032398442013974 0.5752200834951692 0.016946460267664457 0.06337361261629483 
3 0.9716028801257072 0.7193567932815014 0.056794239748585655 0.383379691939705 
2 0.7481788694204837 0.5506538917306657 0.015423933870423241 0.05483988654277829 
1 0.4749929424609704 0.543830123135105 0.010353855193331683 0.03714249941152477 
3 0.631763727561426 0.5477845511521175 0.04098906687565688 0.059620570307099066 
0 0.788113428565128 0.5520088548531682 0.02550662808215023 0.09300075381743605 
5 0.40668945405363033 0.5444005496902372 0.058073555303166345 0.08847690499412977 
3 0.9559642550365132 0.5545512653536814 0.0880714899269735 0.11938091746161136 
3 0.18268385804332227 0.6630932916314864 0.3131245615674725 0.2228916007262773 
0 0.3750883077835001 0.5585530693019097 0.008550175945073164 0.04807303758575813 
3 0.5969931028784938 0.5396888056430394 0.020549269517587874 0.03791172398613109 
3 0.24557764130020718 0.589777118378203 0.12343320566715654 0.12478109830534442 
3 0.6469809826926478 0.5507588680469411 0.057836395859305015 0.07039508353331952 
