0 0.5184645457492036 0.5652591776845914 0.012206883051294781 0.03758350281184076 
8 0.4868940618701419 0.565961078029192 0.014117350693511596 0.027804053504432442 
0 0.04133497813680693 0.6693317301879624 0.08266995627361386 0.27092991958429946 
8 0.07953427391830489 0.7267498035507248 0.09093680979450407 0.15282205962810166 
4 0.18816327430538327 0.5404688915762665 0.29387128935463586 0.17661496703295515 
0 0.10418908184475675 0.5656374675039025 0.011825309424942478 0.04655820193084108 
8 0.4783342010324406 0.5618748912367453 0.006180598618054774 0.0235577234347216 
5 0.9866563257352837 0.500058328126151 0.026687348529432456 0.1586526648657486 
0 0.48021599452335806 0.5518833281590118 0.006757263304575219 0.03126156168671672 
0 0.009718153674527137 0.6688948319971973 0.019436307349054275 0.36198018790829656 
8 0.4816830787799543 0.5637644608784889 0.010122659666196014 0.02591766000926984 
3 0.3515131367031455 0.5505960318823234 0.020658248004583515 0.026017712086898227 
8 0.4787309013557347 0.5627086695225535 0.006069367078506787 0.025216603136174173 
3 0.41546185458136753 0.5543750434777166 0.031013934941794333 0.036992637578534555 
4 0.9274153526141399 0.4890153762619347 0.14516929477172041 0.2738569180841839 
8 0.4790205125197112 0.5654934696621292 0.006543435904986339 0.028323552207260717 
3 0.35197732891155453 0.5482645678239789 0.02686609129035766 0.03773164055353094 
0 0.13784627339703334 0.5619233353927031 0.013006342660005821 0.04548166858581946 
3 0.42223527146147605 0.5818152171625668 0.2015330016319963 0.11232930909134237 
