7 0.31372822109814424 0.5594472428215896 0.1749035121974618 0.16413442376191817 
3 0.9326869263104386 0.5689794367991695 0.13462614737912276 0.09425148139368143 
3 0.11458725974180484 0.5287604695669762 0.10899066472429045 0.08109587203279735 
3 0.9452374066596506 0.5667187397322834 0.10952518668069872 0.08736708268427934 
4 0.8637940528309639 0.47817408513143494 0.2724118943380722 0.8745900866167363 
3 0.9136365662338617 0.5673340769812055 0.14608475996862366 0.07857342292342544 
8 0.03172991281790482 0.637551969492409 0.03026718264188498 0.07535095694177181 
3 0.9920891908469628 0.5859677305405591 0.015821618306074328 0.10644139756374178 
0 0.0048314342902012 0.5440416559048301 0.0096628685804024 0.14137377010380117 
8 0.2667278321902356 0.6180007290231128 0.01925850890501554 0.06260160957684598 
8 0.41379214274913334 0.594847949120034 0.015165896069789965 0.04580205955138897 
8 0.35382891714904846 0.509458395665465 0.03485186653524345 0.0876731815385111 
3 0.9613812130035685 0.5658968023275481 0.07723757399286313 0.10910037955746689 
4 0.7771165475023036 0.5151695643928965 0.2501725845347269 0.32789663847184025 
3 0.5946442350797364 0.5320155782390183 0.04160495588326569 0.029810408116943122 
8 0.42798492780456093 0.5855097705169933 0.01510552300825708 0.038970600228553656 
7 0.08704403377136259 0.5651504352805662 0.17408806754272518 0.2276925057763259 
8 0.24312149065079092 0.6191023055653178 0.02403754637240052 0.06237544677492047 
8 0.06780579071732366 0.642042392519017 0.033628709030583986 0.07823695721955472 
0 0.028670223534833752 0.5411438520978851 0.03772408822309094 0.14119010604691962 
