0 0.6719712279083061 0.6293688014977759 0.10101476109828844 0.3029659540201933 
0 0.7402177017449054 0.6628261681512351 0.12360652911436049 0.38623564681243183 
0 0.5175615103745519 0.5654054433437908 0.012197985237222327 0.03758535772416312 
8 0.48663216878428234 0.5656325165449335 0.014097918108686117 0.027765853416475528 
4 0.4478596677677401 0.5356834389808597 0.021344988928304644 0.04259595671266791 
0 0.1818703240476242 0.554211866951675 0.008528026213065481 0.03582704884004449 
8 0.47831212233882836 0.5620311684113727 0.0061794364364688905 0.02355700068592657 
0 0.48622644301438933 0.5555159305557225 0.008242688060727659 0.03794377276041707 
8 0.4816068641735602 0.5630734418845965 0.010118728915968305 0.025871085479214205 
3 0.26830584362211196 0.5608545481112522 0.048178418191627624 0.05138997698641282 
8 0.47899840126189186 0.5656500103541332 0.006542043913215423 0.02832283647700826 
0 0.7508543936399349 0.6489472448593699 0.11400896131568615 0.3430509107748566 
3 0.3155665638957167 0.554485237343203 0.048504833508043466 0.06154158648396042 
0 0.04129959260391781 0.5595177656790935 0.018751279830487317 0.05991399281113742 
0 0.8574475991337603 0.6107587618084623 0.14181178142798018 0.38359062520883486 
