3 0.8014833177304308 0.4982861446816498 0.054322229082225844 0.05481316169212998 
3 0.17447904409979478 0.6024801509216522 0.34895808819958957 0.21429856543131065 
3 0.7907531007117413 0.5074119413043416 0.046578269066849746 0.052324210393519165 
0 0.0563498881534659 0.5953027200768518 0.044062171802843546 0.1168264291645528 
0 0.0857474999247829 0.5912652278868842 0.036941160058978524 0.12066440793411137 
3 0.7619987521617833 0.5041574919856399 0.05281303098439267 0.055826969206552994 
3 0.6367912007264473 0.5261747626407857 0.03592031882120878 0.05476694276348995 
3 0.24830551491324973 0.5817033786936474 0.11073256346022142 0.1029738171118929 
1 0.3745537361017574 0.5470364505448416 0.08335075033003754 0.05660020154816986 
3 0.8590976867409807 0.6230346745997517 0.2799147512664071 0.24600731937448062 
0 0.7706059575340518 0.5328225334897256 0.022012335576098822 0.08656018052090877 
5 0.42312476318110703 0.5181317721379196 0.04911146144966864 0.07669804678410856 
3 0.8670305825092323 0.518535979019755 0.09602234104718164 0.08786532141536757 
3 0.37787333316176586 0.5678556117052763 0.10064954053055011 0.10854531893267323 
3 0.5916003686457793 0.514553986694735 0.018379771867179855 0.0343908218938569 
0 0.9347307927944215 0.5732124676842615 0.0553263145606168 0.16189290545866072 
3 0.3139612855155769 0.5477659642890835 0.08521029888722452 0.09332395714500068 
