3 0.06033314300940948 0.7004755516861149 0.12066628601881896 0.2996355173889461 
7 0.44850104661244133 0.5734978955558935 0.07348409598637666 0.0780339430440021 
3 0.8043105100305928 0.5854678332628311 0.08861116599562152 0.055786346563769865 
3 0.9639175753519712 0.6091409351707402 0.07216484929605783 0.0826137422788343 
3 0.8124115001328487 0.5846917473920915 0.09250309441824583 0.050280776101069666 
4 0.6940622158028115 0.552044217386699 0.11544225592813774 0.20211648154922057 
3 0.7954649554565318 0.5839644500169452 0.08397397685799277 0.04807673760365067 
8 0.35423463691582013 0.6003477081979635 0.009444618468396228 0.03002306692430529 
3 0.8483654401915314 0.5948098201079177 0.11302346389794736 0.060025834377910314 
8 0.4363440240752853 0.5992450182307102 0.009536971615411859 0.028148022993750476 
8 0.3110560306018531 0.6044526915663018 0.013598156994495092 0.03735079015610167 
8 0.43415167329919946 0.5491748849427459 0.026076405593161666 0.0635434399818648 
3 0.9324819330591815 0.5987177081778701 0.13503613388163702 0.08609569091552197 
3 0.8250247899508785 0.5835652037183137 0.10124267565949552 0.06001214226209571 
8 0.2726064111201677 0.5999017559468967 0.01245691105955615 0.037461419332243444 
4 0.6664565542515851 0.5552154098004992 0.08796076549331346 0.13660419651800088 
3 0.9738941768987897 0.6081704602870094 0.052211646202420636 0.10700474410527312 
7 0.30288897570096107 0.5671438099908032 0.18397893021577505 0.09796201571021622 
3 0.898255133289181 0.5956661688496222 0.13423591985160513 0.07592763764499845 
8 0.42593473513063046 0.598710367236663 0.00953678396490716 0.027951463131295845 
8 0.37127380759528805 0.6013028082388168 0.012692143985262519 0.03035219121159735 
