0 0.9449235362176915 0.5484340774765261 0.05100635305531256 0.16117586288979996 
3 0.6032158282848437 0.4994312011949776 0.04237825740306356 0.05784104732156423 
0 0.29504480719766357 0.5131522825021424 0.016824038336092747 0.05580764954196828 
3 0.4190861394758788 0.49506617166388367 0.08940526592317419 0.05475732674099845 
0 0.9806499529876979 0.5458463554743194 0.038700094024604254 0.1579842414879838 
3 0.3172844126911152 0.5028847714009314 0.08258887776352872 0.056449234676738215 
3 0.48965150161672893 0.5126109389394367 0.06457754998198688 0.07901146439423573 
3 0.3762159552859328 0.5176505215995308 0.08575218210355487 0.08160991604158577 
0 0.2830456340899201 0.5081010830736818 0.019842858301847458 0.07011310068936363 
0 0.9033101111998006 0.5441990950384367 0.03429630659398498 0.13587906038531275 
3 0.46125439004654867 0.48814681298889795 0.03478412078453218 0.04096592915521859 
1 0.4961538208246923 0.4784537731567944 0.03414128522665344 0.029890885357045312 
3 0.10195095549458297 0.6697657838177214 0.20390191098916594 0.5381783670596814 
3 0.6584686064483819 0.4941605173048114 0.04272590461516316 0.05310363316842705 
0 0.9694953267326143 0.5256706397568681 0.037985392376634196 0.15986488041776833 
0 0.7702919228527464 0.4876590947238311 0.02029462158279742 0.07090021612034099 
0 0.7139826601845303 0.4815497618629928 0.010317034785148138 0.04530238988269995 
5 0.5133306215852461 0.46171625514533365 0.028414065295008797 0.047398968033406465 
3 0.5331546642368946 0.47712282378361215 0.02605473500017702 0.0342721098376809 
0 0.7117160772008273 0.4818520983053793 0.010559263064940864 0.04640874245046986 
