7 0.06381377827777757 0.6427420311898885 0.12762755655555513 0.4624270798165102 
8 0.29996046139027477 0.6082539870260271 0.01979089235936062 0.04890765498288273 
8 0.326088924106516 0.6457044716446133 0.028181188677570825 0.07240338867764724 
8 0.23591539122258065 0.6034783076586223 0.01672003556264869 0.04748308475830337 
8 0.06512140501152214 0.8182364486211849 0.08003180575001427 0.19334102347794782 
8 0.27028440274546683 0.5121686608102448 0.04967455541320714 0.12784384602214685 
8 0.21565225441383018 0.6029708400607019 0.015808565023303488 0.04837799159837763 
3 0.48413218790859086 0.535415723032868 0.023744474080900062 0.03441321646313579 
4 0.9858459781382272 0.5189064730723745 0.028308043723545923 0.7689460904347606 
3 0.6064846671304528 0.5363230668748573 0.0514870966622307 0.03625044975364056 
8 0.18044577591500185 0.6002454497525754 0.01692383239141151 0.048609079211361685 
8 0.23986193865161326 0.7090960511395413 0.046883315637353144 0.11617026624646327 
8 0.3482164985703152 0.6183295705748159 0.02208352093574959 0.055105697103748776 
8 0.1980751079928951 0.6010399832817176 0.016142484991573766 0.048068117622751615 
