0 0.8009825985940835 0.5882764897950149 0.10273060623584655 0.2894262737277643 
0 0.8837255233502657 0.6488046274568112 0.14189080247736555 0.38978501149622763 
0 0.517595851150912 0.5652799543074789 0.012200025053111432 0.037588294593781546 
8 0.48674826062964677 0.5654701782388581 0.014098545002100168 0.027764477168611468 
4 0.4493212591743968 0.5331773453121575 0.021413837587822258 0.03910250199344097 
0 0.18708630867932086 0.5539494732806325 0.008272852770045311 0.03497509949238558 
8 0.47844632867982045 0.5618975664087345 0.0061812218300656245 0.023558110056810935 
0 0.48717514006880264 0.5565930587367743 0.00815086351311173 0.038672809907570806 
8 0.48173110118151824 0.562860411861257 0.010120258036121186 0.025869094637654876 
3 0.267947565993861 0.5606863968405659 0.048307553443443826 0.051485376954870064 
8 0.4791328845265916 0.5655162425387196 0.006544193025479927 0.028323950267418987 
0 0.894071853667076 0.6380209947064688 0.13477547860858294 0.34972730615181424 
3 0.3157120530265086 0.5543087748421416 0.04850362029668336 0.06154854410770573 
0 0.030035722775183026 0.5630827073596556 0.019526130559849877 0.06175903064030624 
0 0.9629264785366863 0.5891004401208983 0.07414704292662748 0.38729302581611047 
