0 0.7378853610140625 0.6084988564672816 0.10184471129405295 0.296049880434198 
0 0.8115717557180542 0.6557837903896242 0.13263442745466733 0.3879744086627829 
0 0.5175582688343353 0.565387764080945 0.012199562636835139 0.03758761805062148 
8 0.4866757789128407 0.5655807392160338 0.014098643399592633 0.027764782477915636 
4 0.44797950321718316 0.5342726968387943 0.020348250088810006 0.04051114581562268 
0 0.1838712934657783 0.5530592196764347 0.008415441026295732 0.03540705771580532 
8 0.47836475589075333 0.562007199795645 0.006180683301593817 0.023557919388919307 
0 0.48671158518748037 0.5566121133351108 0.00832194034618624 0.03828568785468323 
8 0.48164866302118875 0.5630235140161137 0.010119632670344601 0.025871543018957114 
3 0.2681067427864086 0.5608041870248495 0.048245547044338685 0.05143988937116249 
8 0.47905113139858435 0.5656261028159443 0.006543539093757432 0.028323793678753127 
0 0.8216856650132581 0.6436988928185934 0.12424125510220918 0.34635009306833214 
3 0.3156240617629801 0.5544329573124296 0.048505744408037794 0.06154712163576625 
0 0.03573739717779807 0.5597510073479316 0.019133008639280708 0.060823475404221325 
0 0.9276767572695518 0.6006098915622627 0.14464648546089648 0.387820373512234 
