3 0.013149737187552362 0.6256585788687253 0.026299474375104725 0.2242311804214339 
3 0.4653004820815734 0.5493000944987821 0.028357324812004522 0.032788979199199146 
3 0.25268633091705267 0.5600409927137976 0.14384791201282138 0.1687489395976558 
3 0.35603455209243207 0.5630517884907628 0.06854308827624436 0.07436762868564169 
7 0.4937799151048921 0.5396153251450819 0.02576318955073596 0.02979478935641497 
5 0.38016006844149713 0.5600508011256887 0.058195747229817914 0.06644388558143507 
0 0.0776421205857467 0.5692868877841966 0.0468750522271354 0.13208618085055648 
3 0.11236028433394708 0.6072163356040293 0.22472056866789417 0.21021116843136264 
5 0.969842641621849 0.5500010136624044 0.060314716756301866 0.06096135246901269 
3 0.716461555608038 0.5557777057893092 0.10835809574536157 0.06601012999631552 
4 0.5782581709418442 0.5326875684891611 0.02630501600549536 0.05672859672664622 
3 0.9812559541890613 0.5805140518994624 0.03748809162187726 0.0688178655764992 
3 0.8911551902376542 0.5948987900123166 0.2176896195246917 0.1163565130545215 
3 0.7314132874696949 0.5586228122046157 0.12588451899673614 0.08253702409825615 
0 0.11174470252232083 0.5646184824504499 0.04020196942457606 0.13350833052493347 
5 0.934798597557895 0.5554109452263376 0.07184727606569907 0.05401066644949215 
3 0.40735578370832104 0.5604046015050059 0.04176165020020186 0.04735086109132693 
3 0.6640631687151488 0.5474812923439352 0.04496432151097821 0.02659125312346772 
3 0.4284872811653104 0.5931244956392527 0.07231555885756848 0.08723854358357049 
0 0.5372519316461494 0.5482808434329807 0.012798744505102561 0.04325930950097908 
3 0.8662021463012639 0.5742100893922266 0.23071827048736354 0.13800384247165792 
3 0.312232348213997 0.5727356966437421 0.09152709886189843 0.08077342111339937 
7 0.44594486205170397 0.5380229802458143 0.06471269079962283 0.03465185509231554 
3 0.9880387976660479 0.6083484456132906 0.023922404667904403 0.21809015436652954 
