7 0.4135318718011669 0.5633526037805239 0.09367376501526473 0.09762200005601396 
3 0.8347148330752304 0.5830858987782219 0.1063796161428398 0.06743481967762212 
3 0.9365768941444245 0.6032528378996515 0.12684621171115099 0.08291673982860945 
3 0.8479846713355234 0.5823665573574521 0.11197863433397913 0.06170012923600085 
4 0.7386032895033899 0.5486637787373277 0.18199266847290432 0.2912098969929791 
3 0.820903627931194 0.5813727053010139 0.09944721929946085 0.0576688351650652 
8 0.2873033884590295 0.598165328651448 0.011955716404351585 0.038619767239395815 
3 0.9003668524255253 0.5968523672458511 0.14114673658913732 0.07582447022676775 
8 0.3956152619980644 0.5966517383462457 0.01191662045190256 0.03532276923119752 
8 0.21218976953380955 0.6032953778951762 0.020543538733247928 0.05155491165028391 
8 0.4053132490702872 0.5314786633868362 0.029147098669593065 0.07110849088986704 
3 0.9745797970069998 0.6076870631121988 0.05084040598600055 0.11122778318338905 
3 0.864996315714431 0.5820901306890051 0.12431676224966268 0.07421647781346198 
8 0.15924365253945638 0.5978404711635195 0.0195415323421342 0.0516833392377253 
4 0.6798066887554381 0.5418601602977793 0.11328824577447463 0.17463232635807774 
7 0.22494268952964475 0.553503468643144 0.23929723877438136 0.128688874657897 
8 0.18325850029328478 0.600424155713743 0.021326285386448412 0.051502249982360256 
3 0.9439994330775623 0.5992218289326867 0.11200113384487537 0.09573009885156554 
8 0.3825371045016644 0.5960054338188034 0.012431847344521216 0.03511777827033244 
8 0.30862359155080493 0.5981287232617061 0.016653920377659687 0.03903259819067696 
3 0.9626134616668026 0.5994530130965993 0.07477307666639475 0.09509374585795677 
