0 0.22887820166263967 0.5875929508939131 0.017056602667311297 0.07911293669740992 
3 0.34761575744860085 0.5720136600088704 0.051225087773732414 0.07983906537953253 
3 0.5939059093337857 0.543974569705272 0.029101263149427226 0.04504886065016542 
3 0.643436045886929 0.5624728241502456 0.05398764247524611 0.06433365337060157 
3 0.3689888749206407 0.5621264134121194 0.04779462332677284 0.07941480586993477 
3 0.7323163155161576 0.58508113549096 0.12295224419141619 0.14575154254608896 
3 0.5730188128109406 0.5443196892499922 0.020301246151212097 0.03266258586452864 
3 0.2816469503651578 0.5943834981723152 0.10263698700110087 0.11067522481612918 
1 0.04475916621771515 0.6702327684465288 0.0895183324354303 0.30428566367112714 
3 0.8222031695749799 0.6094337847631223 0.19378471458185062 0.2114702571649117 
8 0.17896429244388182 0.6657114155785525 0.02224631343535034 0.0748494645664189 
5 0.1632009512121465 0.5974745619544107 0.22378463743924795 0.25832966870041324 
0 0.24573995839433246 0.5932214081325541 0.015892986666803496 0.08265020265118203 
3 0.620205594096979 0.5530661325068124 0.038860838815226374 0.0663444832296635 
3 0.6858877560056357 0.576063668935519 0.07727200967934039 0.09862181045900709 
3 0.9080153248518551 0.6490365747058676 0.1839693502962899 0.3509797082500213 
