0 0.5271633482507638 0.6381335396525409 0.09910963705793037 0.3178921248122184 
0 0.6067916745543824 0.6710318943855781 0.1070753706051822 0.3776401009293926 
0 0.5176913074278648 0.565458141557044 0.012198678437851171 0.03758519421953691 
8 0.48671268870714657 0.5657417079166897 0.014100283093849768 0.02777053749909909 
0 0.9781882033214053 0.6257435946999529 0.04362359335718935 0.3193177603508554 
4 0.44747028781036874 0.5393224276369046 0.023625949824663053 0.04745674777585104 
0 0.1743490844949626 0.5510947371691979 0.008796597205763845 0.03671184507299415 
8 0.47836260640192946 0.5620826784700856 0.006179503481417825 0.023557050875386003 
0 0.48732305455447544 0.5534035017729703 0.008109278853872795 0.037288344192287784 
8 0.48165741193891803 0.5632313227031575 0.010118810431104066 0.025876971956254238 
3 0.2679815051820148 0.5609752637759299 0.04844993694120074 0.05165252787428648 
8 0.4790490024666938 0.5657016424181177 0.0065421293616790875 0.028322896614916493 
0 0.6194740031000245 0.6539292771964192 0.10563207404239769 0.33904431597497947 
3 0.315620853524286 0.5545364320223994 0.0485033990142648 0.06154082317672002 
0 0.052117687834492714 0.5589016350889201 0.01803213098077489 0.05817374927755117 
0 0.7313833332032129 0.6244318428897943 0.1214164682668833 0.3771673535956896 
