7 0.3509470756360686 0.557452751605928 0.1360701150603605 0.1336116467639339 
3 0.88900084030659 0.574773154689518 0.1368654151649699 0.08351344552674896 
3 0.9857332827958672 0.6069183327711869 0.02853343440826578 0.1037080116112738 
3 0.9115070109031365 0.5734644306004195 0.14627321556341102 0.07759388579428074 
4 0.8390896869558182 0.5232909403438389 0.3218206260883635 0.5693573282207803 
3 0.8652015164545954 0.5727652738251651 0.12506952983177883 0.07006176991457734 
8 0.1491505598551521 0.613089763392929 0.02040567411015612 0.056885922307100524 
3 0.9519937238465107 0.592229431491127 0.09601255230697846 0.09617319941650186 
0 0.08589186080286515 0.5422808605996715 0.03459472514209163 0.11817876503426798 
8 0.31921812645858877 0.6044597328064072 0.016042717967797236 0.049513765439433734 
8 0.365763950661487 0.5152915824525494 0.03288634513639409 0.08148127090818699 
8 0.006679093616378517 0.6473294069682279 0.013358187232757035 0.08967738036170861 
3 0.9300388021350198 0.5730542465822734 0.13992239572996057 0.09454783279070486 
4 0.7264790878633521 0.5275114233475323 0.18372157722759652 0.2518973739774934 
3 0.5906534218263582 0.5387611290392673 0.03971879134560318 0.02887658554949332 
7 0.12314052464326271 0.5608314314216647 0.24628104928652542 0.18082877750699886 
8 0.3003302334769325 0.6044946761248919 0.018383497376676418 0.04942840261701513 
8 0.17904940996054983 0.6156149624883579 0.025128692450199674 0.058380059392778016 
0 0.12324373724115475 0.5400711479600827 0.029668867295705236 0.11406237852804793 
