3 0.8662763143566032 0.5667479183950574 0.24208608105255053 0.157338030072522 
3 0.3290151590623958 0.5681617807338329 0.06667922221733402 0.06695028067641873 
3 0.36102586931388914 0.5554051067772419 0.057218728367582516 0.06419939237961071 
3 0.47162858725025386 0.546012957352406 0.018338055247052624 0.022153557704985727 
3 0.4070017831169816 0.5426390033945988 0.041247870680626166 0.06452213724685135 
3 0.2777165422676414 0.5804280870127846 0.10228817488505204 0.08475582384086641 
3 0.42339357252810045 0.5496634291818667 0.028731553626240042 0.03856991782218889 
3 0.9091645796730911 0.5968452672840765 0.181670840653818 0.17563580724151556 
3 0.38675728180095187 0.5521268322453521 0.049686589230022095 0.05967012428800994 
3 0.8783583649103275 0.5901535304357517 0.24328327017934484 0.14157798346958544 
3 0.6476918460754644 0.550149644194525 0.07212993048874566 0.041872651591054806 
3 0.7300984060920789 0.5662146446176957 0.1381900611833544 0.09022730573958433 
3 0.618818626009339 0.5490551708299067 0.06012062720319612 0.04121456323895599 
3 0.9456390722224797 0.6059608569202403 0.10872185555504076 0.24029115184804292 
5 0.1634335788496133 0.5541377318740353 0.25798799625106467 0.24017698171167462 
3 0.6528411089149725 0.5499103639103375 0.08241357491453677 0.053415681025534054 
7 0.4549679504800122 0.5386425618196279 0.048403477594671854 0.026462990822890522 
