0 0.016457461766724652 0.5893097094686711 0.032914923533449304 0.15369313094361636 
0 0.8656983786206456 0.5553653160000959 0.03345886371822459 0.12208516922053889 
3 0.6171557926573141 0.520879652168694 0.041878039269929064 0.057843046581326815 
0 0.33727021169952864 0.5342495623244431 0.014743577821422634 0.0500986867527055 
3 0.4459284209787554 0.5141532777529634 0.0816473940362181 0.05090570614444548 
0 0.996759990581298 0.569019120690175 0.006480018837403776 0.1909575577837629 
0 0.8988171447918161 0.552169424262839 0.02759697936757448 0.1203137522642489 
3 0.356320484791509 0.5213037204867453 0.07362903801966088 0.051929308129485575 
0 0.05589809864622353 0.5978615548117229 0.0682125941287801 0.20104192290568607 
3 0.5248299392607532 0.5231269626713375 0.04835879994737624 0.06162012296557218 
3 0.41474524753014413 0.5358648781307548 0.07173088914942198 0.07168006673332027 
0 0.32607645323499085 0.5290635698868722 0.016795314832588525 0.06314609946390085 
0 0.9325026377548941 0.5714198161696926 0.048193955692461404 0.16530679955271674 
0 0.8470395330743739 0.5506694907434332 0.024148580367007354 0.10677911188366636 
3 0.4842557987096475 0.505205328684705 0.03215956863680134 0.03851566481801279 
1 0.5163543607572947 0.4962501507175615 0.03210818230791503 0.02884749210705473 
3 0.29537501314938747 0.6103678278826223 0.21132455222747878 0.2311927259800968 
3 0.6656971321243372 0.5092300842967028 0.039569827974365805 0.04881107028148632 
0 0.9108925056746052 0.5387022290326284 0.026796229122147963 0.12543596014637184 
0 0.7676861232162377 0.5055238476125437 0.018359895969349935 0.06511343309739283 
0 0.7224413765134375 0.4994224466551778 0.009943099011122883 0.04288137668503326 
5 0.5324181275375774 0.48139614098905414 0.027268869845095196 0.04543493344881256 
0 0.98403193152108 0.5652138637305006 0.03193613695783995 0.17112744725350215 
