3 0.9922677458906737 0.5283649139121708 0.015464508218652924 0.09832395264836861 
0 0.2949653118492774 0.5815425685793489 0.012876912946102515 0.0624336522979354 
3 0.38930135639197894 0.5690561563840391 0.037820000417810466 0.06281675656964561 
3 0.6220941258701933 0.5580211990774209 0.03980216104608722 0.04966443115864308 
3 0.9128158643109459 0.5503948347643239 0.14367511318169363 0.1212884939219191 
3 0.9592808069960456 0.5314876979776069 0.08143838600790901 0.11787505661075853 
3 0.4034726508369926 0.5604416812846299 0.03640485866086501 0.06387659469482439 
3 0.8265181410193475 0.6187194382093877 0.15673550626202384 0.1770687953629129 
3 0.6659027667416697 0.568296688782874 0.0708739580773068 0.09277597594966444 
1 0.12618169021651798 0.6780508174679409 0.25236338043303597 0.19356707848617816 
3 0.3545961049885964 0.5801799186739601 0.06560789254112692 0.07838315997124526 
0 0.14069499456001403 0.6213114653005479 0.03392314830255844 0.10551262258239445 
2 0.9967290199173998 0.6088092766437722 0.006541960165200465 0.12219635840679643 
1 0.3636381160926925 0.5841328420327638 0.0303531681805503 0.097397106975369 
3 0.6979623178599735 0.574193497118372 0.0892050567269817 0.11380412578279883 
5 0.3013419641511026 0.5706729430613656 0.11730134839358776 0.15701510771932722 
0 0.3081021572149574 0.5862448340873292 0.012089307307718436 0.06531027272874622 
3 0.6062382054797577 0.5509146264428623 0.030073014449727608 0.053010034824046544 
3 0.6442451552865189 0.5656454798642486 0.05014325354152398 0.06885160392778017 
3 0.7568440996269254 0.5933000886529185 0.15080408466141917 0.15751055900011565 
