3 0.8241856331261914 0.5228383484988279 0.062113754695347585 0.06029812328265684 
3 0.9954064902247584 0.5158621600552492 0.009187019550483485 0.06600823322063251 
3 0.5182298136274731 0.5978688575476998 0.20890516561733394 0.183787808975478 
3 0.8172243345897442 0.5306812360308805 0.05455875367429215 0.05846228791040194 
3 0.441951500073164 0.5457538605000389 0.02374633836895207 0.04252693105142353 
3 0.7368840436610893 0.5392635431494525 0.056460194105145405 0.06027603206783782 
3 0.7818094668196262 0.5253681960122543 0.06052854877176472 0.0616538175084314 
3 0.913886419398737 0.5235429169744031 0.07738870723669479 0.06775081814492852 
3 0.6481197031581283 0.5547563918061802 0.04214103371883944 0.06247150088702148 
3 0.6154235584648476 0.5462813870933226 0.035130718414075876 0.0511559366593844 
3 0.16827446174440477 0.6273513970892352 0.15722493814415367 0.1352627502549856 
1 0.34961979527769926 0.5715036761424088 0.10208816080082649 0.06403659373687945 
3 0.4291967330146776 0.549935272236936 0.03572619187154359 0.04745981050718873 
3 0.9135562234976591 0.7269966360775324 0.1728875530046818 0.3889858373006138 
2 0.7313473058851822 0.5489008036806862 0.013425996681691999 0.05114655458842492 
3 0.6241469342614753 0.5456727380749009 0.0383571798770948 0.05631989579198975 
0 0.7802708699749192 0.5502857163961247 0.024452168585081466 0.09037511704806851 
5 0.40971855736480656 0.5405264828760286 0.054731525621632075 0.08409866590564144 
3 0.9370878041651269 0.5483429376072482 0.12582439166974596 0.10852918058170846 
3 0.27699399694521293 0.6278105348812383 0.20394939706141862 0.1650844955801446 
3 0.5923706300242552 0.5386609422595304 0.019734098965470324 0.03660096796024113 
3 0.994176544558882 0.538657703649901 0.011646910882236199 0.09772126621005953 
3 0.26951588282470224 0.5801470273996819 0.10774563214038231 0.11214453164723345 
3 0.6377836098223303 0.5490350003434747 0.05367016020991102 0.06593548416928564 
