0 0.4456785595529229 0.6417744345882613 0.09696199400579979 0.32311662184134377 
0 0.5380009352076575 0.6753369468305779 0.1063314153537155 0.37521076827652444 
0 0.5178054035316494 0.5653120103638398 0.01220082465823701 0.03758640417132401 
8 0.48678010332589583 0.5656185866358256 0.014102295581341764 0.027773140093418268 
0 0.9463576419026102 0.6339203848535898 0.10728471619477972 0.3213411739339257 
8 0.9928313930790807 0.7172823019868414 0.01433721384183869 0.1771125255361206 
4 0.4473953722215866 0.5391247949877953 0.02499137095299055 0.050374858487985154 
0 0.16805524128220056 0.5542164342782256 0.009034998458405177 0.037502109136350506 
8 0.47841938829551817 0.5619317244340108 0.006180534663703838 0.02355762798093527 
0 0.48650512108859945 0.5521738286919087 0.008003621963032401 0.03682627441168917 
8 0.4817148308361379 0.5631063519561674 0.010119980070839602 0.025879488025667002 
3 0.2678642646305499 0.5608248491412693 0.048585538500406644 0.05178695651970758 
8 0.4791058957906341 0.5655504175856583 0.006543369007572367 0.028323454446471538 
0 0.5616149086278898 0.6532889301194337 0.10866322943701086 0.3382599784505841 
3 0.3156825842903476 0.5543590236952266 0.04850313442288396 0.06154541128015612 
0 0.057977185668712725 0.5619860655161895 0.017675258233604066 0.05732213199657963 
0 0.6697730143753634 0.6152132473399607 0.10971447591547062 0.3593265001002163 
