0 0.5187790724232362 0.5657901112777347 0.012206573390757426 0.03757964301919287 
8 0.48694994293612226 0.5666696811762707 0.014120847649045842 0.027816748606058532 
0 0.06252822788135791 0.5679042939798303 0.013658682044681578 0.05201435642454751 
3 0.2390213768810569 0.6041085056064771 0.2566537457422506 0.14380254697575318 
8 0.4783215602548478 0.5624089466766098 0.006179099289365056 0.02355718214875935 
5 0.056305428988449084 0.5988967869718067 0.11261085797689817 0.1657995417438561 
0 0.4781932252987638 0.5519365047321206 0.006331453012214041 0.029351024696799566 
8 0.48168080593385554 0.5645927168812598 0.010121456091692451 0.025932089788471002 
3 0.37908386982437825 0.5445708484000867 0.015277154422210941 0.01992213983591493 
8 0.47871785265348066 0.5633732306008423 0.006067751144761502 0.02522208952735487 
3 0.21259856104401714 0.5791859155581885 0.15228458304834663 0.07419900231254771 
8 0.4790078837591694 0.566028669325175 0.006541638058026393 0.028323137996461644 
3 0.3642195008282109 0.5524882690379718 0.016570126015669758 0.025708601678913017 
0 0.1583931651185619 0.560068895395526 0.01181906514256454 0.042174996163244285 
