3 0.9001357403348256 0.5785274014950627 0.19972851933034888 0.20157196066478522 
3 0.30155356697767693 0.5697322692478487 0.07983578881922956 0.07731884130820062 
3 0.3427248882384922 0.555515747042215 0.06633571518563415 0.07238465891547763 
3 0.46978537048692076 0.544769168407179 0.019282347150744245 0.023275854039812947 
3 0.39673627395277355 0.5418487202663218 0.04603628202755559 0.07048204794189555 
3 0.23079824784999348 0.5868919743773141 0.1312607402691567 0.10234347123499415 
3 0.41670842666174696 0.5484579129494496 0.0317739318081221 0.04137700581211037 
7 0.4859596395033411 0.5394409154107072 0.0201449508906056 0.023659739920007545 
5 0.4251738887245995 0.5469525054037777 0.030552971745792024 0.039495718105900184 
3 0.9656063555902958 0.6262414563910795 0.06878728881940858 0.24136237511678266 
3 0.372346378264829 0.5522772753271813 0.05637550496210892 0.06617065011431615 
3 0.9129724380331774 0.6104195814427493 0.17405512393364517 0.18915073959293763 
3 0.6589859323471666 0.5535780562356609 0.07910327018069283 0.046272205140952 
3 0.807689770723056 0.573676351778561 0.16217482410969225 0.10508763464369925 
3 0.6240886783395976 0.5495197889947692 0.06454266858145707 0.0445893695551761 
3 0.4374427485229059 0.5492255624061566 0.024388541630456333 0.029815218227165652 
5 0.12049057399785872 0.5613912073727546 0.24098114799571743 0.3264885076383179 
3 0.663253364509378 0.5524004193915234 0.0900215900479055 0.05872496306216053 
3 0.7105873467382244 0.5547420152031831 0.12244180906850645 0.08070801791979446 
7 0.4523523656423985 0.5378167440217608 0.05013592817562326 0.027741261891372347 
