0 0.5182483716150776 0.5648767451986216 0.012206097223275307 0.03758358001118602 
8 0.48676192438589866 0.5654931734218126 0.014114336415050062 0.027796712341872636 
0 0.16422598460932328 0.6667428334357176 0.10596693868155452 0.2764929381993328 
3 0.3087596136554428 0.5894100793230536 0.19874711877231435 0.11719518827436894 
8 0.22358278011635568 0.7214068502230013 0.08428397788837089 0.15433420740869452 
4 0.3615505617297569 0.5225380298595333 0.19241587724785852 0.1459462153971854 
0 0.11882197894831383 0.5646921543126346 0.01121210555316285 0.044686103049168716 
8 0.4782422702395563 0.5614958952542599 0.006180596436429298 0.023557377384807916 
0 0.48109699488957774 0.5523040427498702 0.0069449443185425255 0.03210145114448437 
0 0.18908848440945675 0.6733289900204535 0.13546119261573072 0.4085876283804185 
8 0.48157917729708116 0.5632770578855808 0.010122164493618656 0.025911714556352636 
0 0.1205713549767242 0.6766443532286859 0.12999656531695009 0.33090358041648404 
3 0.33746569290147455 0.5521687239497093 0.024121071920185814 0.02953085946596313 
8 0.47863899057557857 0.5622859201255065 0.006069360900434547 0.02521423472896932 
8 0.4789283646101401 0.5651135715836673 0.006543426721088252 0.02832309054383567 
3 0.34208934911836997 0.5484150269053827 0.033657310172765874 0.04544458895574886 
0 0.12852829967028456 0.5603325185114454 0.01357613363525509 0.04705874601582953 
3 0.9166805960690829 0.5355494172749682 0.16663880786183413 0.11606944222589738 
