3 0.162425562295921 0.5885461895262609 0.17115352068555453 0.13286227921996474 
3 0.2591011782658413 0.5610863204885256 0.11497460131134755 0.1102589594909149 
3 0.4687244973194775 0.5393917590245104 0.022358471900550753 0.026615840918469316 
3 0.36219560229063663 0.5361225070362368 0.06614884467958035 0.09368327454279406 
3 0.05395915775428725 0.6277386066847166 0.1079183155085745 0.1892690886686414 
3 0.3992526194859434 0.5443221495609832 0.041673441046641745 0.05104624601375191 
7 0.48910332647252885 0.532786946852296 0.02223077760683438 0.026000682212864428 
5 0.4119565709945356 0.5418981454831627 0.038511313482498435 0.047790663421355364 
3 0.9062534461066182 0.5643199866624401 0.10210435344929039 0.06641908629251493 
0 0.2520482096053685 0.5394018891878037 0.024298602438134476 0.07815574868472595 
3 0.3207349929383824 0.5510491532585162 0.08687635121542307 0.0933648806942252 
4 0.5614387478210966 0.5292729779981341 0.022339165044078443 0.04805363826569135 
3 0.7126756882988462 0.5563602304075989 0.10867687842881836 0.06230679823431419 
3 0.9574122934064431 0.5742427421527321 0.08517541318711395 0.06370418555512522 
3 0.6558606004177904 0.5453695356674894 0.08141176496423767 0.05560565217396566 
0 0.27297757734934297 0.5381056194452633 0.021392524769333007 0.07981414804941664 
5 0.8296659493517238 0.5508843392460054 0.04704948261948147 0.04074519077237331 
3 0.42862221795985184 0.5451339226051817 0.02988695544773961 0.03544278772533447 
0 0.5569285347240763 0.5371158194853065 0.01009734517387578 0.03374168152340619 
3 0.7125683799666237 0.551127771303483 0.12155647179048273 0.07786782923884579 
3 0.8130289746545362 0.5616715132258311 0.19200019830778373 0.12295349599019668 
3 0.38168971166010396 0.5473478988982572 0.052558563939649264 0.051994097319457575 
7 0.4501041541355149 0.5301428323949189 0.05546949915266566 0.03055782245384661 
3 0.7812123649145402 0.5415613702788986 0.1572747482095832 0.09375889998395122 
3 0.9860658966496001 0.58391134434161 0.02786820670079976 0.07041045545308533 
