3 0.8515528579760888 0.5230412288442606 0.07015612415630983 0.06597940112561188 
0 0.3628625877139986 0.5585391692530501 0.009380476850485523 0.046570182558582224 
3 0.5800476154247732 0.5744686109636981 0.08489550611229717 0.12973485718043296 
3 0.8483223345857911 0.5305957816087348 0.06298279570271077 0.06485070899861026 
3 0.4402464967088401 0.5509192699955741 0.025397610431558634 0.045081833735055546 
3 0.6078313500223778 0.5513591688399584 0.026501217507171475 0.034963531858612666 
3 0.7575391530938375 0.5412161824741034 0.06351820168061266 0.06615124383891706 
3 0.8063722405548152 0.5266885284425807 0.06847672974818309 0.06768895610990505 
3 0.4485152248013234 0.5458650096061413 0.025221130438419267 0.046925301285475285 
3 0.9551234338524134 0.5211925365553243 0.08975313229517312 0.07535363258868352 
3 0.6643964493742689 0.559931137941806 0.04855354217349927 0.07030737037538207 
3 0.624771041373341 0.5491388401281726 0.03858755701270745 0.05554393833236955 
3 0.09934666158815748 0.658751436475428 0.19869332317631497 0.17130363168136012 
1 0.33136877341518867 0.5857699857543284 0.12183591756641036 0.07527805077272483 
3 0.4256416812642185 0.5562043036895832 0.038724610114962414 0.050963051083262295 
0 0.2987698678585987 0.5780553095693304 0.01773342463248614 0.06474274239287897 
2 0.7560767074683833 0.5513775234445428 0.015593503947383597 0.05716850061674778 
1 0.470657365775013 0.5477825379040246 0.011124036500538993 0.039289380070743 
3 0.6351396469089935 0.5490629022565293 0.042692281465602805 0.06177076321258192 
0 0.7918692384944039 0.5527423124714372 0.0259928004883912 0.09518864097831517 
5 0.4034055772281793 0.5488481842944861 0.06028504322584489 0.09135300716067245 
3 0.9677687851751108 0.5537846370662117 0.06446242964977855 0.1202062548081138 
3 0.15354070339195292 0.6938612599382681 0.30708140678390583 0.2709704311477065 
0 0.3739374334757763 0.562456199574044 0.008745333490261445 0.04868112740049652 
3 0.5985085853499227 0.5429188293557943 0.02107368258082346 0.038747893166143084 
3 0.22818850036072152 0.5972436836271415 0.13446015804327402 0.13348781690569908 
3 0.6513928577913025 0.5517600272472899 0.060550527949113975 0.07333106202556956 
