0 0.18433430769076048 0.6519965507006004 0.12208109348224946 0.3351956421030955 
0 0.3233871554763315 0.6722922694769955 0.1320926748966909 0.38932057546230425 
0 0.517872404475025 0.5647899861313709 0.012203682097778099 0.03758704607493043 
8 0.4867410556224209 0.5651480068336764 0.014105691401364312 0.027777511030351875 
0 0.7595103734870818 0.6513464199354468 0.09295806026419598 0.30792486688445586 
3 0.550133762400649 0.5761526265460591 0.22122996168193368 0.13119901289276187 
8 0.8310563173318073 0.7180773093389116 0.08909387041092089 0.17654223283636233 
4 0.4486749565533289 0.5372259448537291 0.030156473839754342 0.061130974434005024 
0 0.16103326575072052 0.5570551825100992 0.009336355959999114 0.03853267693265814 
8 0.47835097496274354 0.5614077904836592 0.00618141628300279 0.02355779159713576 
0 0.48393232289510807 0.5578540406173639 0.007700789129803738 0.03550763972407329 
8 0.481657554387082 0.5627117241795293 0.010121475961860327 0.025886814709467104 
3 0.2712124754203351 0.5599579645428933 0.04716799916177067 0.05058965067920465 
8 0.479037303890149 0.5650253167226805 0.006544419489049105 0.028323486517120577 
0 0.3678626705418768 0.6552033755698736 0.12811900353193922 0.35006782185913526 
3 0.3161611207138408 0.5538069893696498 0.04844294429084844 0.06154677010219144 
0 0.07259843229453325 0.5628281349532283 0.01667588108473245 0.054819728852037064 
0 0.520694431108474 0.6173678255196289 0.11265264987063205 0.3552507181431018 
