3 0.11198364508853384 0.6821964878743512 0.22396729017706768 0.29173447659902213 
7 0.45099258604544273 0.550851362026275 0.06716092729086057 0.07150767518781151 
3 0.7829049662425394 0.5596656010994947 0.08183718316995296 0.05130757978018936 
3 0.9407515066558051 0.5769783115731191 0.11849698668838969 0.07347622472837713 
3 0.9922816550535588 0.592978918212773 0.015436689892882499 0.09692709254419249 
3 0.7888870567811006 0.558765937047246 0.08512540959431092 0.04586426887026335 
4 0.6728855197102871 0.5288824243336159 0.09805798181989502 0.1771860295281002 
3 0.7755209738059073 0.5585197250877816 0.07791668752438327 0.04427441726033755 
8 0.3663581308408553 0.5752028135934425 0.00861951442186836 0.027295127318424445 
3 0.8199035191045186 0.567452874617689 0.10286394050777788 0.054167004795394796 
8 0.44072947458734085 0.5741226035918034 0.00872522140854244 0.025774888648828726 
8 0.4357120981522257 0.5288701208880999 0.02487185530964396 0.06070298846651238 
3 0.8983124359900991 0.5683482421032697 0.14027858213649808 0.07651563280194157 
3 0.8001153152190267 0.5574113513578628 0.09272585465011546 0.0547345713805994 
3 0.9744069391518089 0.5871268927914338 0.05118612169638226 0.09416876802208655 
8 0.29673476625237405 0.5749816143508195 0.010597445771878818 0.03339575876948181 
4 0.6516236822314291 0.5323059406571683 0.0784048807020352 0.12402254227697028 
3 0.9478419179306764 0.5753951018541876 0.10431616413864746 0.09432746534989166 
7 0.31802716647895085 0.5456220886583079 0.16767283292508275 0.08821569172931276 
3 0.8618945224223794 0.5672238844650003 0.12026963159276804 0.06785965901418207 
8 0.4309439942535252 0.5736356145711214 0.008612779891620974 0.02559646905551391 
8 0.38181725534471744 0.5765345561672358 0.011450482055245317 0.02762901132655903 
