8 0.24190971271981937 0.6256516830649035 0.025755362032033383 0.06260107404367116 
8 0.23887724308249567 0.6957352851883721 0.04060757521183728 0.10748721506737272 
8 0.1607899056736337 0.6183779961296254 0.02308610518206736 0.06053376417668308 
8 0.23825512882711594 0.5071354019004314 0.05819328582277336 0.14565536203329973 
8 0.131029768852783 0.624145070012903 0.022403295525063493 0.062069414176446194 
3 0.4797463222815841 0.5332552259180374 0.028213601235978415 0.04070804848856736 
3 0.6139891854933133 0.5335038733790399 0.05505564846869987 0.03873940702893498 
8 0.08574795664361042 0.6204997827424525 0.02418276999748006 0.062466899045939245 
8 0.013774792594635273 0.8690109905114347 0.027549585189270545 0.21994864337505407 
8 0.29474442315710414 0.6420072475242252 0.029112233329256866 0.07331402955679639 
8 0.11094990792632368 0.6166141609999118 0.022948482463449906 0.06152204544740041 
