3 0.8147172257189712 0.5130155670018601 0.05807676243201868 0.057443284256657866 
3 0.3009877936041418 0.6191408907123375 0.35885795490013095 0.23736189288710502 
3 0.8053426575857179 0.5197720346568672 0.05032562630560605 0.05522182772995709 
0 0.01076112907398928 0.6143339070624607 0.02152225814797856 0.14341217596738323 
3 0.7737068211520634 0.515158275566767 0.05648995751925881 0.05859667591328395 
3 0.6439325404758899 0.5420790578822913 0.03866960078602482 0.058177691318022466 
3 0.21566413615311128 0.6059583160418693 0.12989605496038892 0.1167704703131474 
1 0.3655922769861351 0.561972869487028 0.0915278896853831 0.060019895387204716 
3 0.4369794358510255 0.5399230412091279 0.03401923079391473 0.04553697074503071 
3 0.8811360046249361 0.678775122399266 0.23772799075012785 0.33356972601241425 
2 0.7223405816755066 0.5391265502520753 0.012329489789920274 0.047939150899708995 
0 0.7791134993188499 0.5453294723346703 0.022916821795883353 0.08917179085858265 
5 0.41899586992558113 0.5288874234383795 0.05167895956975734 0.08013314914912503 
3 0.8979510269938524 0.5287272990132925 0.10947476058099469 0.0963136492424533 
3 0.355178975370365 0.5916519881965454 0.12910458028570213 0.12398977876479668 
3 0.5942338152185824 0.5285375240517511 0.019041695564898972 0.03545152950774751 
3 0.29693910170888876 0.5663210548945538 0.09468287950536777 0.10150095533125977 
