3 0.42258702353571737 0.5444788451409638 0.04476771231047813 0.048728215393375206 
3 0.0981279538760572 0.6124414516315212 0.1962559077521144 0.2080488492427717 
7 0.47198357055607804 0.527965473085826 0.03314362433750702 0.0376421637778617 
5 0.20457879767231238 0.5796411317278855 0.16554023289627032 0.14705246547681808 
3 0.7460075633104828 0.5334353726091039 0.08620915069148823 0.04829008594836264 
3 0.9966710534477647 0.5691840569927598 0.00665789310447039 0.1106234665675233 
3 0.7883062780613331 0.5396866407437431 0.09615705882061462 0.056268025259957236 
3 0.9237346389453123 0.5754322845088428 0.15253072210937546 0.17551701491473334 
4 0.5839516504804226 0.5172991399981748 0.036455700261343364 0.07550619169979446 
3 0.672539844347493 0.5326510392175658 0.05179706870917073 0.02758827439319949 
3 0.9552132160022743 0.5830425323266938 0.08957356799545138 0.26421059330696267 
3 0.29565160538488094 0.5740182664963179 0.09635672173376378 0.08986437078098036 
3 0.6909000293149978 0.5308497541194477 0.05978347166361033 0.034066167840146336 
0 0.45294715310877 0.5481505981113857 0.020523056613022134 0.0710632860184922 
7 0.40641440288687447 0.5272361261848247 0.08440297850180507 0.04359335018268824 
3 0.7699644060494818 0.5447879992941739 0.09068762500301518 0.050194488033043036 
