0 0.19585673971697798 0.5924037699226633 0.01930703997145969 0.08774973744879105 
3 0.3278672876821365 0.5721245549576612 0.05854461313229305 0.0884586231600843 
3 0.5982616842979619 0.5451289105158109 0.031268554268786844 0.04801470641650048 
3 0.6559037687972618 0.5669306222330781 0.061759062399559424 0.07199647639271202 
3 0.4444327663133834 0.5734101488033078 0.04826283248420524 0.06536350192659099 
3 0.35345651257061816 0.5636045807927881 0.05375219145444035 0.08702903103500811 
3 0.7801128312783685 0.6008219829705816 0.16436970118595384 0.18401658119971975 
3 0.575149842224634 0.5434963787838245 0.02113336042817977 0.0342196286269414 
3 0.2402310124351363 0.60176957700931 0.12729717532198254 0.13001727405739089 
3 0.8910848281985432 0.6500206323702135 0.21783034360291367 0.30346526241069943 
8 0.07361891229309094 0.7103348136007841 0.031892986792082585 0.09842656504895445 
5 0.11149488603817188 0.6091127726914287 0.22298977207634377 0.3317405071125313 
0 0.21468903390970273 0.5985658281794273 0.017909397562352398 0.09161299494355414 
3 0.6285487631792799 0.5565275877024425 0.0433827388469809 0.07299924756910728 
3 0.7124585263648976 0.5810706139673378 0.09530648849123438 0.1170013927890541 
3 0.9809253646000492 0.6578355977765502 0.03814927079990156 0.37153800093474243 
