3 0.8093864403799717 0.5045001098702487 0.05651935888224387 0.05635247904591886 
3 0.19795814851362611 0.6104641686914106 0.37875020595688336 0.23484482021990022 
3 0.7994258001117521 0.5125012285256066 0.04875954506406359 0.05401818559241905 
0 0.014457805434166011 0.6028508158977511 0.028915610868332022 0.12990439148454452 
0 0.039374075605777326 0.6016090065095144 0.04213402821608704 0.1333399608172984 
3 0.7689790486228322 0.509511329026231 0.054962415743967624 0.057441441249392634 
3 0.6409981962101748 0.5328718401210795 0.03751900587745375 0.056751764668529305 
3 0.22951704794387376 0.592509854762377 0.1215997862594213 0.11065185920064462 
1 0.36917483828467257 0.5530401382872876 0.08816055822868826 0.05855812506983208 
3 0.8713773672283196 0.6471095363653504 0.2572452655433608 0.29088471293319934 
2 0.7174853843864543 0.5303649826477183 0.012229722192478079 0.046798874943577984 
0 0.7758993472151045 0.5380782702748557 0.02250147488631626 0.08836847413465737 
5 0.42049503628467366 0.522918063474251 0.05063602338111089 0.07870595947542768 
3 0.8854872181145756 0.5254636715919666 0.10387833489890923 0.09281708572048987 
3 0.36626325641002316 0.5761933171685597 0.11005661454769143 0.11663139257333172 
3 0.5931021051347911 0.5184430568669177 0.018759262721489877 0.035008744689831825 
0 0.9843198066922013 0.5935857364924412 0.03136038661559752 0.1876951343275366 
3 0.3039317571139236 0.5554581406346444 0.09072111566421853 0.098047511152418 
