0 0.5189443345643501 0.5645483355331983 0.012197891430921573 0.0375680939181071 
8 0.48699501112364263 0.5655438460918643 0.01411672749214823 0.027815122110074652 
0 0.03476713193848571 0.5691265043601076 0.01496635806908183 0.05589189324362483 
8 0.478319128579212 0.5612121364842735 0.0061722452935479314 0.02355009794620792 
0 0.47630450966775156 0.550494287068718 0.006097112102021356 0.028347251770562708 
8 0.4816877100078459 0.5635699563518284 0.0101144273337097 0.025930692482501676 
3 0.3849320044447351 0.5423263030107909 0.013494328190724048 0.01750589026277118 
8 0.47871511512610865 0.5622396564408906 0.006060426198496387 0.025217883886381225 
8 0.4790056069154906 0.564828243969264 0.006533468561519555 0.028315298032720634 
3 0.37675248142697715 0.5416080669446462 0.014108050650273114 0.021059405930688134 
0 0.17096824734129712 0.5524401127926589 0.011155847403584466 0.040380229096435426 
