3 0.7835228501937129 0.5960099425377184 0.2130000748327562 0.13134399501195712 
3 0.869164437320008 0.6201100703208396 0.2616711253599838 0.1834268428772165 
3 0.9737936114869973 0.5819974419958823 0.05241277702600556 0.10824642571130053 
3 0.597982677872214 0.5713205294806655 0.12253533256295462 0.07704103956801443 
3 0.4658904075761561 0.5068635405513232 0.04203269705320729 0.058202595421019444 
3 0.9576664517274336 0.5630493803443433 0.08466709654513281 0.060416117218823555 
3 0.9749977694936928 0.7232568869094903 0.05000446101261431 0.3575933562373586 
3 0.5811708256348145 0.527909260820302 0.08100246822934828 0.05420311113248627 
5 0.0729092140144396 0.6435704144945045 0.1458184280288792 0.5160289864635381 
3 0.6314300038180681 0.529124635412738 0.09165790533272947 0.062462502597628033 
3 0.23052329610546615 0.49216878246345724 0.043628880769604875 0.06414936098470946 
3 0.3573350506506348 0.543501114478994 0.06823263134022525 0.06726482166116803 
3 0.3356223263353458 0.4989330762740805 0.03871652811840541 0.0694653290595012 
3 0.5049198993762214 0.5081881476292472 0.050535388294910534 0.055410999898377014 
3 0.7567579017387933 0.5379584483145283 0.10572750269769272 0.07296095981805492 
3 0.42876563449008165 0.5045245488510823 0.04811069869211138 0.06258460731950878 
