0 0.6627734207667544 0.5562020223671502 0.02783553645748455 0.11249222490042099 
0 0.544836415159944 0.5616608734529233 0.034542543766660716 0.11889049355958542 
2 0.8099361137856745 0.5923001919248062 0.02906056737034987 0.06388876473233128 
0 0.47846696642570397 0.5724852324706956 0.03861151572154747 0.1015965247016486 
2 0.7284239825778951 0.5664983224890887 0.04163555059673073 0.07437750731405446 
0 0.4238838989392055 0.5558176937534245 0.03857127954264378 0.13746760325689897 
0 0.9542330499863161 0.5623253386692105 0.03634220300396663 0.10029785044249523 
0 0.5359514592950936 0.5502176013569774 0.047432077412976455 0.1444451319382782 
0 0.45912512151392565 0.5798677129302375 0.03954142725743957 0.10410555355973322 
0 0.4735091383045098 0.552649017306749 0.03712615452598477 0.13292866877728918 
2 0.7803687083797806 0.5890571157610217 0.03359584318501376 0.07217468111655895 
0 0.5189870209030493 0.5557885126850769 0.03771976884372094 0.1387425393371669 
0 0.5870660214963107 0.5496741001766432 0.028868828898270638 0.10814630382886309 
0 0.6553482978451329 0.5379068973526091 0.030399902856129302 0.10999463094596049 
0 0.5429707582334647 0.5518821453363794 0.03673763073173404 0.12628574811816734 
0 0.6016431810553966 0.5429471421326024 0.034148587477581246 0.11796484995758963 
0 0.30768168031032583 0.6073507763868284 0.08090601168762163 0.22505246661661477 
0 0.5663524496423894 0.5521710953016147 0.036203570520813244 0.12437801816459941 
2 0.7024464093065318 0.5638935710722425 0.03634223739768913 0.07841476961108432 
0 0.30884113597093077 0.5984659811923612 0.06625489799764875 0.21243002420352297 
2 0.7852363764039675 0.5651169205358844 0.03004636627266038 0.06142953065891763 
2 0.731297087838186 0.5535929075747883 0.03895120635534312 0.0765027126898789 
