0 0.4464652445102567 0.5332855871242476 0.019239250439610275 0.06928275714210422 
5 0.09205048976857906 0.48548548297829974 0.11838493011836378 0.09473618863833287 
0 0.5428203198948197 0.5386297744436427 0.018022687867659072 0.06585624056812757 
2 0.02202803524941457 0.523898806143924 0.04405607049882914 0.06951728379077048 
8 0.43167726051648564 0.543045894742157 0.039744649946416785 0.03966745064690529 
8 0.8338544462256178 0.5615177150475336 0.03645344857545396 0.03158258210945834 
0 0.52855736446245 0.561578626950858 0.021627131918652724 0.08311478003879649 
3 0.9283865268284294 0.5949752944408278 0.14322694634314145 0.17511373613804398 
3 0.4254328696161596 0.5253587043887715 0.09398084447882794 0.0726668633785738 
8 0.013143853642670235 0.5204310486941289 0.012649834315192182 0.021732273912938478 
0 0.534387748565975 0.5405188210171771 0.02147275192118052 0.07491985106535 
8 0.9844166980663716 0.5670421164060491 0.03116660386725684 0.034054510324615296 
0 0.21731463338029586 0.5397697375317463 0.030012791743566327 0.09466345411975365 
8 0.4644670115327514 0.5439086494256512 0.03340443863530993 0.04153348506093607 
0 0.35454795764108155 0.5204505853497668 0.019691463199991047 0.05951911985632061 
0 0.44944381618296886 0.5390987869235014 0.021882774806597283 0.08011146931615498 
8 0.3944073165376991 0.5374957326157929 0.0418095052966585 0.04192815963432464 
8 0.9512435557728897 0.5663612820118605 0.04418766907237824 0.03707905377975016 
8 0.35158108697193186 0.534338200494768 0.04513362802349697 0.04108585118131208 
5 0.7612639532856085 0.5386863996004616 0.044220325753662595 0.062103581113504384 
8 0.4862900536242272 0.5434118257924226 0.024909069286832734 0.038230532792129505 
4 0.741468267549955 0.5312291591743791 0.06020210813849417 0.06993724491694864 
0 0.5661992322660713 0.5372716947242752 0.017959992871282537 0.07308695957097826 
8 0.9775816949389008 0.6071153089615949 0.04483661012219841 0.09680924545222783 
8 0.2358745566519715 0.5433823067600824 0.04683141445295952 0.04342647805782191 
7 0.3132700379117257 0.5031052919305976 0.10462954748515052 0.11629220401673536 
0 0.5678282103464959 0.5434353603836302 0.019133857915361218 0.08088026785082517 
0 0.556521755972597 0.5357817733030306 0.015403305056808564 0.06544591555816504 
0 0.6164242677991377 0.5586371966886299 0.030078551686862555 0.09238147212430678 
5 0.8453267593018724 0.5510875639853149 0.06505440950992267 0.10404664117042488 
0 0.5504973880444335 0.5372180978611336 0.01894729634730936 0.08190117822729172 
0 0.8207426009196088 0.545446807635 0.020942914372839426 0.05007413289895485 
8 0.4910912370301519 0.5574196117506346 0.011964171672855316 0.029425702483384334 
3 0.4125776453865497 0.5641319667941896 0.1015576458515583 0.13504331975987907 
3 0.6470236069994365 0.5404237541913112 0.02355366048618059 0.03427161857871169 
8 0.40316188867833935 0.5515321553232243 0.04791943321336973 0.04341739121668676 
5 0.2594108351072137 0.48920518210838787 0.17417405641572503 0.11082914800474232 
8 0.8049805501086915 0.5586436120246427 0.026782357909466727 0.03026633536682545 
3 0.3988552330621917 0.5256330749602389 0.0754386326105169 0.05143705047504088 
3 0.2578835429318726 0.5186418716506932 0.08968872426919894 0.04926331186177031 
0 0.5243495815222046 0.5310287288996012 0.014895410016809408 0.06255997684111302 
8 0.31797415324698847 0.5459782759048677 0.04729751181136251 0.044065982232577246 
8 0.512100980495701 0.5565855265018336 0.010916876739479378 0.030201593843236386 
8 0.7905428158087997 0.5577254086234772 0.01638433672600357 0.029355973710203407 
8 0.8676779375986889 0.5602123372056627 0.039183291960885644 0.037348864340480015 
8 0.27648002901767493 0.5436155749431801 0.046802340701510375 0.04277513330647562 
8 0.3616988278142666 0.5500424075980876 0.04928504717777869 0.044923431925116816 
8 0.4482464347540413 0.5538796700582209 0.047530674588557885 0.04821690474399784 
