3 0.07419212304756677 0.6167803915347203 0.14838424609513354 0.17889528302873492 
0 0.4433375835144341 0.6474631597005793 0.029893909363805662 0.1164452793243034 
0 0.6642142825542328 0.6469968115643518 0.029026911468161956 0.10006779561774957 
0 0.5957860283709117 0.5766748007455879 0.022427326161892653 0.08239085726090928 
3 0.303167474897377 0.7542481795871845 0.3367813685194064 0.479332953457621 
0 0.9240821315166361 0.6357425982547024 0.028054318926801613 0.08827793932230318 
0 0.41809347923506496 0.6508341232040716 0.029897608723382662 0.12072678824370314 
0 0.7006032475537228 0.5777879143449725 0.030906733650554657 0.07857979056553076 
3 0.004206626817317752 0.6105849739000422 0.008413253634635505 0.08935573982040328 
3 0.4196824814175297 0.6128814057971659 0.12855165830068188 0.07800085581106474 
0 0.8873224193313332 0.6609855939180442 0.033118280856676424 0.11131264192986653 
0 0.7200539332511419 0.6632745042133745 0.03828012805149683 0.11719831550572078 
3 0.1164690610272581 0.6267038143357015 0.19783847820495506 0.11114471174052129 
3 0.17988794825332016 0.5839784997088863 0.23095030196171945 0.18804635549253235 
0 0.41010125406947195 0.6672057682526404 0.07952446318926355 0.19383252631322825 
0 0.4736962178373306 0.6551792166971798 0.027818856074427745 0.10968292541450385 
0 0.8952180950660156 0.6190090207151464 0.021555785048828824 0.07702530772446077 
1 0.6512049886735716 0.650660451579401 0.056480341606829895 0.06212956736266139 
