8 0.6608632631910918 0.7204276212758323 0.05706726565157077 0.13909002034923712 
8 0.5893129933739559 0.6555334100204577 0.03283490570791393 0.07996686777722567 
1 0.32450177667957375 0.5598266722670177 0.06957479595864452 0.07205367244674006 
8 0.7746355630828284 0.6096034872528774 0.019190140062746223 0.046566929837014694 
8 0.7935036041387303 0.6134470814677351 0.024021113150496234 0.050210456832159786 
8 0.7173068472642422 0.5981174271551788 0.015898780772690628 0.03598974212131957 
8 0.7446522022848839 0.6036163596495577 0.01861264297840691 0.04374173063067764 
8 0.7061914107490112 0.5962545660618213 0.01458515830227384 0.036063077950010694 
8 0.6728243983880822 0.5902128986857936 0.01265017016650262 0.030806358388862108 
8 0.9779570154991072 0.6560312521764268 0.044085969001785796 0.07333046116339763 
8 0.521281698607862 0.585680510444782 0.012292628419464009 0.029049149701802057 
8 0.8184948039149075 0.61492795211225 0.023615184809546434 0.05601969192838118 
8 0.5250612305527749 0.5919028974027278 0.013382236191632374 0.029927319193021353 
8 0.8713026072083006 0.6318044785758099 0.02965515743868167 0.058088034097092484 
8 0.558400453072761 0.6216518334330661 0.023827912367972177 0.054749521685637195 
3 0.45981863671368545 0.6445873313110495 0.2552804803891828 0.460439679416502 
8 0.8495529351785202 0.8774423446420924 0.1334704212411151 0.24511531071581533 
8 0.7567384994956697 0.6072586827932858 0.020624392695495004 0.042409773723158725 
8 0.8458001500138983 0.6274104025607578 0.027713071025119548 0.05523025892005977 
0 0.2855677038614387 0.4866338791978775 0.017250238560498482 0.03467861208461089 
8 0.532792656860882 0.5981438515844767 0.015404526269644591 0.036154130252549266 
8 0.7341024638484203 0.6011644098296484 0.018537243775642906 0.04138513420054298 
8 0.904550389595814 0.6417377556483467 0.03361733643509481 0.059539404540933115 
8 0.6919275259868265 0.5910580834850427 0.015066496215050336 0.03787036683587998 
1 0.34065704770880556 0.5614250000368755 0.06485758868274523 0.07553193685636794 
