3 0.859115288107146 0.6206753504481325 0.28176942378570785 0.3873160751177892 
3 0.5797167226277641 0.5502814421039625 0.11431573439730258 0.10624648335391877 
3 0.6460720070483973 0.5540267403559629 0.0850612923814866 0.08197617851375583 
3 0.5565616658589071 0.5209481237549932 0.08614694888959733 0.10342552337075069 
3 0.34452684560372476 0.6121843333439557 0.13037625249184906 0.21771698902268755 
3 0.728958303030813 0.5826943648208016 0.1762148813022901 0.13247290159113997 
3 0.5061800091135177 0.5415682647562294 0.07075705303975198 0.0790374676337623 
0 0.16364982055628133 0.519371208135925 0.013894744421189494 0.05548538693263165 
3 0.9080047727995683 0.6076622142891283 0.18399045440086353 0.20444234203279923 
3 0.9457609847693257 0.5308161266703986 0.10847803046134871 0.31887875264452875 
3 0.4511387646446006 0.5289113528479829 0.05506298232397413 0.060105941666545405 
