8 0.6536924466181399 0.6334571847912792 0.03062602622527173 0.06940695374627871 
8 0.8223015091359883 0.8293723793336367 0.09757584037682562 0.2166446562940262 
1 0.31644292537599994 0.5710167882533801 0.10520853841733793 0.10899503840028495 
8 0.9961768773749158 0.6352130719419729 0.00764624525016842 0.07020829168830346 
8 0.888219169573153 0.6114065370598708 0.02481701435676598 0.05113600891218059 
8 0.9458854208737744 0.6237400211791662 0.03128388263493633 0.06509692093273328 
8 0.8688983039730022 0.6084450766555665 0.022338727964534826 0.05039112903693561 
8 0.8148319466421876 0.600028288106602 0.018467736615966287 0.04178446321398989 
8 0.6057953897452731 0.5822652656204163 0.015695731969017288 0.03670852039356242 
8 0.6113532833519633 0.5889246621312819 0.017585638907687766 0.0388458813767017 
8 0.6869059510737933 0.6717569244001728 0.04386654589963371 0.09719133853506756 
3 0.18506204653387964 0.5917440294024083 0.3701240930677593 0.533862730267955 
8 0.9739982646622865 0.6295911533951082 0.035841630404904665 0.06458854115465455 
0 0.31937456739346326 0.47218095554539746 0.01977771015986857 0.03949259393836276 
8 0.626725029801552 0.6058717982707089 0.021700571778636473 0.050062452466947766 
8 0.9207155659024235 0.6166342362726749 0.030117885415480147 0.06023800673565069 
8 0.8435415150468444 0.601018815304089 0.022474894945998188 0.05204568579008082 
1 0.34407239665053624 0.5672716204570236 0.09586710235905034 0.11266404590201085 
8 0.579180176403212 0.5515490543034572 0.009511485434611515 0.02527766294417568 
