8 0.9380811210692087 0.9230293984128287 0.1238377578615824 0.15394120317434246 
8 0.5753153728609424 0.6150180000462362 0.02574092791623926 0.05963892174212876 
8 0.6664531133120954 0.7320540896856955 0.06039993546715323 0.14337683101137372 
1 0.2792046041652284 0.5581363438247585 0.09397389060129605 0.09580533363085857 
8 0.8723670774852526 0.6174376167820015 0.027045939650548263 0.06142174259571864 
8 0.905627499083291 0.6254951410818607 0.03489063032572602 0.06762015239126615 
8 0.7839658736673155 0.5998647507311077 0.020613834607249828 0.04481885397254561 
8 0.827031148117793 0.6065239143300849 0.025118209796911373 0.055827828887189145 
8 0.7684238856017318 0.5954876192743733 0.018693781554621296 0.044410698085408866 
8 0.7238064864799547 0.5892538822762419 0.015798458443029233 0.037340837264718076 
8 0.5400538743291392 0.5747089014322054 0.014354105329760572 0.0339882251120644 
8 0.9506727675261658 0.634284352433285 0.03566016236269832 0.07754282408899688 
8 0.522558905804591 0.5552623414648694 0.009137150189127467 0.02267429416886431 
8 0.5437854010221072 0.5801070748216426 0.015902966794649843 0.03560575769070428 
8 0.5962772274935796 0.6440753821305867 0.034509675128171435 0.07886205230431806 
3 0.2847868500039315 0.6210479731605866 0.34682149642286747 0.46582802068654505 
8 0.8462300794897759 0.6122717681694713 0.02818836543347601 0.05466154550147343 
8 0.9892830547354085 0.638306667148509 0.02143389052918309 0.07669822394513441 
0 0.2684056308356568 0.46398998772898975 0.019440622905918695 0.03854253889182972 
8 0.5557659740875499 0.5920334155206193 0.019110847789224863 0.04480178563673222 
8 0.8079438264045561 0.6020197528196929 0.024479818416855183 0.05205991569532873 
8 0.7475170727650527 0.5899119348956856 0.019022221691473648 0.046221857759834964 
1 0.3031488714018952 0.5540618421062962 0.08603685221088891 0.09948640239257883 
8 0.5193925949599408 0.5497883530194748 0.009169500768107568 0.024336556510998864 
