0 0.05933070687464657 0.6240282312515253 0.11866141374929313 0.32045924931385433 
3 0.14412147781959456 0.62164924589608 0.16306578073062658 0.14554495179880372 
0 0.6698880877302384 0.6006381227749857 0.016986198910224175 0.07308566486898421 
3 0.515134176872283 0.7376352629720325 0.2839454058382367 0.47801950631579304 
0 0.9752715590227876 0.6564923688519717 0.024484525180438227 0.07522273385284203 
0 0.4195090046827774 0.6626633699509327 0.029648805593796793 0.11596279240846709 
0 0.7471307553274997 0.6013214466052635 0.025586836458292767 0.07127239193454993 
3 0.04688012989508681 0.6089914755885257 0.09376025979017362 0.08342648157820987 
3 0.4448138804700676 0.6374101925192577 0.11418771772608281 0.0711232424571771 
0 0.7321594444241716 0.6774395380658012 0.02879300955883764 0.10117356208746123 
0 0.07447625573938779 0.6378791609561801 0.06891346555604137 0.20571135020981215 
3 0.1915768858337131 0.632925383980037 0.16607766149004835 0.09565601029498225 
3 0.24068940014256704 0.6003484766394951 0.19835502882675018 0.16404659374751418 
0 0.33598851642072075 0.6650213596320138 0.07738792628094501 0.18115371535991118 
0 0.9664059672660309 0.6506309672617533 0.020699431278199683 0.06973455638210176 
1 0.649058415134654 0.6676141200671986 0.05007893332024672 0.05511793075226529 
