0 0.8571847564813677 0.5492183494282344 0.017104375925104023 0.05214412785116736 
1 0.8516067165832516 0.5471144778271957 0.03572381485688013 0.05328831142638402 
0 0.450101317476114 0.5254194964048639 0.012811338720123473 0.04559987579473879 
5 0.17951206891549526 0.49212443921502097 0.08580599339298005 0.06958410946344815 
0 0.5044347785873228 0.5323245862513913 0.012449388487397713 0.04653236866371035 
2 0.19306375324040745 0.5180117472932202 0.03529124100924797 0.04199589188416673 
8 0.4346075507013646 0.535655545654939 0.027642764690385846 0.02752730444566377 
0 0.4603042368512955 0.5408271362010167 0.014356177860412558 0.0496824090101936 
8 0.9783960953202424 0.6326229823320632 0.04320780935951518 0.12788456064409615 
3 0.7459748982721842 0.5701176294192623 0.08957846132767187 0.11222714448177656 
0 0.8620961199301264 0.5529760537347133 0.019553623567747282 0.053006824227509367 
5 0.08102340680868116 0.46946366108018867 0.1620468136173623 0.7663757749278163 
3 0.4301131404964363 0.5212340792437398 0.06596543641549822 0.05080766801424545 
0 0.5008184348934984 0.530384824847202 0.014793182654298676 0.05134021722793376 
8 0.804258753777787 0.5715904368822067 0.039369719663974366 0.052778436172922306 
8 0.8274206553585033 0.5507341355279463 0.02724625302209063 0.024002882296532687 
8 0.9097684187166678 0.6096646577072059 0.07597042777189202 0.10144979308111374 
8 0.9342141723184861 0.5611566124956044 0.009591785322156597 0.01995377374956149 
0 0.3176294733582106 0.5302474415151007 0.015527512950730902 0.055346871092103365 
8 0.7869062861788476 0.5690035833741193 0.03522657153385481 0.04723267454753038 
8 0.8746227115782201 0.5946820336355833 0.058619534673336346 0.07885902248316616 
0 0.4537349787346219 0.529297312054431 0.01311622373350282 0.04985652550718347 
3 0.6095385542416011 0.5442885633205996 0.03672472005935383 0.05316106468064788 
8 0.8730401012156491 0.5972722548166449 0.06661065311992204 0.09223817634621494 
8 0.80116201638931 0.54986482032042 0.02899609447200291 0.025848477240521674 
8 0.3789033549548206 0.5281189751418199 0.031351625486687025 0.028640236247602816 
8 0.7719641880348033 0.5647301923979273 0.030548034594774124 0.04217110986429885 
8 0.9749357787001648 0.6224143330195835 0.05012844259967039 0.11275476608189308 
3 0.9754917941092615 0.5537948514127956 0.049016411781477136 0.051048963574908665 
7 0.35888720647602074 0.503010266848837 0.06730720529716734 0.07687603655055986 
0 0.5273462447692068 0.5346664654487219 0.013667391516707782 0.0548436029528783 
0 0.513111740165174 0.5277507567084841 0.012043706091700202 0.04666277653138909 
0 0.5556866310208435 0.5398037697029894 0.017115820375036533 0.05423797167495075 
5 0.6847699164414004 0.540840207238457 0.05127847389881822 0.08365335583405176 
0 0.8800825373936172 0.548798646962166 0.018133060593328025 0.05189185124724771 
0 0.5128117210505734 0.5275745039304814 0.013029987369821826 0.05588505640422372 
0 0.006001218220956696 0.7108892198708602 0.012002436441913391 0.5782215602582795 
8 0.908077658683201 0.6027556103678978 0.06777589960777249 0.08733305459840311 
3 0.4751190451428024 0.5506758335600926 0.05360565325181597 0.09541594339465007 
3 0.6003555982893991 0.5315133431045596 0.023794081552940584 0.03549533737690486 
8 0.84729199615062 0.5990270917176937 0.025584603407803285 0.05493976267912747 
8 0.9538669422459009 0.6192243012608156 0.08774926800646042 0.11531204380567481 
5 0.30609604298035364 0.49186303024239214 0.12641632069603648 0.08010501881906602 
8 0.7066110985746972 0.5414758325284859 0.017502470153535656 0.021944868413361924 
3 0.3092268063525312 0.514563132584058 0.06325207553123001 0.03480437484586143 
3 0.9249331726544233 0.5471397269336833 0.07522394832599545 0.03890026751475059 
