3 0.5706718009921715 0.5200530463026979 0.01676690684547836 0.022530028311795465 
3 0.9493870731943548 0.5681251817201198 0.10122585361129041 0.18820508366549543 
0 0.7332489335202615 0.5277538443977685 0.013412876874230192 0.04214589627216658 
3 0.5254612511493223 0.5750544009562224 0.08218493401705267 0.1482830922190231 
3 0.9167321360104339 0.5964758312198728 0.16653572797913227 0.15242643483594576 
3 0.6086943084817014 0.5258483924046694 0.023785115124426354 0.026658518357617834 
0 0.38242414151978 0.5337414292184804 0.01807253255561477 0.07684883203692336 
2 0.7660057339857437 0.574502172423204 0.05622261886062148 0.11615919787577986 
0 0.3963557385723759 0.5294296814030619 0.014728946188296491 0.05645918741187617 
3 0.792774209855819 0.5679198057767325 0.10414291720040594 0.0992630369085508 
