3 0.7888620984761471 0.6366873102941453 0.28546993239738244 0.19427679279905224 
3 0.5132070644995679 0.4915843416416628 0.06484515178074204 0.09737150977326109 
3 0.9572796522277696 0.5597637980051927 0.08544069554446082 0.06721155866009908 
3 0.7019805749463839 0.5180564007050269 0.13426672165691536 0.09239700875534539 
3 0.7958335324882052 0.5271604028447557 0.16156471652628454 0.10976624294788723 
3 0.12319592235437309 0.46451399710640545 0.1110380973372311 0.11152834647802808 
3 0.280129465053779 0.5490608282716573 0.17124161303641625 0.14283031897721507 
3 0.28782307222579284 0.4815098969052086 0.08613515438306749 0.11642557709954285 
3 0.5750064808327304 0.49759330736362567 0.08238437426080097 0.09248701331294443 
3 0.992888693931706 0.5539377918319595 0.014222612136587999 0.14336335350019896 
3 0.44182326024521756 0.497891707017107 0.07205338550269154 0.10719183412149555 
