0 0.9515345635579757 0.567664861953906 0.03433437319853454 0.10601090252152377 
0 0.8864529130390721 0.5700332882185095 0.03507838850915022 0.08475933736798147 
0 0.8370803760287965 0.5637052329012964 0.0329644689067014 0.11272006171657077 
0 0.31881720266085284 0.5937768547258643 0.050986747305173455 0.12691100059243657 
0 0.9420907199485907 0.5581696387593571 0.045770208532605494 0.12463182900052042 
0 0.8684984896983464 0.5806479606628989 0.03502436258063739 0.0855339518219688 
0 0.8823779224487924 0.5533540652588018 0.03366085314490817 0.11261085123111804 
0 0.9257572421280307 0.5622301897844012 0.035691613359376644 0.1198253303107215 
0 0.9463042620064536 0.5648185363534984 0.035949531404278756 0.11130341613436852 
0 0.9958203539612367 0.5615487405860085 0.008359292077526703 0.10666201087104525 
0 0.6722954810058108 0.596403679946032 0.056721321553448834 0.16114691536317494 
0 0.9743472057963996 0.5561718006821637 0.03645353769015031 0.11125330933256122 
0 0.6770145540617852 0.5931376475934146 0.04645197590538857 0.155299854370876 
