3 0.14510622809817111 0.7175493734031472 0.29021245619634223 0.4124157717699356 
3 0.9576939539800517 0.5176781642703449 0.08461209203989668 0.05979900087776646 
3 0.964798464104124 0.5366930265265956 0.07040307179175201 0.06767171846219217 
3 0.8935718522332718 0.5118073248165076 0.08206667527010154 0.04440324630538681 
3 0.802691876711495 0.47760317319366197 0.031043610925266307 0.0374502961235768 
3 0.4546403000386081 0.5867070772739826 0.2318337295076406 0.1578048388560202 
3 0.9717647382601936 0.538563791553864 0.05647052347961292 0.08077330593555182 
3 0.8870910159766777 0.4873104017522331 0.06295791080407924 0.03642121328970701 
5 0.6615415637695887 0.5307272486132675 0.1367149375658507 0.10118621670436855 
3 0.9242556505700745 0.4834587608241537 0.0718490655661421 0.041998162923203304 
3 0.998616575406821 0.5765218642324031 0.0027668491863578025 0.14160001129379862 
3 0.5635272956777095 0.5501454393952634 0.17755995071462566 0.12649865903372712 
3 0.7200003517004087 0.4676443047122518 0.024835539951078546 0.042665940587661766 
3 0.5922469556022236 0.5722874040233931 0.18230877481722374 0.09548476973155724 
3 0.9869583777895141 0.5536828322657452 0.026083244420971853 0.10683975903381364 
3 0.9825687134468166 0.49247544225713974 0.03486257310636674 0.047414332035571646 
