8 0.7722818245647275 0.8268449352814166 0.10451515408542761 0.24210210344401994 
8 0.5625368036500251 0.6020642491373251 0.022676553460932 0.05277576044804795 
8 0.6267274242188012 0.6841531797316469 0.0452286256685592 0.10932621938566424 
1 0.30012023893662326 0.5536010752004824 0.08242179691839774 0.0841818068032996 
8 0.8272015752538175 0.6041549840032406 0.023239434144327192 0.05447200685351895 
8 0.8542353069219033 0.6085190167106296 0.029616852969927977 0.05936547093234468 
8 0.7534571607048534 0.5878487927423625 0.018316019226174235 0.0406044634937915 
8 0.7895916062071292 0.5969556456130399 0.02195500167697901 0.050140084849770374 
8 0.741141932582778 0.5856069205644113 0.01677182337649839 0.04062784025407868 
8 0.5147821829837081 0.5529257221152769 0.009781341414710881 0.026842689447629544 
8 0.7012068811020783 0.579542150857006 0.01432623658020077 0.034397254932572736 
8 0.5321211632113273 0.5672663186732513 0.013384751820807922 0.031749715068231314 
8 0.8885541222546313 0.6131107977173115 0.02970539961197062 0.06722794677841712 
8 0.5353520694903317 0.574678327701677 0.014715346737563664 0.033038370986560796 
8 0.9619443404559337 0.634020386548276 0.03872562001847754 0.07141343822615807 
8 0.5786975946755907 0.6242951318983261 0.029186930358153375 0.06712639309214839 
3 0.41129577419343427 0.6110983991821851 0.2620722008612594 0.4444390242119459 
8 0.8053563826477139 0.6004299968932361 0.024474011383474447 0.048786078655655145 
8 0.9276813420342069 0.6164360471980599 0.03566292766277442 0.06698600626271235 
0 0.27538122455826547 0.464042152099477 0.018405405348079818 0.03681981397099845 
8 0.5458790842920476 0.5820516436050811 0.017358778486302243 0.04080858918915598 
8 0.774438553571867 0.5920797017234174 0.02162054222967683 0.047062011619910825 
8 0.9988218482871792 0.6461325606891066 0.0023563034256413574 0.06843913030929495 
8 0.7223621043410217 0.5814979200101801 0.017162079960117326 0.04247127057553535 
1 0.32044424727161025 0.5490968263761442 0.07604773781444787 0.08790033818623334 
