3 0.7710777366704741 0.5387869980549085 0.09234248835472983 0.05707009186022194 
3 0.7973150009205656 0.5575359080780665 0.12263140484351012 0.06596424685085607 
3 0.9181817940094166 0.5387034117630272 0.10245747935987468 0.052443512178361594 
3 0.702723131886087 0.5313960908282056 0.07282326567083203 0.04302171971993586 
3 0.9912723838708977 0.5311002766167549 0.017455232258204775 0.03799519796988862 
3 0.9572686343369243 0.5431263395348015 0.08546273132615141 0.07210392031277485 
3 0.6208719848165766 0.49360764595151363 0.02850855666687721 0.03692441780807536 
3 0.9608143446331137 0.6643878352536101 0.07837131073377265 0.3089449773414441 
3 0.22820532804767385 0.6007923279208888 0.2990768015716636 0.19241945282732534 
3 0.9253355505679125 0.6168610826101179 0.149328898864175 0.1856108021072358 
3 0.8224011702737241 0.5592139135938539 0.1409712436516891 0.08034919845918562 
3 0.6943557870139183 0.5083256224259481 0.05562527405278132 0.03516149407020849 
5 0.48256511982974676 0.5464263454019445 0.14123779192796065 0.10487119888646311 
3 0.968330173488909 0.5638321336460465 0.06333965302218203 0.06974876809347942 
3 0.7270921205802404 0.5066776223971637 0.06243251858444225 0.04027419422268123 
3 0.9069717372269288 0.6060981764931325 0.18605652554614238 0.16638051122671194 
3 0.36345644834187496 0.5634273248299316 0.20409720695635294 0.14148472479620441 
3 0.5412429497179885 0.48797776392854 0.023971701787484607 0.04251148270065522 
3 0.39830050981653037 0.5926606866221302 0.20274809940040112 0.10474810917797665 
3 0.8749953973300282 0.5737820099152545 0.17798692086201626 0.11090400592698611 
3 0.7991412728826697 0.5159385839232344 0.07054565132003958 0.0448246498227068 
3 0.9989721034212119 0.7167919446944239 0.00205579315757646 0.29396511904042794 
