3 0.05935757644249234 0.6048228677992405 0.11871515288498467 0.1940791493001602 
0 0.4412656555293881 0.6352213783866472 0.030435893264420956 0.12062551823195564 
0 0.696339967370916 0.6247459915784607 0.030367109670555125 0.10460521377758546 
0 0.5843460616578234 0.5534630903423658 0.023188253180503795 0.08527369371345224 
3 0.196725020872825 0.7514130577749047 0.38462170451915034 0.4971738844501904 
0 0.9302162882375486 0.6097846385483662 0.029849804351478326 0.09338502514779431 
0 0.417091335088715 0.6331456660820901 0.03055632727677704 0.12570740134080058 
0 0.7003734460002123 0.5532662877341333 0.03131489540038217 0.08177326887003251 
3 0.4152419057956051 0.591958137700848 0.13434034732325273 0.0800607663501217 
0 0.9385159667579015 0.6367217591940899 0.03587717501842093 0.11783634972014195 
0 0.7526340087280786 0.6447285555917301 0.040557967287493286 0.12332545755236993 
3 0.09782259932753466 0.6152673673676254 0.19564519865506932 0.11653622299064441 
3 0.16022653631692435 0.5671348355755421 0.24351816429458806 0.19926896807379946 
0 0.4227507369847058 0.6556767168348266 0.08358832787623605 0.2071657573275081 
0 0.47640578634124064 0.644576528661567 0.027915832506254505 0.1136010048905843 
0 0.8948595444035684 0.5925258630026501 0.022457283654251228 0.08008632292615017 
1 0.6587847913161612 0.6282384526022431 0.05931761295609441 0.06473032661271987 
