8 0.5421596070785111 0.6469432697096523 0.037917714975530925 0.0937456278657343 
8 0.497308021115717 0.6166848411915132 0.025317167601569823 0.06155323485105883 
1 0.2715484958519812 0.5366487776727591 0.06197072304603154 0.06371378639939122 
8 0.661007983102584 0.5841630570486742 0.015619961620839149 0.03929628036550241 
8 0.9963700045151942 0.6689045431471078 0.007259990969611749 0.07780806954063539 
8 0.6736618927003614 0.589190780680265 0.01921563987136338 0.04194730045497427 
8 0.6171766847365613 0.5748888593726935 0.013584826484288754 0.031460942655458554 
8 0.8992289550772252 0.9074030914278094 0.17235333002244402 0.18519381714438105 
8 0.6388199631396406 0.5811893978050745 0.015503868538523875 0.03753688505301599 
8 0.6090570849336687 0.5726869824973129 0.012512608316578664 0.0315587224616654 
8 0.7965374075099854 0.6163884912313314 0.031130576685092563 0.05552849197229054 
8 0.4441258608879359 0.5737911813618408 0.011369544837139572 0.02660844237932843 
8 0.691589970540315 0.5929054760701471 0.018569735658138315 0.04624962804350048 
8 0.873490132172619 0.6324517525365336 0.035100408321264355 0.06931792912620874 
8 0.4484573633963477 0.5789920106456357 0.012257773750540083 0.027142526353959383 
8 0.728268603092492 0.5994776955308958 0.022387280651368257 0.04655123355891836 
8 0.4757610903847859 0.5848076995908815 0.01994042298116973 0.04528826556899307 
3 0.3947931002849869 0.6399029824237118 0.2697799862908048 0.48052115269026185 
8 0.616951821060077 0.7129915059635205 0.06166212202994721 0.14268998333892302 
8 0.6487540316580007 0.582790965089361 0.016980995579925634 0.03605507543205268 
8 0.7107961396844723 0.5966399639301029 0.021332072660448915 0.04485972471059452 
8 0.4541701708729153 0.5841376064958016 0.01380837936250181 0.03213953033331412 
8 0.63036722456194 0.578090265356293 0.01558010593857837 0.03575179373539324 
8 0.7513869695085614 0.6066339046582764 0.024770915402041568 0.04695776286577825 
1 0.28542061074799124 0.534882929071232 0.058076559806035065 0.06689254450448895 
