5 0.8762946235879087 0.533600479599991 0.2474107528241828 0.2703863470196102 
8 0.3595825398819805 0.5996250336128726 0.02665645820482631 0.06364722539950586 
8 0.3197905709956884 0.5858075740090258 0.02007264987998525 0.04663600786644818 
1 0.10891328714252611 0.527675900835729 0.05824886799144658 0.05585844837096621 
8 0.4542066527666638 0.568400002009089 0.012450464638749707 0.032213012695266975 
8 0.6610886059389356 0.6129522732253693 0.025571500655568118 0.0516538887688556 
8 0.46299104446427375 0.5674897681528729 0.01506324228088161 0.03385126510623517 
8 0.4916894038146941 0.6948770112648318 0.05390440841721507 0.11408366129535377 
8 0.4381582297187626 0.5657873039110334 0.0126960478728396 0.03132116196050068 
8 0.8137861580380685 0.8688615698083487 0.14041595889576455 0.2622768603833025 
8 0.5472795213173604 0.5877560113563262 0.021177504218484414 0.04045874388579951 
8 0.261340874609072 0.5530631769705439 0.01095373167442844 0.024285346590779872 
8 0.47655798291366824 0.5628224419051312 0.014234582417493088 0.03674472891102653 
8 0.5936683936014624 0.5970502603096184 0.02221831945626562 0.04834362367573918 
8 0.7806588541959242 0.6343421974077856 0.032431822849202374 0.06695815245924602 
8 0.2674955790060317 0.5572611053951707 0.01165645361123616 0.024425214644337404 
8 0.5025324418637206 0.5777959989017144 0.016494005131417282 0.03594923083890857 
8 0.2989208294964138 0.5458087647447206 0.017113374499420075 0.036867371575972356 
3 0.3105327022081119 0.6112431764009236 0.22231536633474133 0.3930123534582922 
8 0.4016950117133159 0.6324281373502832 0.03547668656444529 0.08118511557970262 
8 0.446290242805899 0.567637117578855 0.013761842084484357 0.02982045877579133 
8 0.4898871569043291 0.5748789053224876 0.01602592301665865 0.03511668083988386 
8 0.9998568798072209 0.7145330978317578 0.0002862403855581874 0.00904220457896132 
8 0.27385056412421976 0.561412079573191 0.012814147836683639 0.028241988143292235 
8 0.43098161992388084 0.5632715487295437 0.012897067010008598 0.030045461768616707 
8 0.518672960445047 0.583216044478339 0.017798263820956207 0.0356025231727706 
1 0.12076925145945554 0.5321345118530831 0.05484776635236816 0.058787879855084824 
