5 0.7632407863576576 0.5250627586490814 0.23025589547893133 0.230929544596264 
8 0.29063030734122086 0.5895112411621808 0.025096163769037467 0.05814309883968065 
8 0.24897331042399715 0.5790188972928804 0.019477375183972113 0.043736874071140616 
1 0.03197000249590248 0.5262370467762858 0.05937056393164721 0.05459989618674304 
8 0.3749625449603111 0.5580972011441901 0.011985228389787324 0.03073298024451756 
8 0.5668826310944219 0.5948812370600558 0.022444167337699456 0.04600887808829233 
8 0.38507471611781796 0.5583673222169973 0.014445819319118272 0.032138777638425924 
8 0.4124840569508152 0.6598218787860257 0.04493188556622528 0.09365059420464945 
8 0.36013484954931213 0.5649346328913563 0.012315858053836663 0.03006107188425978 
8 0.63130865863597 0.760638382687967 0.08788797065107368 0.18398373715485605 
8 0.4648711885213592 0.575823033295488 0.019572133215173367 0.03733689383326426 
8 0.18184716580851099 0.5479356693899852 0.011253457186752271 0.02402308807245049 
8 0.9441034408934877 0.8367454328718804 0.11179311821302462 0.326509134256239 
8 0.3979487325226522 0.5552272542341725 0.013551041413745964 0.034783416450955035 
8 0.5067751373144143 0.5820972639760885 0.02010457976615882 0.044033518012437996 
8 0.664558986825636 0.6141467547529624 0.026836575048907463 0.05734612321684684 
8 0.1892186815326123 0.551922805844998 0.011920273172164748 0.02404654952782961 
8 0.4229258659018339 0.567592910426767 0.01554634354267911 0.03370163253308937 
8 0.22569274677740023 0.5358992562090195 0.01696593902514742 0.035284762203113475 
3 0.2761114265352202 0.6047949115309214 0.2131721979286615 0.36588079042565086 
5 0.9537446873092905 0.510326995096733 0.09251062538141895 0.3309087545516284 
8 0.3327239591438662 0.6135131581249331 0.0321159036660071 0.0715394352637515 
8 0.36822652007087914 0.5584781199271229 0.013317763697753905 0.028490164564930247 
8 0.4107431147146143 0.5648026655525176 0.015187562525732048 0.03305004442491616 
8 0.8400482057541294 0.6428773792820756 0.02937062523655186 0.07289637278354752 
8 0.1967224484500215 0.5559202041052222 0.013009607770260168 0.027606303496648745 
8 0.35301887802415893 0.555270295733889 0.012558968186918875 0.028870523463423108 
8 0.4375050817300114 0.5718239282407724 0.016625795464975186 0.033107912887594085 
