3 0.6541696009070068 0.5426546583420501 0.025927027198567175 0.02971040640605199 
3 0.9506218278656747 0.5935681357978327 0.09875634426865049 0.13069837878995771 
3 0.7104936516849816 0.5519082903672055 0.05632764641741986 0.053382391297086794 
3 0.8538569152587492 0.5662390056478945 0.09454667863221715 0.08123280652399874 
3 0.619880337849231 0.5401408136385918 0.01652017583575727 0.02069744894720164 
3 0.6605876397675812 0.5425723729577886 0.01883378825256102 0.023679375674882725 
3 0.6114457774109537 0.5499288483587106 0.03483928307117473 0.044223242573672855 
3 0.5142831763279934 0.600025248864167 0.09288264864158827 0.1302901257497394 
3 0.6788223369669529 0.5481199688641408 0.03559349353017524 0.03806570958985017 
3 0.8029079665148675 0.5615594293669828 0.08815805028082281 0.07219407802527769 
3 0.7908978551495739 0.5458993202335327 0.0460431009614183 0.046355272636887684 
