3 0.04678521752902147 0.5873599353573402 0.09357043505804294 0.20996499469000526 
0 0.45369855489711086 0.62260225467921 0.03131102193352959 0.12550592336352698 
0 0.7341592684885833 0.6045362032539816 0.03279204262391346 0.11103305298855244 
0 0.5761705538940086 0.5308282434976835 0.024454933682611396 0.08884879171351763 
3 0.12591560548628436 0.7364018807498609 0.2518312109725687 0.5271962385002783 
0 0.947119301068762 0.5889948091617339 0.03265893807206368 0.100043399541196 
0 0.4235292803079886 0.6142921004737298 0.03174080233311329 0.13148329734871506 
0 0.2754285968940085 0.5792018344652494 0.04172975087295843 0.1025554705500872 
0 0.7158572354725772 0.5293172872526579 0.032307515967890485 0.08591661528443606 
3 0.41779592921658576 0.5700256638686645 0.14085050357850187 0.08397565266361444 
0 0.9936962982353097 0.6162290485041084 0.012607403529380435 0.1242437011237369 
0 0.7978050420392933 0.6291811541181997 0.044089729857816735 0.1310385784988866 
3 0.0908636147603266 0.5989292100606166 0.1817272295206532 0.12457093853649642 
3 0.1470179173482041 0.5465193798139678 0.2565919807533122 0.21241444928433453 
0 0.4437354570382985 0.6450185845221353 0.09062256166119631 0.2263729963801309 
0 0.4887552121797103 0.62289870767827 0.028669496936767444 0.11758665198393171 
0 0.9039113440869067 0.5706796612657828 0.024025058220348967 0.08412299842859429 
1 0.6752316178480716 0.6075471751473102 0.06325369265390976 0.06865688512125921 
