0 0.6774935521048465 0.5613542977923008 0.04837177528340021 0.16813978165238028 
5 0.16889772613944762 0.47125480341662107 0.15155601034313126 0.13548431557909446 
0 0.8952409284749689 0.5614461290152234 0.04160767717848273 0.12808098696244333 
8 0.6504231648553497 0.5699806804518501 0.07804643770305134 0.07935353694422556 
0 0.8683469477478479 0.5599437409278134 0.039666335403629065 0.15802746734317824 
3 0.6405531516322779 0.534336205913959 0.17738476787824325 0.14071263435980913 
8 0.03570473666407319 0.5222956322134918 0.018245107035711465 0.03177781337701706 
0 0.930493204755273 0.5675480022871086 0.0461933040039952 0.16219329326279566 
0 0.9019892417787679 0.5677609803974216 0.04788745568343714 0.1640332105919858 
8 0.7171096686913063 0.5779386320271184 0.07109574966934645 0.08617394182107722 
0 0.5062796812382873 0.5337290160449152 0.03952120434321607 0.11445241484077479 
8 0.7533762466985175 0.6154822436838863 0.02972966284588722 0.07719717851907958 
0 0.697764780825008 0.5778757142070007 0.06908844181479794 0.2527543466302002 
8 0.5800869411670704 0.5640837591864416 0.0783600446550512 0.08128530472630145 
8 0.5023865798546011 0.5535622027198426 0.08146161271503047 0.07783072418935641 
8 0.7673294353065114 0.5796138421760267 0.060147447684924915 0.08396403854000178 
8 0.13216705813211324 0.5692944769195312 0.03299839361466802 0.05857426082155238 
0 0.9398632266130398 0.5598381180994735 0.04187345111609304 0.14876081950439238 
8 0.25334262939039504 0.5675584370893059 0.08607373154412344 0.09006716686905855 
8 0.11819248392166491 0.5283996168442924 0.017671445812411726 0.03438245564019692 
7 0.40365683588549395 0.5038968675105433 0.21939142130752057 0.2517010816218424 
0 0.9952138267731689 0.5642695628821082 0.009572346453662135 0.17672583818471077 
0 0.9164887337298825 0.555044085454289 0.03788195146541724 0.12679383740910258 
0 0.9752361885128289 0.5572427472601855 0.04952762297434205 0.17909762438663962 
8 0.7886320335084034 0.6095242415152617 0.029513213071886354 0.071747411728452 
3 0.21416158010053582 0.5644869318912487 0.21424510394291083 0.2513833862138794 
8 0.5806077403545439 0.5989060779415781 0.11230748087215467 0.10741729489669359 
5 0.38382943594887026 0.4912099901161255 0.2581588115268516 0.17725372562974245 
3 0.5950286920447441 0.5370938160349669 0.1309143089004703 0.09237645135070074 
3 0.3624754951078844 0.5264469441655909 0.14087029757853534 0.0844379694590559 
0 0.8756108305515903 0.5670892777646657 0.04854008881816185 0.17056062903754038 
8 0.3988125735460272 0.576963992123057 0.09788668701358923 0.09887865267113903 
8 0.8370573163090401 0.6062897804611682 0.026557321716190217 0.0724088193269539 
0 0.709862805989934 0.5531941091802961 0.0364359648728798 0.14873627261455313 
8 0.8518815999119309 0.6038684068393152 0.026697758965198517 0.06293483187648172 
8 0.32659244060718307 0.5709583583757628 0.09129610900588936 0.0922352719194236 
8 0.48590246516980096 0.5884843840771053 0.10900049697067843 0.10592239291754652 
0 0.4810188572853075 0.5392396223053811 0.03516419271784102 0.12073991928724348 
8 0.753998010926222 0.5960908781792905 0.03964298421943994 0.10675067816917236 
8 0.6860260965167367 0.6044390154536461 0.1188520688253542 0.12232327113412238 
8 0.21590325751186323 0.5414597365803289 0.014288823722086405 0.03479930073090953 
