3 0.7173836654872813 0.5737031435217904 0.1398675377357958 0.08767062689495472 
3 0.7789644402637079 0.5947373014943815 0.20141278547774902 0.10910430647296772 
3 0.9193831696008663 0.5768249715094804 0.14775633548600156 0.07636861507157847 
3 0.6016408019828471 0.5598648148724465 0.09614827898017972 0.059022774475511644 
3 0.9743543403317714 0.5629545802123356 0.05129131933645724 0.04863034608079987 
3 0.9758437983544991 0.6014467612833294 0.04831240329100197 0.11620616800530867 
3 0.49506321726165015 0.5104237463729497 0.035447697544341426 0.047873056648504074 
3 0.8637812552874246 0.6181187879723163 0.272437489425151 0.16307107166825638 
3 0.9595290345153291 0.5771204933962634 0.08094193096934177 0.09757303233127282 
3 0.5911759764835425 0.5257848060926056 0.0681623856631564 0.0450967695078477 
5 0.20887725255761322 0.5784807693039447 0.30082777941300753 0.21326050943548852 
3 0.6324350366290559 0.5278552437178541 0.07657146576621436 0.051519479181237796 
3 0.4115900296925935 0.5362419715867971 0.05012160781927996 0.05332630126583259 
3 0.3896696515855102 0.5059390452581151 0.031149640017065324 0.05628330484810868 
3 0.5286661503958596 0.5113079902285834 0.04234078292137092 0.045732796970507174 
3 0.9525798902143848 0.6945932788333493 0.09484021957123062 0.3308763144847456 
3 0.7296569362146991 0.5376327663036727 0.08679086662309075 0.05838981822657716 
