0 0.029891994150892748 0.6114056589783953 0.059783988301785496 0.30951656690884133 
3 0.14533933643625027 0.6201077276553617 0.16249479979322953 0.14477548077256017 
0 0.6678260985446582 0.6010714857323237 0.0166656708588674 0.07193233583195612 
3 0.5285648797468399 0.7380626801772645 0.2882488132162448 0.5084530797267305 
0 0.9851899274564891 0.6550115166047449 0.02158783730189256 0.0747535962169915 
0 0.41493029323328023 0.6615534928150802 0.030292983255115615 0.11806460310784826 
3 0.04741801043057197 0.6072152338963179 0.09483602086114394 0.08324182455770944 
3 0.4453015272085805 0.6376354643146505 0.11391431142237238 0.07094010720357738 
0 0.7173099082964055 0.6773834612151005 0.028943673076222184 0.10214955460211576 
0 0.10873772542795215 0.6381341744482248 0.06366189579963331 0.1939262700144591 
3 0.19295429871827227 0.6321308243349278 0.1655112676166452 0.09526714475994823 
3 0.2418073142165626 0.6002447284635928 0.19775267650097753 0.16351393435758477 
0 0.31081579799089254 0.6655090017305896 0.07960280108559285 0.18559369786329766 
0 0.9804884227388633 0.6515476434832342 0.02090492780711159 0.06952081750238297 
1 0.649053714602172 0.6677286086585572 0.04995353448536143 0.05496851592796058 
