3 0.9797502351948254 0.596090053780015 0.04049952961034947 0.10660059993754172 
0 0.13772993207934678 0.5915953119183878 0.06541790014371443 0.24113236624763096 
2 0.432685116704411 0.6202680985148883 0.038501247616819397 0.09409345149774519 
2 0.20113501624319355 0.6498222144201853 0.08684346812425053 0.13618126379031298 
2 0.5959697739048713 0.6077482369825622 0.020998942956732734 0.07082321580790335 
2 0.31743656487091904 0.6017526038526827 0.06412792733677296 0.11419939668575586 
3 0.773261867480231 0.6135636842038933 0.08332626162783668 0.10420235661736033 
0 0.4760188852494893 0.5959354551395531 0.04802621547438157 0.14930407916812277 
2 0.39235286400472363 0.6119065977380812 0.05048034678398921 0.10779345598656329 
0 0.014569139881913247 0.5779577669872792 0.029138279763826495 0.23443909533316407 
0 0.10853813899333843 0.5558372447702753 0.06888508412908965 0.22600240045824346 
0 0.0030698690183993144 0.5861598971384913 0.006139738036798629 0.26708086843952217 
3 0.9391581146819697 0.6128378412239242 0.10989947766033083 0.10117469172021837 
2 0.24542464795624194 0.6369229179593335 0.07193576080495546 0.14373555184569214 
3 0.8494681950420188 0.6052378430187716 0.09202258432846676 0.10679954839085358 
2 0.39982563692777606 0.5991224454003437 0.040846433533510335 0.08842294464766566 
2 0.3018850291294187 0.5877247069601655 0.07237915144147071 0.13376918792379563 
