8 0.8448740442900095 0.8806577545760129 0.14243997823126733 0.23868449084797425 
8 0.565495904601511 0.6093528947891323 0.02416824125640247 0.056118018090582054 
8 0.6410789236565992 0.7070203401020341 0.05191077670065027 0.1245065417458405 
1 0.2866303320302959 0.5561377507027563 0.0882301449590651 0.09006825089100447 
8 0.8452553069866438 0.6122506291760391 0.02500230532308109 0.057781116107278825 
8 0.8751001742358058 0.618447780272585 0.03203259434466247 0.06328164825903122 
8 0.764854761826008 0.5951677367242316 0.019402843778182872 0.042645126489340886 
8 0.8047596027418896 0.6018349700042659 0.023486090867713756 0.05293654347942063 
8 0.7510783089470229 0.5918856002538747 0.017690100908470185 0.04246913342661148 
8 0.7085102948513187 0.5858759201323621 0.015031531126806783 0.035844673253300305 
8 0.5329215900494514 0.5718483743065856 0.013882522212831318 0.03288562149381335 
8 0.913535550012543 0.6291516715494403 0.032394050181440405 0.07216117578097787 
8 0.5158501628528329 0.5534739052853279 0.008954582916145882 0.022229367297200105 
8 0.5363594735789823 0.5782839032741779 0.015318268138325876 0.03433603831860321 
8 0.9891630803404587 0.6472526362475444 0.021673839319082476 0.07633778096084964 
8 0.5837454504417172 0.634792196881575 0.03170777977489465 0.0727095008296764 
3 0.35085381111113656 0.6160616352869385 0.3028325960874 0.4515114255233136 
8 0.8214982186424998 0.6077640538813331 0.026197837145638943 0.051606747949213314 
8 0.957954946479351 0.6290746218420594 0.039214998547864185 0.07228557000827285 
0 0.26866379473369445 0.4640854990025598 0.018997206804337523 0.037772628191296335 
8 0.547550678417635 0.587881803479934 0.018233515633619034 0.04279312079589027 
8 0.7872485248763738 0.5984706326750254 0.022966303258094883 0.049478576772347654 
8 0.7313448993247482 0.5870279203375088 0.018057298186782447 0.044304335668048096 
8 0.5189560106550561 0.5547065672619382 0.011134000220602474 0.02294609253767514 
1 0.30873232877461176 0.5518803137046714 0.08109208920330219 0.09376184718284618 
