0 0.8181595576112028 0.5564512304419966 0.015150642062143192 0.047544501501078 
1 0.8130129045845067 0.5556381915075455 0.032235141377130676 0.04884398788580319 
0 0.44643992255248477 0.5325747704948844 0.012043787752026561 0.042464114869810915 
0 0.4963068071006211 0.5377318465724233 0.01136887347311074 0.043687483403608916 
0 0.448178085550121 0.5469523403351588 0.013860635529881052 0.04583854543616048 
8 0.9240482204873445 0.6297350253854256 0.08243498301822186 0.11792447769115282 
8 0.8824045951607815 0.6194741177258574 0.07026616213218902 0.1017832569122381 
3 0.7119444084455695 0.5738744360445067 0.07424981950378368 0.09727363586049155 
8 0.9618362349362652 0.629125960752124 0.07632753012746961 0.11113173191107169 
0 0.8235429793519561 0.5607039048156008 0.017374473029796035 0.04849042827245316 
5 0.14541622778765778 0.5 0.29083245557531556 1.0 
3 0.42682330079077224 0.52872578447739 0.06198963455517884 0.048064636222949146 
0 0.49233074457985987 0.5365728842600874 0.013917189157754138 0.04799234539366435 
8 0.7572317490239597 0.5751676254693242 0.03172460224887629 0.04559967398070588 
8 0.7990672608918123 0.5601937300809355 0.025233744075066084 0.022643091559567348 
8 0.822649160651961 0.6025215155734155 0.05307402995123638 0.08001549271463154 
8 0.8956131985670405 0.5710199319408629 0.008653393615707756 0.018584180582716953 
8 0.7443044070208293 0.5723768122635391 0.028771626272077952 0.041146457159471704 
8 0.8061204877840803 0.5932112077548447 0.043963566282675684 0.06512017706765891 
0 0.45002101977747855 0.5362636031270794 0.012143410287531608 0.046065099384274 
3 0.5986215854931827 0.55753237679988 0.03754510071355206 0.05523992500644138 
8 0.7995086553676626 0.5937761360782327 0.048934473525794574 0.07472883795769633 
8 0.7746194771208209 0.5583291822656675 0.02687649859158256 0.024384724280480757 
8 0.3788693577520516 0.5344194194969575 0.02945237072483387 0.027064275710342825 
8 0.7330239616733062 0.5692932381860152 0.025347900329039563 0.03709859470690194 
0 0.9841658125826037 0.5765136102792725 0.021424839487727356 0.06136964173326564 
3 0.9507219534639398 0.5644335167622107 0.08649555945529641 0.04907438778357971 
8 0.9636114215058939 0.6439300253160766 0.07277715698821226 0.13150698751433676 
7 0.36112450529938656 0.5105687418580492 0.06255694149789427 0.07189664591324496 
3 0.991123549065112 0.5598233921074919 0.017752901869776138 0.03790212145850672 
0 0.5175176237615364 0.5433119949052586 0.013355745908132662 0.051230297877004005 
0 0.5025452350386543 0.5353240559224202 0.011561423402149842 0.04387019440708905 
0 0.5440351525092595 0.5463836832066509 0.015756275030773495 0.04976899441492062 
5 0.6659463977164992 0.5502324764812533 0.04587491724152642 0.07924901068265158 
0 0.8415159270184316 0.5582319649636929 0.016159244518413517 0.047552664943434596 
0 0.5037334000989651 0.5383899684664747 0.012301320820472413 0.05231461499190788 
0 0.2452224179039567 0.6637026630899558 0.0836272858690203 0.36568430193881424 
8 0.19994292638237185 0.7162539281820374 0.10729215532060028 0.28230142851152207 
8 0.8283357596554857 0.5999855038330992 0.049205935310810675 0.07077612666896806 
8 0.9883920974775182 0.6464018019274641 0.023215805044963674 0.11986134153409415 
3 0.4738379599286463 0.5565307325704094 0.049589816913824476 0.09021817833462889 
3 0.5880185466271999 0.5390321425483046 0.02370440270646249 0.035483173894628774 
8 0.9882014223083271 0.6516311254145654 0.023597155383345978 0.13582172349721341 
8 0.8491151139162143 0.6086913480399999 0.058838418109270096 0.08848904542322146 
8 0.9216277209884959 0.6229473939183249 0.07480529834099599 0.10157736389803959 
5 0.3093324183643578 0.49947221442908074 0.11951812979553228 0.07635468155197006 
3 0.8855959523168443 0.5568061112076834 0.06832423994624406 0.03645771053500255 
