0 0.7744734758724883 0.5636921967223947 0.026943707528592285 0.10808812099001026 
0 0.6591429415642803 0.5660222245056751 0.03213353351270911 0.11153145649676421 
2 0.9294401918096987 0.6061771000240962 0.03127054132451889 0.06417705876434587 
0 0.5976389404404462 0.5728523656074846 0.035049709535262395 0.09318748853901386 
2 0.8442923339045473 0.5765298769672974 0.04356278851142591 0.07338884049642433 
0 0.5473165900030417 0.5588648061163476 0.034149594082363705 0.1257187295706109 
0 0.6516858844573783 0.555687558878182 0.043754140283764044 0.1342621803306963 
0 0.5799240068796031 0.5801122516991839 0.03557238160948167 0.0950257144178404 
0 0.5927327230494462 0.5543579681401564 0.033507140597621755 0.12289647082992669 
0 0.6354485567011474 0.5599274999419105 0.03449443012264382 0.12903321709488358 
0 0.7029769332088679 0.5551343520971693 0.02743569016054053 0.10349416006848798 
0 0.7682266991971113 0.5462642587322805 0.02946705043527217 0.10587433124564263 
0 0.6571423982704364 0.5585348749071835 0.034030762439050476 0.11824380940900155 
0 0.7135248416015366 0.5524622341001313 0.03235799127972996 0.11184908942191435 
0 0.43051511157838834 0.5982246956040647 0.06819866906145436 0.19812733276082212 
0 0.6804127719299135 0.5564873521249859 0.03381284295584052 0.11698307855443305 
2 0.8160561548979115 0.5700822498743076 0.03692056369527251 0.07617726934372873 
0 0.42836019272785647 0.5949157756034757 0.05647261967214668 0.18823634567846165 
2 0.8457248893805739 0.5629226567862209 0.04014799475183935 0.07471293903690278 
