3 0.6057841316026293 0.5933455956903168 0.2203970602337587 0.29131668040573494 
3 0.3834809066975869 0.5453097519851584 0.10757316121439736 0.09888054680149871 
3 0.44906868689216806 0.5501423512701892 0.07739346131999135 0.07613774738177433 
3 0.36357126712890375 0.5188958483849035 0.08410019533120504 0.09926859104380305 
3 0.17386466574853449 0.6212565542733364 0.16281232972045004 0.262148644961574 
0 0.8233105927646264 0.5467504459031434 0.05356935904936123 0.1277859273168232 
3 0.5127631091699264 0.5726633918177186 0.14678483216059554 0.11462859359684614 
3 0.3132266847557489 0.5381446485392831 0.07104842946381527 0.07673023862216717 
3 0.7058906990260533 0.5930994207165299 0.25759901708013117 0.1735525403371809 
3 0.8072663434196844 0.5264336130414995 0.33392845614869343 0.3209155061158114 
3 0.25207843783477407 0.5252400969993647 0.05678720191338858 0.05908741304047971 
