3 0.6930102511161513 0.5498749317761952 0.03521194138245463 0.0381622366983648 
3 0.8400886500598712 0.5657576661470207 0.11536891866352476 0.09221862985349395 
3 0.6383097118358276 0.5396632893946164 0.019894914939119417 0.024099494951745504 
3 0.7036134064731749 0.5458568605953183 0.027092987008527275 0.031404591169621514 
3 0.6105644364648518 0.5510936523511711 0.03172217165679335 0.04113262786535662 
3 0.5189338775848646 0.5859773111321 0.08864620522000898 0.12234978013694299 
3 0.7688735310849958 0.5529252836760344 0.04934044337466972 0.04271653472717332 
3 0.7424751406427723 0.5564321941141908 0.05520602354308849 0.053394759935032364 
3 0.7059041570113164 0.5473759860496924 0.0347335342923688 0.033824275982077934 
3 0.7728714176176783 0.5515873479903304 0.038577685616520654 0.038122210741182695 
3 0.9422095191399567 0.5565275539916489 0.08703935221584018 0.07184334862094349 
