5 0.45901029011709443 0.5067666670210351 0.163396385173574 0.1668600614338083 
8 0.06756146916522428 0.5669958365716379 0.024575037695249158 0.04924562974966439 
8 0.012384166533989244 0.5553209245216977 0.020661325423042626 0.03947418667679648 
8 0.12205431879030684 0.5350981092351434 0.012420406405709593 0.028936329208670737 
8 0.3135045663987886 0.5611980791565649 0.01846709235677995 0.03668198469480217 
8 0.13437202720765812 0.5351984466587559 0.014806914324612902 0.029912099253161337 
0 0.9709004927966484 0.5932113182423757 0.05819901440670336 0.22406227849908672 
8 0.9397607355066466 0.6263920429377766 0.12047852898670669 0.14362377823245323 
8 0.19974614666819482 0.5997707712786117 0.034107628567074784 0.06438333767136745 
8 0.10360423016940065 0.5645538905751636 0.01305610509868936 0.02867612621025008 
8 0.3523952928882072 0.6347870429763526 0.045851278447793506 0.09184941711884764 
8 0.21812994690014445 0.5525980311968725 0.018190878183561097 0.032310528847163796 
8 0.5184862899368534 0.6554389176452696 0.14293872611940564 0.174796400100469 
8 0.1481048010194852 0.5360617900465003 0.013609702066554874 0.032075448699623116 
8 0.25970241741859257 0.5546799127015265 0.017751033575105594 0.03696037934407261 
8 0.3896393198372991 0.5695447163242587 0.019716319177881872 0.042333370028870075 
8 0.17545019293239153 0.5436416838980245 0.015191391415009931 0.03033478858148126 
7 0.7948027529603998 0.5089875454740361 0.41039449407920053 0.6312109871733113 
3 0.18701078608210217 0.5836070847248963 0.23010426378318385 0.3068644034734804 
5 0.7409282233287628 0.5017178154483799 0.38278720280400164 0.28314835387494686 
3 0.9896467445625621 0.5824922375981391 0.020706510874875763 0.14024972643225908 
3 0.7013738004058999 0.5744346558570926 0.21319470339590546 0.13145718846829374 
8 0.12079462252508656 0.5753470798900804 0.028584346909257156 0.05627649773578191 
8 0.8163547432312659 0.7218250162262773 0.2404830321022851 0.2560015684372383 
8 0.6456919792631493 0.6848938679457266 0.18215100480825022 0.20547386546393984 
8 0.11307366909034432 0.5347433708918947 0.014029165212503525 0.0270016986376511 
8 0.9546308621371589 0.7392533818780086 0.09073827572568234 0.2642701827668083 
8 0.635901543388148 0.5998543588075025 0.026231073021749936 0.0584358048259071 
0 0.9371890452605297 0.6001887392690131 0.0761383191898402 0.2369094660898266 
8 0.16191092591023548 0.5428999192721716 0.01506724118662083 0.030063715028465353 
8 0.49728703421559445 0.5831835010799533 0.018689435283670477 0.04694086943251187 
8 0.09480940980175603 0.534230718023766 0.013461945189646815 0.02778139280296475 
