3 0.39397312256704176 0.5786820678505243 0.19136616695740838 0.25305766847274924 
3 0.1822756917303567 0.5396369304501142 0.11647120056952184 0.09862172779659198 
3 0.2540476898946735 0.540508066735395 0.08100311437633685 0.07505508378064797 
0 0.9965399238229882 0.5903226405519328 0.0069201523540236565 0.17144943122486503 
3 0.15984691047985855 0.5135837675202969 0.09359290679860424 0.10204975182691896 
3 0.05911777468428391 0.6317214086010815 0.11823554936856782 0.31319928127625896 
0 0.9642026550494655 0.598786185596231 0.04472506961036572 0.17872453583829148 
0 0.6146536873851105 0.5419194376398578 0.04507378795906185 0.11441503573865702 
3 0.315244836362454 0.5666300231900502 0.14373361119328668 0.10808744811933992 
3 0.1025179944602866 0.5232908855757058 0.08151769801590103 0.07947344027472418 
3 0.8967473089939422 0.5358581014602496 0.2065053820121156 0.11768230291016007 
3 0.4839104837370852 0.5829747963883598 0.2182267030522683 0.14826444874836858 
3 0.5695702470214191 0.5215051208251035 0.2694907782075169 0.2672769966957857 
3 0.02924883866956059 0.5171094540728738 0.05849767733912118 0.062263485151984176 
