0 0.018948073079827862 0.685361271111516 0.037896146159655725 0.428196319801379 
3 0.08767652122971095 0.6325039424726919 0.1753530424594219 0.1658565474571924 
0 0.9994296371271285 0.6452351927075445 0.001140725745742941 0.08183183746940889 
0 0.6440657248993423 0.6647369843300286 0.02786810422604674 0.09627483717362578 
0 0.6166306425925153 0.5985743339006975 0.021547175667462923 0.08010158292419413 
3 0.3780867845607334 0.7528792478867296 0.311430381417578 0.4466738158409021 
0 0.930566110133498 0.6510079174241956 0.025959922376088542 0.08460527566984373 
0 0.42101359444002795 0.6683501736349983 0.02912453046455376 0.11645887529733866 
0 0.7034681375121113 0.5997285175699714 0.0303059044621115 0.07566458318786368 
3 0.01751716707687234 0.6232127838249838 0.03503433415374468 0.08839350581651084 
3 0.425831997208227 0.6334310333755158 0.12335971667337291 0.07556054444848971 
0 0.853499367838861 0.680795952366511 0.03121409364529086 0.10695085710589562 
0 0.6920838615279103 0.6799620487175346 0.03650901749821031 0.1128357517801448 
0 0.997169387394191 0.6479659913017918 0.005661225211617875 0.08053414696964498 
3 0.1411519322186978 0.6420062315151754 0.18645210597693015 0.10560094608181077 
3 0.19916968629252918 0.6014395986709623 0.2194588650544509 0.17933562978509984 
0 0.40121194319088505 0.6796852842887915 0.0760345306968582 0.1831525118816488 
0 0.8999886748419487 0.6417122887097318 0.02066207205507226 0.07422084204152864 
1 0.6471687279567795 0.671131755100415 0.05401732001787586 0.05965913706909798 
