0 0.5389367091074889 0.5828519424907344 0.028838716934006924 0.12196348429413566 
0 0.40959495856385864 0.5858756744564623 0.037810434728755664 0.1325901504628843 
2 0.6869222657686244 0.6196404962627203 0.027659170503116004 0.06560468870776832 
0 0.3301308890749861 0.5995869188917907 0.04440678395651549 0.1164294098876879 
2 0.6056887340910221 0.5953426264380295 0.04101350283839629 0.0770171744331022 
3 0.970905674651676 0.6158299946770691 0.058188650696648095 0.08352819623666517 
0 0.26624982467635616 0.5786817829737474 0.04487945080517008 0.15980188746409088 
0 0.8041639883960532 0.593584949027133 0.03411319559783351 0.10035490818073955 
0 0.3970103318878951 0.571889382628162 0.05307901588952845 0.16424810277698365 
0 0.30652045456027227 0.6063504695267269 0.04608582167048333 0.12021039352162556 
0 0.3260264930494833 0.5759983650228133 0.042120849165643154 0.15214087986376246 
2 0.6578126411895177 0.6153402795095503 0.03282663373949163 0.07435600819815388 
0 0.3781516610405234 0.5785439165109197 0.04207071224423409 0.15758578994636852 
0 0.45359125159408353 0.5741542548662494 0.030728360689219657 0.1181367170809922 
0 0.5303029919734681 0.5623663506473867 0.031629874714006474 0.11925901046270983 
0 0.406244463085143 0.5767898605082522 0.04055851988725109 0.14234658296871425 
0 0.47195134233259906 0.5693736516550244 0.036476763914368535 0.13003690034588386 
0 0.13598587760060749 0.6406883860514647 0.10191819196881255 0.2743675307375658 
0 0.432493206472035 0.5776227868581689 0.03949499917351375 0.13909053724681075 
2 0.5774702848869917 0.5959690186306988 0.0370535224813014 0.08320063004395062 
0 0.13682896392771432 0.6257475920717025 0.08064933925331495 0.2558436946074191 
2 0.6617674702612762 0.5961408981749604 0.028772695577419398 0.06291887368026215 
2 0.6094191577725209 0.581601492050863 0.0390390578490431 0.08036775786347429 
