3 0.09412673060059752 0.585425756764799 0.18825346120119504 0.23291976388114688 
0 0.5921526671302738 0.6043013617237384 0.03356777081514643 0.1375917178716354 
0 0.9799142295417969 0.5806868430305313 0.040171540916406345 0.13537060970719128 
0 0.6847858395043488 0.5055814377060218 0.027664073713625045 0.09854039085676966 
3 0.016811464169052687 0.6755006916546417 0.03362292833810537 0.4000945070761067 
0 0.5632911720868924 0.5991294721821383 0.03353696547957995 0.1433146055844851 
0 0.34959948984829753 0.5589832737002385 0.04289885638230608 0.10739037151674728 
0 0.8843599840112267 0.5028652924230448 0.038290877897062925 0.10085988221551115 
3 0.03841019589543773 0.571743656538431 0.07682039179087546 0.10910284633212933 
3 0.5435482699077465 0.5538239265412839 0.15374756663907677 0.09178262147074243 
3 0.17625825935373357 0.5868917290655694 0.22203527518036795 0.13375438598833575 
3 0.25878239304761286 0.5359701327297309 0.2574995709416398 0.23305948785519365 
0 0.6447974755778992 0.649359201559117 0.11079428456313835 0.27635452038553515 
0 0.6392407378732329 0.6086991024604418 0.030903806427682954 0.13009573182277862 
1 0.8479204817825848 0.5942648165206929 0.0800079737374908 0.08179320723784049 
