0 0.05326324561667086 0.6841178388007164 0.10652649123334172 0.3960857788218634 
3 0.11024756629568794 0.6393440715790661 0.17456157176978832 0.15671813456985345 
0 0.9948493121057856 0.6552811118675758 0.010301375788428829 0.08110642372682328 
0 0.6307228910293623 0.6704015734631025 0.026969579169000328 0.09382426110705701 
0 0.6283616381727348 0.607327293768163 0.02178391043753038 0.07844046641219228 
3 0.4293672464269408 0.7547656511821141 0.2809400831488527 0.4278077060832957 
0 0.9385966567612891 0.6585739227714968 0.023813969385912515 0.08142730828209513 
0 0.42555256369465955 0.6751511655028891 0.02845505435174019 0.11369263481739886 
0 0.7103364913947255 0.6083657997908386 0.029786046217128048 0.07341215581738425 
3 0.028935250200994706 0.6271220587531952 0.05787050040198941 0.08695768723142831 
3 0.4336861186077215 0.6428295983027031 0.11938071635617689 0.07320816985923885 
0 0.8246728934750814 0.6872363125534654 0.029832440620667457 0.10368959846685344 
3 0.9965845801989222 0.7360718880999513 0.006830839602155834 0.22239169929296432 
0 0.6710891312419699 0.6842201744270541 0.035275303636721704 0.10997887542560181 
0 0.9969990256514025 0.6555025991726926 0.006001948697195019 0.07870620645245115 
3 0.1626283048630881 0.6485672466745692 0.17758884431736496 0.100782462371169 
3 0.21669250995027106 0.610550385228779 0.2102759210779547 0.1720652195702167 
0 0.3947861688457246 0.6823490373529792 0.07384240171301151 0.17677114236859753 
0 0.9114086355093011 0.6502093267694219 0.020245413956936034 0.07227450485413771 
1 0.6477876555103259 0.677462594248932 0.052240206098566805 0.05757118231165893 
