0 0.8955537658467132 0.5568997000591855 0.019404730518759836 0.05748726975919093 
1 0.8893478140495935 0.5531856950758369 0.03966965175900782 0.05854261191707312 
0 0.44828597619368327 0.530213462767607 0.013796518897081783 0.04921732049038787 
5 0.16278691752613514 0.494814917932637 0.09146515525579658 0.07381903842579574 
0 0.5080950018814092 0.5357678155334433 0.01372279481021927 0.049707006510778785 
2 0.16642785010422428 0.5229495750412783 0.038096519956977735 0.04597695526319999 
8 0.43252584941542976 0.5416749930948364 0.029600910562339565 0.029467092324582736 
0 0.4686618390163089 0.5469239426480615 0.0150073265167196 0.05425182233170264 
3 0.7868527255566587 0.5813931516609137 0.10945080049463272 0.12911549402923117 
0 0.8996433152873735 0.5600473517769681 0.022093274708629592 0.058232196638048274 
8 0.9144185342017802 0.5584604000879112 0.032211622526009766 0.02763830525432474 
3 0.4279306021629873 0.5254340426946423 0.07054377076488677 0.05428032175643422 
0 0.5045293311545892 0.5357646297640478 0.015867109308172686 0.05511496685543812 
8 0.8579184869187949 0.5846116371031472 0.05035188831206156 0.06255389251134046 
8 0.8520062857708973 0.5549704453705707 0.029370324424041742 0.02561377369271478 
8 0.98903232638694 0.6321965817638747 0.02193534722611986 0.11700496021026109 
8 0.9746726083969108 0.5700434141796128 0.010777604322374543 0.021759116107914388 
0 0.302573790448205 0.5352357364915996 0.017405691532993827 0.060824035073653575 
8 0.8339172568163479 0.58153018765234 0.04425573164877534 0.055351407057801415 
8 0.9612982332695239 0.6158370206403829 0.07740353346095219 0.09928250269281433 
0 0.4519264955359478 0.534376063107823 0.014369270761438315 0.054280841526836335 
3 0.6191401875452297 0.5484372469666136 0.036206748665985986 0.051472191343156684 
8 0.962676599235487 0.6221003308401307 0.07464680152902617 0.11881513814907098 
8 0.8238621969573998 0.5555065603511101 0.031246123321351436 0.02759308388424011 
8 0.37303212049177725 0.533288966628215 0.03359607589415475 0.030614383628824775 
8 0.813605600468213 0.5754116646891522 0.037625235602884714 0.04879173732773545 
8 0.9162626949890077 0.617696281619574 0.030745017523889688 0.06124873168111385 
0 0.5290937316879625 0.534239067127961 0.013498908085219058 0.05329888831685562 
3 0.9964997527376978 0.5577679766131982 0.007000494524604761 0.052633244991140235 
7 0.35039951080706205 0.5066716699495655 0.07304249741964533 0.08292712178646443 
0 0.5333010809202063 0.5383327994189073 0.014046152699660227 0.05890736272957769 
0 0.5188021992553814 0.53244807858964 0.012651610571948382 0.04976417231036584 
0 0.5630232044181634 0.5461049636629024 0.01878385188675864 0.05950076954260144 
5 0.7044378374318067 0.545089157699472 0.05101318333105567 0.08842796329847008 
0 0.9191447706728075 0.554879652127129 0.020430294983856498 0.056876459446771784 
0 0.5171810153872507 0.5346248019292823 0.013976183763861769 0.060038972487514886 
0 0.7333082169675033 0.5335731893282031 0.015327146712157855 0.038799472946694336 
8 0.9839015066636594 0.6217702229341884 0.03219698667268119 0.10271385931589988 
3 0.4695045043742607 0.5574020869733052 0.05961814339862329 0.10133308258711729 
3 0.607541371213713 0.5367933122959498 0.023858443008729892 0.03556343182139339 
8 0.9317217398077802 0.6212528671188792 0.03432415684925928 0.06879194014487199 
8 0.4173066897717307 0.5443176345155405 0.03384587753170486 0.030609616253032705 
5 0.2966321108081986 0.49501646834833296 0.13456717791451567 0.08512952499494285 
8 0.7215789228538612 0.5472501209182665 0.01889770329387787 0.02328815883466758 
3 0.40600220803282766 0.5249597221810357 0.05767636676400535 0.03914964651949049 
3 0.2991958677083414 0.5188950080738556 0.06765709038207447 0.037120006043446854 
8 0.3557388028767501 0.5415276130490672 0.03347694654354207 0.03125644112596256 
8 0.3872058779333028 0.5426974082107432 0.03478102700057313 0.031759953170546536 
3 0.9602493345519818 0.5522958284713777 0.07950133089603625 0.041936898195156495 
8 0.449439251542382 0.5451104202779266 0.033823548963376096 0.03402191602760916 
