8 0.40249579371834615 0.5831872520415667 0.04471456807359672 0.05723489538596646 
3 0.6705709476904016 0.5577712633230598 0.028279847337040993 0.03860198757966878 
3 0.6143725544801781 0.5518228938105053 0.024764296586692682 0.02480601024407292 
8 0.3405121937587757 0.5776929472688092 0.04707873565667438 0.055990631937961804 
3 0.5433820439764929 0.5457790722275612 0.021269447360828055 0.026984200517623548 
4 0.8659133164560708 0.5441897919872151 0.154106446711168 0.1388823298132449 
3 0.4982974924282324 0.5892096926716516 0.08045651116612383 0.11202176155531378 
3 0.6023753227916893 0.5505735382323236 0.023422243603163792 0.03211965278326476 
3 0.8327809484608473 0.5815438337374823 0.08369770617767727 0.0647341836828613 
3 0.8038725223415204 0.583032803761872 0.0932431837592732 0.07474826334786157 
2 0.7239083951816301 0.5650904120437572 0.030987023072581082 0.051386972331754224 
