0 0.7853631184322475 0.5497826816690914 0.013492875257846891 0.04323765709065236 
3 0.9890970008360671 0.5624891233671183 0.021805998327865977 0.03906776248069832 
1 0.7812699682009505 0.5507338269098947 0.02916259198740761 0.04460097280761456 
0 0.9928720686999384 0.569528410157002 0.014255862600123237 0.07798420841050074 
0 0.49158831830178606 0.5328375707351822 0.010638098514687612 0.04075937536725241 
0 0.43880528712342326 0.5402515344235304 0.012622076083407308 0.04208445178803471 
8 0.8216502899182194 0.602177652319821 0.05332903107799055 0.08780403936772523 
8 0.7978410921008672 0.5954560106996933 0.04812375915913194 0.07819775454259835 
3 0.6762396519268867 0.5625909601859908 0.059143371241829786 0.08185739476648103 
0 0.7910389630114446 0.5536343142835559 0.015512906024857642 0.04421897979339563 
5 0.1783131121621049 0.469341775131825 0.3566262243242098 0.93868355026365 
3 0.42727197963343627 0.5237306884933685 0.05787974639364826 0.04509249584745185 
0 0.48784719054448916 0.5301231186979236 0.012960617745204175 0.04458083345837843 
8 0.7203157903209888 0.5653963517222782 0.02591935991561016 0.03941552339272745 
8 0.7609660609655066 0.5849377379092883 0.03887504884593326 0.06436997974776047 
8 0.8606784569733725 0.5640117632881174 0.00778760800171753 0.01714073736084433 
8 0.9718402320161758 0.6462151750301801 0.056319535967648306 0.13769077875406524 
8 0.991111755456376 0.6581097234831749 0.01777648908724814 0.1416388217303452 
8 0.7106059721842134 0.5624950226305618 0.023764049078468758 0.035818535766770514 
0 0.10425547886837476 0.35213349746795236 0.09250968508776723 0.30104956727971405 
0 0.955641151617534 0.5649836195763359 0.02365056371354342 0.06494866452726872 
8 0.7547525709806996 0.579385942350286 0.033928789534375454 0.054242582902332276 
3 0.5875497182792099 0.5543720593446853 0.038576565958697205 0.05735343945432242 
8 0.7458636293371464 0.5786595975504503 0.03725427561694474 0.06134503751638078 
8 0.38263363528632965 0.5284782744122773 0.02746096784599601 0.02536768358445714 
8 0.7020382997017893 0.5604118530856664 0.0212213693824134 0.03257291862529573 
0 0.9266561862528977 0.5658460822817253 0.018698201282571887 0.05499646851108916 
3 0.9089161301583755 0.5594898514758161 0.07774551340063766 0.045193326696444214 
8 0.8488226292829043 0.6098721674240769 0.05782120381091332 0.09481124167150413 
7 0.36706390703238284 0.5059560595792905 0.05766377384280226 0.06676620472725618 
8 0.9605897399412351 0.6482270426120527 0.0788205201175299 0.14459950365219798 
3 0.9700080876333013 0.5554626195568856 0.05998382473339731 0.03710854430570041 
0 0.5106959642872362 0.5375469266019588 0.0126346978273871 0.047546946778438536 
0 0.9762167587604637 0.570768514471312 0.025192281788933287 0.0681704682239538 
0 0.49597179942796715 0.5300451999026529 0.01097959937190666 0.04098801243106815 
0 0.5364165853076102 0.5400095741387614 0.01442734216273209 0.04546761116271556 
5 0.6468029251124271 0.543683029678743 0.04144305313054609 0.07391555907437104 
0 0.8088311088887702 0.5533374008276286 0.014475500726796042 0.04345236988843681 
0 0.4987019554489207 0.5328619143397827 0.01147893899130068 0.04862404814405611 
0 0.35130289344292687 0.6014694067853584 0.04703815460609917 0.21363338062168427 
8 0.3260764527076135 0.630975866692083 0.05432316965639999 0.16144044272734207 
8 0.7699250848487478 0.5839456371546039 0.03705209952085539 0.05800634147573084 
8 0.8905089989314519 0.6173219522620805 0.06713419639622444 0.09874549640007703 
8 0.9215317696316225 0.6322249817432622 0.09117531285156887 0.12414722375360839 
3 0.469815791665966 0.5490886422875949 0.04866443563890144 0.08467945034394954 
3 0.5788649253046864 0.5334775109331726 0.023433329615238634 0.03513318059949136 
8 0.8797202523760081 0.6210569539079385 0.07109294356255447 0.10971661626948073 
8 0.7776379785279062 0.588987877470169 0.041938829580649185 0.06981762207592188 
8 0.9310449554319314 0.631437166880423 0.08196481058770204 0.11208296139567792 
3 0.8517686371908195 0.5521435014684292 0.06217259204024046 0.03389362407289197 
