8 0.4874405786518415 0.6280603943577032 0.03293876746619112 0.0809390343964459 
8 0.44546440134291926 0.60384266489184 0.023039603242069974 0.05550854462861543 
1 0.23024070360325744 0.5306542572219609 0.05971247387873927 0.06081074202810802 
8 0.5987919011130827 0.5746876622420958 0.014373680063569694 0.036581458233496025 
8 0.8828376076651064 0.6465552866181866 0.03765615957553735 0.06999941341859363 
8 0.6091821215307485 0.5820038102795326 0.017533134877035367 0.03886462810905591 
8 0.5599128598725611 0.5673790145436833 0.012726608088526917 0.029665056985548468 
8 0.7009814710941992 0.817680698879222 0.1001311014001206 0.20886670109437647 
8 0.5798296279960959 0.5738857149382639 0.01439723616192687 0.03517115491762202 
8 0.5527684148777329 0.5653231149793708 0.011768954172386473 0.029837101066747463 
8 0.7142317449459381 0.6024040749364651 0.026908665465376628 0.04950881977285387 
8 0.3938672119622607 0.5650757495528623 0.011106827021193907 0.025681263449984486 
8 0.6250953035539775 0.5819316658756628 0.016829869766387232 0.042567467865677916 
8 0.7768142715920351 0.6181004952064283 0.029589239909368674 0.06090808318701483 
8 0.39856173701431 0.56987441696846 0.011918724547836561 0.026077748268426147 
8 0.6569218917725357 0.5882872384027721 0.01996858118164866 0.04240596651389928 
8 0.4256072901245723 0.5692348640604574 0.018693103376404493 0.04194628582467721 
3 0.36866165184165267 0.6292582161800652 0.2625728487319368 0.4641948528016071 
8 0.5427345715911309 0.675719463669969 0.049022048000033396 0.11411302656269842 
8 0.5882914736368596 0.5745154764712402 0.015697540454417194 0.033706016963229155 
8 0.6417541127364385 0.5846929499879474 0.01916491234572156 0.04105638480719525 
8 0.40405645643614113 0.5746395571593684 0.01331233865229919 0.030614362322441607 
8 0.572149743000842 0.5690364745933488 0.014512272990538193 0.033559195704073154 
8 0.6782775778109975 0.5954857100659119 0.021993287278888544 0.04270018973793943 
1 0.243198269215508 0.5312719622372419 0.05607798026644048 0.0638658919631379 
