8 0.8193485356541819 0.664026807211936 0.040879917285762415 0.08602504953539135 
1 0.414881960313068 0.5907978408201958 0.11840645914000618 0.12647052626094044 
8 0.7185916652899169 0.5842637775014471 0.014006923137937263 0.031106576163119383 
8 0.991211689225978 0.6185576256385195 0.01757662154804393 0.04907620780838506 
8 0.7459628935016335 0.6057496500011371 0.020729872931372455 0.04375120768159566 
8 0.8924313440862901 0.7284190502248693 0.06665034478534934 0.1333854730099137 
8 0.6964374554555619 0.5571472369041338 0.010897078236576334 0.029982636904953272 
3 0.13862140795221994 0.5654991678327188 0.2772428159044399 0.6668927151876352 
0 0.4219145186494893 0.4924478308746919 0.019816190674340605 0.04008663127088312 
8 0.6964119387438062 0.5573614614232676 0.01031081297670994 0.02672553591329511 
1 0.44612611570261806 0.5977597942135899 0.10844323366449679 0.13023467043882703 
8 0.7257016289285223 0.5877720816727778 0.015470616657912047 0.03691257659004603 
