8 0.3570509655336342 0.5994705671623352 0.06708935871708042 0.08146413463067688 
3 0.7057186268044874 0.5627572503870223 0.038230026075383276 0.048085567573671585 
3 0.6296922521878312 0.5552707094959188 0.029243869173360224 0.02870178946225609 
8 0.27223777039849373 0.5913098160578862 0.07259237922769753 0.07888881433995658 
3 0.5358636506311406 0.5435942511553953 0.021143912794041386 0.026404433422774976 
4 0.9163970843260393 0.5438048968525128 0.16720583134792136 0.16677808183050458 
3 0.4920405737401242 0.588479780980069 0.08047687984180094 0.11210495864654692 
3 0.6190403211091422 0.5506438068681206 0.026303266742140535 0.03763612096077781 
3 0.9681424670632294 0.6013398691697639 0.06371506587354148 0.09313392600830456 
3 0.9271706037151066 0.6028870208027921 0.14565879256978703 0.1094618789038682 
3 0.5767404249306065 0.5451260030046627 0.02258189080511819 0.03240082895331044 
2 0.8154627280384591 0.5771209386247868 0.04697455688158741 0.06998501274691352 
