0 0.08744749844015878 0.6526791280981248 0.1738592503105994 0.33938592263481543 
3 0.13761985895173984 0.6303345054536621 0.16538945845515302 0.14802852289400076 
0 0.9953880603768082 0.655874423471637 0.009223879246383576 0.07843622826691116 
0 0.6077903749281661 0.6758355359112349 0.026985961417407296 0.09263724750208907 
0 0.6596116681904922 0.6075895751529969 0.020585821975175663 0.07529702040001729 
3 0.48517834882165467 0.7451330983222578 0.27986093882452734 0.43566276321144914 
0 0.9587779645555881 0.6602019785840496 0.019549382724302972 0.07745020377868994 
0 0.42599965874078083 0.6700476183910647 0.028595652011730123 0.11259253735488427 
0 0.7278279388701867 0.6086044519412359 0.027780814708346924 0.07144022990709951 
3 0.04313872365748037 0.6177564744033496 0.08627744731496075 0.08411080107540177 
3 0.44188413912429425 0.641944571297173 0.11518134420574676 0.07166831782559699 
0 0.7747748557325812 0.6853965756807828 0.028872901483341876 0.10070543072046513 
3 0.9783968784746075 0.7829329658323787 0.043206243050784965 0.34069477739424253 
0 0.007278084829377175 0.6427984331608484 0.01455616965875435 0.22869327354878927 
0 0.6385253576324612 0.6834891797801278 0.03444454779568986 0.10749422150897481 
0 0.9983281793952674 0.6524781075937517 0.003343641209465318 0.07589342406954087 
3 0.1853213601872532 0.6399339444368293 0.16833226295022022 0.09686980793595619 
3 0.23538036816373542 0.6056947196669088 0.20073747189119093 0.16580453194983036 
0 0.37239858915190577 0.6698560832646308 0.07454579145735352 0.1755766774941017 
0 0.9374333040875492 0.653191594641585 0.02025171834947997 0.07035533201851574 
1 0.6478680529807016 0.6740250486482936 0.050468596723040875 0.05566546997632915 
