0 0.5837603056512815 0.5571231877180767 0.0399888850741467 0.14172269952352817 
5 0.10772100345699011 0.46784743333655454 0.15353566063033408 0.13358491338000494 
0 0.7757205369866228 0.5564471854351316 0.03336189061598873 0.1125412997324343 
8 0.5657838482813798 0.5666028718220134 0.0686723529624743 0.07070490844595989 
0 0.742016810500991 0.5574321144570525 0.031943038867870116 0.12931714285515472 
0 0.9704161256708059 0.6563889375057119 0.05916774865838804 0.26812432407747755 
3 0.5576650385648795 0.5347906561210564 0.1577790797813438 0.12703476039320732 
0 0.7900376450006372 0.565892242187756 0.03859012063020004 0.1390683166705244 
0 0.7664966667810974 0.5576269270292682 0.035143352347564306 0.13243476183440894 
8 0.6231021169039629 0.570227041054021 0.060372924602331464 0.07544965602316166 
0 0.4378009712102006 0.5329362171274734 0.03572443341444199 0.10294055036636393 
8 0.645017395838676 0.6009792328345384 0.024655365530248618 0.06399723430108895 
0 0.5899242305226892 0.5661666041117508 0.055641845805535724 0.1980272223132745 
8 0.5039045918373536 0.5604123185883313 0.07022063159675355 0.0732160663989032 
8 0.4338845739263266 0.5469165710176975 0.07430755439951867 0.07095560331683942 
8 0.6638980390808452 0.5726495238242297 0.04876323219194568 0.072353775851863 
8 0.09037310719946844 0.5576440154351967 0.0313926534158195 0.05410638733409112 
4 0.9865506145689676 0.5507619809878962 0.026898770862064793 0.09335370795337693 
0 0.8110465351579501 0.5561482450754902 0.036781805875630624 0.1298928294733921 
8 0.20860662043030773 0.5602067153340351 0.08057615258545749 0.08143112477561115 
7 0.3454390078975451 0.503069436286982 0.19761498231950003 0.22198409199072003 
0 0.8550586137151523 0.5676618199015632 0.04040671680660978 0.15324096117984803 
0 0.7934579584240865 0.5565264353895657 0.030121907903999698 0.11185337344460562 
0 0.8269780069667882 0.5586671474624758 0.03808480111597547 0.1524539756763792 
8 0.6757358500435612 0.5978811178277018 0.02463143216487211 0.05995744714858536 
3 0.2256458264560718 0.5677284292666686 0.19836074799189063 0.23512191710625133 
8 0.5012187350391063 0.58656763989156 0.09572564200623859 0.09127870476453785 
5 0.3200338841361816 0.4883645233232626 0.24765824351230867 0.16958756401109426 
3 0.5183862358591455 0.5337326337608528 0.11895476476672634 0.08490364039942222 
3 0.3022153874297463 0.524044573868989 0.13418448216878784 0.07980546510997051 
0 0.745098511596099 0.5596587244047243 0.03596282803565288 0.13758992426320757 
8 0.34341222977051167 0.5677287449296889 0.08783452221027342 0.08705586262017732 
8 0.7164316298043837 0.5957681299344397 0.022150325831952103 0.06063433431880463 
0 0.6121832619973764 0.5505201430347936 0.030005746851421763 0.12715229733741712 
8 0.7306910248495844 0.596893227352076 0.022287589968087218 0.05305889148088618 
8 0.27616173693908247 0.5640479871242847 0.08366452847160204 0.08237146063359888 
8 0.4196561416689347 0.5801602922101464 0.09534068612216288 0.09172230262706516 
0 0.4146716533304512 0.5354199755518588 0.03194157854980361 0.10853559669351379 
8 0.6479876317757224 0.5831184378858024 0.035544608327754974 0.08941844193472498 
8 0.5896665363260971 0.594848545504893 0.0978986543664442 0.10273302607767258 
8 0.16059903674776851 0.5344247392802692 0.013671641852272511 0.03312021847663503 
