8 0.6313429334208983 0.693518135990696 0.050216104862138664 0.12312047214278941 
8 0.5698118983549051 0.6424398519657655 0.030340209246002347 0.07395337828142425 
1 0.3182154379237374 0.5499438610042886 0.06696054492674307 0.06932782608622713 
8 0.7498174708181935 0.6017416907806452 0.018124918325306254 0.04441473315666763 
8 0.7667657519751134 0.6031710776556903 0.02258088828741009 0.04769947431839922 
8 0.6971599852855491 0.5898556212882187 0.015262060556888883 0.03472481577127143 
8 0.7222706459816638 0.5963332495594686 0.017694863437327797 0.04190910554389398 
8 0.6875423993874858 0.5873025653490483 0.013990245826913396 0.0347197285805113 
8 0.6547812719207354 0.5829006702202802 0.012179622545348821 0.029758565088901984 
8 0.9311404189472994 0.643297882890541 0.04046197801086351 0.06773041751371604 
8 0.5073182329773106 0.5842388872408161 0.01199395448972048 0.0283206819090036 
8 0.7894718613301808 0.6082508157506863 0.02208628976238245 0.05311019530033516 
8 0.511263478901141 0.5901676162027424 0.01302377050717638 0.02909669916921492 
8 0.8369609400391983 0.6218588428316727 0.02740931885718695 0.05457754846081684 
8 0.542291227307929 0.611346779677125 0.022583550922675003 0.05178861416048398 
3 0.4468121522652095 0.6473861327292391 0.26097485379996854 0.47055331641163306 
8 0.7693861729459038 0.8255462043964895 0.10222387807834338 0.22758602822379115 
8 0.7338723301091034 0.59979913662253 0.01956998128300768 0.040542518565914884 
8 0.8142289529725065 0.6160737622924004 0.025768777091240196 0.052070296474993005 
8 0.5182338998849102 0.5960949305470586 0.014896123688642434 0.03495137454923085 
8 0.7129796332836114 0.5920457712123531 0.017683998115058018 0.03971292943963363 
8 0.8673959241984506 0.6284875818888397 0.030889760754943013 0.05566100550800936 
8 0.6727658456281904 0.5826342806210841 0.014471577990116344 0.036525974039992665 
1 0.3334821583623982 0.5548972808922219 0.0625335815475145 0.07271071068164967 
