0 0.97374731108288 0.5994864963333932 0.05250537783423994 0.27036238353840064 
5 0.3081523220565978 0.49774283232816136 0.15205029948340304 0.14711910479740103 
8 0.8912455356457508 0.6015117269280723 0.11454794772355399 0.10981602390936543 
3 0.8743964629076286 0.5558625060091571 0.2512070741847427 0.18938713118009623 
8 0.1720249741388517 0.5425386429670354 0.017913980683941517 0.033552944304449155 
8 0.9712065870002505 0.6151998117945409 0.05758682599949893 0.11862104740075671 
0 0.6920554363990021 0.5541589183715117 0.05510580695263727 0.15035128064224554 
8 0.7901392010742255 0.5979863627600943 0.10890350936659644 0.10918781363920523 
8 0.6847321796109102 0.5895473879805992 0.10700397172726184 0.1005788764579337 
8 0.08637541433826476 0.5817923332977996 0.031634029169114515 0.055122296021706096 
8 0.23629799371456328 0.6028479599624984 0.0375174585000935 0.07092186320453006 
8 0.06999958180114846 0.540033869909599 0.018908047114210833 0.030934134644594387 
8 0.36796431631515975 0.6108194471395986 0.10369319042058589 0.11849041241835784 
8 0.1164882719397323 0.5365356636836638 0.017824238180638847 0.03465584392720915 
8 0.24860907292762008 0.5525219818171144 0.01816756850490421 0.03742507388075599 
8 0.02197190780066918 0.5357942203940017 0.01624711933636433 0.029676365108395924 
7 0.5634743885992267 0.5112382233223127 0.29198382609763374 0.35954503394186216 
3 0.19148730945882642 0.5741893164647465 0.2398536038655644 0.28142630362123405 
8 0.8331522496617956 0.6684619997076316 0.1839406738517026 0.17508738719408748 
5 0.5404931755903789 0.49974669729719406 0.2966013842583229 0.21562547212723435 
3 0.7998777943727063 0.5668485406791735 0.1740424841669575 0.11897248132715321 
3 0.5111324895974386 0.5549816410392738 0.16365582763117914 0.10132301339299665 
8 0.006187339212389038 0.5640305850415304 0.012374678424778076 0.05049550460728237 
8 0.5528969094722048 0.6277990388520819 0.1343206326232289 0.14179966694844678 
8 0.4550165783555521 0.6200544376845475 0.11730305011047328 0.1269124331236348 
8 0.6802280382389599 0.6483414052872205 0.16283092024270254 0.16169308334952195 
0 0.6556171320189852 0.5685977123950595 0.04571983507960276 0.15870259383926283 
8 0.9537540648075696 0.672115394355827 0.09249187038486056 0.19388105395114053 
8 0.006992429603930341 0.5325899446634343 0.013984859207860682 0.029513800466276684 
8 0.3471127187752029 0.5630645270504483 0.015965826677305943 0.039459840292066575 
