3 0.9858732591218703 0.6191846604276887 0.028253481756259618 0.09343237535993745 
0 0.3217496330886813 0.5930533389284736 0.03887667601675481 0.1602471599197007 
3 0.9965443487985003 0.6469202331270675 0.006911302402999411 0.11902122073862162 
0 0.13167910189314713 0.5949114911107596 0.05745612159981585 0.18710743498629148 
2 0.5087460074711876 0.6285089633496668 0.03064199106073801 0.07562586569753471 
2 0.34060937789036716 0.6507105955428941 0.05633419955345218 0.10025881953317316 
2 0.6480434112256369 0.614921801842986 0.018194070920234326 0.060149017703417434 
0 0.008078904857067602 0.6209384778341267 0.016157809714135205 0.1728559081458176 
2 0.4161034985717441 0.6083837099381953 0.04815478699876891 0.0909108081913115 
0 0.18035953137404143 0.5817397386566948 0.04726949775587132 0.16648417407941174 
3 0.800079569163438 0.6219173043459116 0.06705037868635501 0.08829017618622655 
0 0.5910129847077837 0.6037455510297933 0.0373052444810137 0.11486874635340959 
0 0.09227449584449697 0.579087751562752 0.08702894024346317 0.24571182511711692 
0 0.009348093506364764 0.5846214785659867 0.01869618701272953 0.223046049695526 
2 0.47616358233514644 0.6223367875543732 0.03813423531601132 0.08634115997832661 
0 0.06987895735689559 0.5861915818769539 0.06814055044076371 0.23327947373527144 
0 0.20875989439213874 0.5808997768625747 0.043866034286069 0.15749731315023482 
0 0.3027186110475516 0.5667789058459698 0.042267717294399924 0.15441689312751186 
0 0.11622677552935788 0.5879006693841946 0.06371119265558742 0.20667914203718946 
0 0.22311586169638806 0.5810074877908452 0.05232212192018757 0.1776246628786512 
3 0.947347854014961 0.6288402678833362 0.08878987066243411 0.0880486795127442 
0 0.15865044254814972 0.5889773217367067 0.05999457002009836 0.19773815042585347 
2 0.3714481629871418 0.6190980134676235 0.04794195285372148 0.10459687505012374 
3 0.8694642367726715 0.6181215148345003 0.0722714479491583 0.09174002122817405 
2 0.4804772666938821 0.612198230156824 0.03216261848601221 0.07266731736395678 
2 0.41641326794448136 0.5917811115359736 0.048604519462684195 0.098569155446182 
