3 0.9587885443562487 0.7041515127812337 0.08242291128750238 0.3707896091825615 
3 0.6405026437920519 0.5970333251561942 0.19772994423224424 0.13194114411831948 
3 0.4427733550165746 0.5016783425528973 0.05542283655230854 0.08100427128304419 
3 0.8098508213083825 0.5557943665884878 0.07789496258965414 0.05491232111810822 
3 0.5989532096371039 0.5236927713532384 0.11000977127825103 0.07550505430233133 
3 0.6709534915974846 0.5302212516468886 0.12715138627990946 0.08761406984249391 
3 0.10290361827264341 0.47716110440982434 0.08561460927656504 0.0943571935980379 
3 0.26284462111830953 0.5497133246151532 0.12476636927349333 0.10808229903255431 
3 0.2493509016467061 0.48997948426432153 0.06908854964987171 0.09870421455254966 
3 0.49362895963635356 0.5049465936440846 0.06814547432516144 0.0766750067112814 
3 0.8696856226200904 0.5457131950569193 0.15579847706382752 0.11219566865218926 
3 0.38072925951358805 0.5038928793879709 0.06286815364904641 0.08908157977302601 
