3 0.2237568866778914 0.5918314595363149 0.1935342355886214 0.23800694758666466 
3 0.028188355885522546 0.549533972061122 0.05637671177104509 0.10315844244941919 
3 0.07292957739508892 0.5547226704579624 0.09320613607974228 0.07842184532051602 
0 0.764568430737281 0.5909311769304474 0.03695326856759564 0.14862104267206955 
3 0.00730319700584559 0.5240706188063564 0.01460639401169118 0.10540122453268819 
0 0.821949040355793 0.4907841372686615 0.03150847494703172 0.10805592030693276 
3 0.024652908898561324 0.6724858542774907 0.04930581779712265 0.3520765871426252 
0 0.7284287137383493 0.5984684959270858 0.035729821681827194 0.1545786413492091 
0 0.4612010550907482 0.5550766465046709 0.043244036446772896 0.10927585965916567 
3 0.1410950191624947 0.5736919241202818 0.15643816271849942 0.10715671873488336 
3 0.6866383381481417 0.5505838335318312 0.16914633262554027 0.10043076648835697 
3 0.31147421622151905 0.5897156997168264 0.21399062011022668 0.13847002712692888 
3 0.3932976638317933 0.5337676836896884 0.25479240290674193 0.24422189847385098 
0 0.869585410611222 0.6596559246867519 0.13968925096898474 0.3268087909666892 
0 0.8024122963770449 0.6048725470025738 0.034402102871323025 0.14232744948836115 
