0 0.8078155445077276 0.5782400907207286 0.0637834201303616 0.2083219054017087 
5 0.2381539844421032 0.47777611504950346 0.1510611989895964 0.1413908709933892 
8 0.7573005126596065 0.5847091187099658 0.09246096335076516 0.0923954475876773 
3 0.745535537898892 0.5439753790547608 0.20688607318099783 0.16184138740128648 
8 0.103736320469659 0.528958538050214 0.018072099528549046 0.03267062919645929 
8 0.8406284528426693 0.5998370263332798 0.08900455645104131 0.1024777371585603 
0 0.5913732998722514 0.5425606249153541 0.04524683972686063 0.12982798891134228 
8 0.9095636727450349 0.6505049979234105 0.0384579831140546 0.0983206879607706 
0 0.8748030552758678 0.6119821948353735 0.10388556048743013 0.3519224828703891 
8 0.6753008514186385 0.5826224991341665 0.09065574950537744 0.09350956087758971 
8 0.5866020287669135 0.569787556020429 0.09197286772962024 0.08807404277714624 
8 0.032743041329614385 0.5673766388606805 0.03104730553184054 0.05178030537549697 
8 0.907536847450244 0.6020031753239649 0.08064011574718918 0.10218333318552153 
8 0.1829249144297204 0.5851349628328374 0.03513464050702823 0.0641730369521063 
8 0.30820655191713087 0.5806941007408277 0.0936434727975978 0.10221630389907824 
8 0.04573493394867363 0.522213976700347 0.018273344403113644 0.03412251300740909 
8 0.18273271543028932 0.5403414701776036 0.017912786292115505 0.035845495938020805 
7 0.47706778092090696 0.5103937898730362 0.24980743110044415 0.2960203380210251 
8 0.9499188089652861 0.6405776905877403 0.03780691284843769 0.0904317414899659 
3 0.20466359119667835 0.5639900508734369 0.22905555358507396 0.2663817823056299 
8 0.6878195048039359 0.626409126938797 0.1388923831211075 0.13349048492759683 
5 0.4589211630917933 0.49831685482823757 0.27403975694629135 0.19397010621041483 
3 0.6892340715158028 0.5503296773805461 0.14852968787711673 0.10419334900470713 
3 0.4337315228298924 0.5359809883300948 0.1504054226676503 0.09205030222295174 
8 0.4689617022740448 0.5955780019993606 0.1124697690498035 0.11641717562106174 
8 0.9965805513865621 0.6347068125907046 0.006838897226875815 0.08776004935218289 
0 0.8434763390339862 0.5687735512748111 0.048501142789855435 0.1808396063188303 
8 0.3869896971111995 0.5849247336003182 0.10219670777144288 0.10664337734605984 
8 0.5717155224566135 0.6110288571944443 0.1299760564661831 0.12829331970078992 
0 0.5634379786184068 0.5515979459654058 0.03988976745740111 0.1371962946674282 
8 0.9054225776300956 0.6283635784381276 0.04837072973452124 0.13411678020271153 
8 0.8215491742816827 0.6383912902896287 0.15535933062176696 0.1552699076544965 
8 0.2800448394946836 0.5527011622597299 0.015131847957626619 0.036972345131553085 
