0 0.5200228189679327 0.5225291166110837 0.03388490435277752 0.12065090243240187 
5 0.0720425842758914 0.43824660066814913 0.1440851685517828 0.12925266102428445 
0 0.6889124467040085 0.527277597820088 0.027606918726692697 0.09973675143569355 
8 0.5055372004049283 0.533244630709542 0.06112190636928674 0.062915127956678 
0 0.6532570442007455 0.523862251783382 0.02746599396004662 0.10834499803750051 
0 0.7923881900184268 0.5939125897430192 0.06395510718959088 0.194078983584982 
3 0.49847897137128805 0.504981360307983 0.1417067191760576 0.11419571656862022 
0 0.691027337129818 0.5323332979564767 0.034340496766916855 0.12062780651030455 
0 0.6734128735063135 0.5256448924964547 0.027634946907300985 0.10958922305454362 
0 0.022043877096840747 0.5169023614190371 0.044087754193681494 0.21029303295425494 
8 0.5558861625270894 0.5392443114662981 0.05255215548225074 0.06656228692575963 
0 0.39116433017295527 0.5024782061009408 0.03191306440672889 0.09235500555675381 
8 0.5702942968782149 0.5630699640133751 0.02086522026362502 0.05382884192162477 
0 0.5216716029536559 0.5296776518067093 0.04546347236321694 0.15909907255982444 
8 0.4503641250133596 0.5271227875262864 0.06325125081456413 0.06568639181188031 
8 0.3868809749297477 0.5141249773879473 0.06766054612762915 0.06422027248664532 
5 0.9673590601630179 0.5386639832150967 0.06528187967396434 0.08944114051023304 
8 0.5904360924256244 0.5402566911893714 0.041120045212780884 0.06297648971802737 
8 0.07355531656800679 0.5266978146970897 0.02860880772266061 0.049162955354957176 
4 0.9309238140159047 0.5291298549423993 0.10162004918764254 0.09761055579381124 
0 0.7179782659081948 0.525574932899151 0.030901968990244628 0.11417164947395267 
8 0.9993834010748757 0.5644209101019316 0.0012331978502487574 0.03685534273204066 
8 0.18672021373180325 0.5249080615712385 0.07372321444280786 0.07256056498391893 
7 0.3099057941681846 0.472581345236338 0.17577142193346393 0.19619742487792816 
0 0.7414580898770357 0.5358289500553167 0.03390602399908787 0.13241474741816003 
0 0.7042511854382257 0.5251848949348163 0.02545766758103568 0.09901219604877838 
0 0.9125065555690978 0.5950389715981823 0.0940196426196313 0.22959249388994496 
0 0.7204737921242209 0.5270799768101052 0.034091730720053594 0.13163105202935774 
8 0.5965608649928847 0.5612508274069485 0.021013972316783765 0.050799818714899185 
3 0.25567333859685804 0.5395627679391175 0.17791321319408152 0.21403559951689677 
3 0.7758930918781806 0.5315549037625391 0.02644503890514798 0.03454586865689957 
8 0.44860879469487897 0.5500272413375343 0.08238306347222896 0.07785140178402256 
5 0.27651533667760286 0.4578367733825712 0.23553185539688798 0.1599223977209084 
3 0.4632047101790529 0.5046803844685841 0.10872856087245936 0.07766338473286585 
3 0.2625873751188906 0.4933726880432417 0.12636137660938587 0.07422243728068413 
0 0.6558884022087718 0.5266103768124618 0.02887708567215327 0.11402571481536022 
8 0.3081920433326031 0.5350151310960604 0.07808980279239154 0.07617313813627535 
8 0.6323377543022237 0.5606054052474972 0.018965986952455865 0.05156756506669783 
0 0.5441814286876943 0.5172654457031055 0.025500021385521664 0.10967477900219454 
8 0.6457008215480835 0.5597085005854362 0.0191328403057733 0.0452988377186888 
8 0.2483015566063289 0.5287452781433002 0.07546645339530131 0.07272715963625975 
8 0.3776050374647285 0.5429697767151813 0.08334152345829168 0.07915519670593534 
0 0.36598493775496915 0.5022558319594556 0.02856013479930965 0.09730333655842888 
8 0.5744948056724104 0.5497838991589493 0.031453697784069735 0.07583814946657431 
8 0.5244707486438442 0.5561013346252318 0.08267050851693483 0.08688873891796131 
8 0.1274935202148783 0.5002171149530075 0.013036998557152284 0.031087124916721665 
