3 0.8406397227215499 0.577479536875476 0.06630908069583896 0.055575247675664755 
8 0.07272984467528114 0.5886586955568947 0.07519784213914213 0.08560403098015273 
3 0.674072427458695 0.5575298854870102 0.029583414302816066 0.032536045618290675 
3 0.8379089813385613 0.5887647389152492 0.09678047099274423 0.0941867062647031 
3 0.720406868772998 0.5646660393085792 0.04510800554627082 0.04496173655936736 
8 0.020881724188613414 0.5936649732993151 0.04176344837722683 0.10263207868950695 
8 0.09342427744374457 0.5872834598367966 0.07327653306245559 0.08265900381847663 
3 0.5585172875670604 0.5520242231429954 0.0191547836745665 0.02189809081165265 
3 0.5055042304919082 0.5853077566820274 0.08990732587962619 0.11805821607730978 
8 0.3623469369946905 0.5564736937396716 0.037244372390710725 0.02868925532327555 
8 0.049658783069191276 0.5924035077881262 0.07062102480069742 0.09317813728032548 
8 0.05530217487051378 0.5901604911006694 0.07717910878115072 0.08856384950608824 
7 0.6268919940289773 0.5542127111626507 0.03950154466264948 0.06131658004659642 
