0 0.7601433378075424 0.5508367422024614 0.012074956637695493 0.039759888223584755 
0 0.9810340484300829 0.5681697086705194 0.028230275508401945 0.06932384185511871 
3 0.9701874611435918 0.5624435599003894 0.05962507771281637 0.03768482788621024 
1 0.7567884410319371 0.5532975619843332 0.026621857026112822 0.04100400340998962 
0 0.9408284528986625 0.5662400830074218 0.02241436372237544 0.06972791147578733 
0 0.4312494287996574 0.544701703020887 0.011585069891777522 0.03899022988891261 
8 0.7620319598060459 0.5921383591274685 0.03892641231067387 0.07056140791273353 
8 0.7464052274582358 0.5868559872710006 0.036350974265481145 0.06396394450227906 
3 0.6517659300989158 0.5626615379856004 0.05018457395572902 0.07224105635040119 
0 0.7659527278714103 0.5542894986019354 0.01393092980815851 0.04073656885066182 
5 0.21401867817177816 0.4902440975874842 0.34983401844632883 0.5285957101776676 
3 0.4281769868857913 0.5295693155429363 0.05436061527656442 0.04209421628485649 
0 0.4846725105970633 0.5341360062077843 0.012051457728756106 0.04171902038356917 
8 0.6939076421699119 0.5651623138170543 0.02193519954058431 0.03478998481912716 
8 0.7209718571669944 0.5799184072203175 0.030571845527691863 0.054166866319484246 
8 0.8768660477985617 0.6207982772130439 0.06896231340850946 0.10394087884427532 
8 0.8894001297832301 0.6316266575535563 0.0848006475251644 0.11755596183454321 
8 0.6862214559480514 0.5622130515433277 0.020265867824615213 0.031774639759599384 
0 0.24827017756514153 0.42120618836789164 0.04982400951887748 0.18894456676417204 
0 0.9646580851359832 0.5690750662234227 0.026974538606515212 0.07402626058897403 
8 0.9178730565399426 0.6295576315324226 0.07948837658963513 0.10513284584685316 
0 0.9074124065746844 0.5644056720344934 0.020575069710046138 0.058506465249637166 
8 0.7198183058378009 0.576477088163125 0.02760060306075445 0.046687283709145065 
3 0.5794223407369655 0.559594206459116 0.03951482113132983 0.05875017997572829 
8 0.7101749440182539 0.5751199049466276 0.030069695055839105 0.05229363997364291 
8 0.6793889759003531 0.5608679828443264 0.018275579520016266 0.0290782803095382 
3 0.8762065770319691 0.5589318469681995 0.0708551759599105 0.041326231053464606 
8 0.9766602650297728 0.6574192508885093 0.046679469940454514 0.14626427985121115 
8 0.779036151814376 0.5964648925761501 0.04047770131145569 0.07445247587745636 
7 0.3723789691577365 0.5127185238349566 0.05353146636890827 0.062085928448311546 
8 0.849616928721663 0.6177379656006391 0.06782318323145801 0.10306784631201797 
3 0.9392900665939294 0.5589663868186753 0.06554521387282904 0.034686070557279056 
0 0.5052477046488852 0.5397053255670543 0.011614499226603528 0.04455219782544248 
0 0.9268053545473585 0.5712128341313982 0.021515503911450653 0.06135304518050614 
0 0.4909080796006688 0.5349918505660052 0.010384478055861165 0.038546886154121204 
0 0.9558178952454801 0.569245570752693 0.025575518993340297 0.06626928590895047 
0 0.5308547043551897 0.5437124950970013 0.013236080890689266 0.04193436816399065 
5 0.63133747906807 0.5460204987226595 0.03741663289422917 0.06862940842163716 
0 0.7829223446336298 0.552301390274167 0.013015268402169653 0.04007195641474349 
0 0.49414066589448846 0.5375565066299279 0.010674392559362787 0.0455374708400088 
0 0.3924816820745183 0.5862665044219255 0.0361299595153475 0.15367463107517854 
8 0.37675192339939273 0.6053177058894067 0.03605961821197973 0.1142951731638579 
8 0.731036834271987 0.5795582020968377 0.029656826894532744 0.04938477747076478 
8 0.8201511702520986 0.6094022842953144 0.05835513922663793 0.09135269615530724 
3 0.46864118274757544 0.5528241007398916 0.0456454630563929 0.07978993355984995 
8 0.796863740731146 0.604137563299918 0.047613937642058915 0.0837749230614021 
8 0.7326076289052184 0.5828708654661381 0.03244675725948071 0.05804839918758394 
8 0.9465673713308402 0.6506180401944757 0.10686525733831942 0.14076816829034 
