0 0.93715444256909 0.558290507614983 0.022068942498592748 0.0631487387302715 
1 0.9302728815894523 0.5505121989694542 0.04404087515435052 0.06405760105923605 
0 0.4479748005517035 0.5260111099401016 0.014766030347652262 0.05283563560210951 
5 0.14871551215558454 0.4885010842606191 0.09666423725575611 0.07787846036503804 
0 0.5137352101066874 0.5300310013083808 0.014987938712094646 0.05270995315035179 
2 0.1410685186914782 0.5187446280186134 0.04072345830871667 0.0500040486890282 
8 0.4337991635187619 0.5337745499104755 0.031543792694967085 0.03137313918745513 
0 0.48032554094611996 0.5440307007404085 0.015540994019684362 0.05892141091131666 
3 0.8213465744456461 0.583267225336154 0.12581595157598174 0.1417354385276832 
0 0.940187781000817 0.5584545127663277 0.025004357678080142 0.06369679596065111 
8 0.9430364108417691 0.5545937754253623 0.03473621137654561 0.029305049711595834 
3 0.4274166212047318 0.5206831842901456 0.07497174650807203 0.057704548040602065 
0 0.5099389420664389 0.5322412430802592 0.016899699930728217 0.058730756907261886 
8 0.9226742000315821 0.5901682208765452 0.065170086688684 0.0743896530226679 
8 0.8778865425463777 0.5503756000946558 0.031582031188255824 0.027224698280983894 
0 0.2887678671006957 0.5309521133392773 0.019330255608073763 0.06643284546593861 
0 0.37413602031689275 0.5182684541053161 0.015087192045312605 0.04697278609467433 
8 0.8895043820581936 0.5846352162678279 0.056036636567738045 0.06478920310510174 
0 0.45159589529484634 0.5304444507837849 0.01564482549367625 0.05876194883437885 
8 0.4030715967562988 0.5286080080365394 0.03323046027443901 0.03323109740195024 
8 0.847829625818925 0.5524287700408257 0.033578836313858745 0.029337787161254597 
8 0.36893641567154833 0.5295355683139287 0.03575433796529282 0.03255768825062969 
8 0.8619795083270616 0.5779748146488272 0.0465672292396107 0.056409686036421616 
8 0.9994504673986973 0.6364574219980288 0.001099065202605516 0.05913667598837277 
0 0.5359645607377173 0.5299581254593714 0.014328114441884025 0.05692134370588734 
7 0.3436038208533028 0.5014000343468803 0.0786883577917396 0.08895653408487116 
0 0.5395413318882036 0.5343937173458149 0.014986028327278333 0.06289893735156556 
0 0.5262624630020837 0.5282367524854125 0.013197673873016456 0.0526907588656315 
0 0.5719429250360665 0.5435127368028204 0.020535619106198128 0.0649300800782007 
5 0.7268675368901094 0.540207082164045 0.05201577293321634 0.09232865798026113 
0 0.9612360304622968 0.5522377701975916 0.023070048246242862 0.062071907039316886 
0 0.5238267523509709 0.5306496557112356 0.014886500974938599 0.0640399255482308 
0 0.7501865587472873 0.5309633169753927 0.016376609824880005 0.040964488859791065 
3 0.46394188446300777 0.5549747377486366 0.0656872184391029 0.10729350327671285 
3 0.6154791055967747 0.5332870749174827 0.02377563365216382 0.03537377474148716 
8 0.414616977596016 0.5403284015351653 0.036372410382689964 0.032877329708363164 
5 0.28927461703529966 0.4893111981080334 0.14222902888012423 0.09002849609680746 
8 0.7377049195060567 0.544391017080964 0.020325883535254264 0.02460441489720665 
3 0.4045551251728117 0.5203950095198376 0.06108200731976751 0.04146788007924171 
3 0.29119811007878305 0.5142668612715006 0.07184255764333745 0.039392556420914514 
8 0.3490299376988486 0.5372961584687528 0.03596017417425983 0.03353720613829706 
8 0.3827043946341118 0.5393210700186098 0.037381366550240075 0.03410878330659108 
3 0.9774642618334197 0.5493360311842783 0.04507147633316066 0.04357620613446013 
8 0.4492522804972424 0.5419505791015187 0.03628835279277034 0.03655102430862036 
