3 0.965001462654983 0.558640011044011 0.06999707469003397 0.04896270063574592 
3 0.6713556019938121 0.5619753261120719 0.10504331580313483 0.06635866716466479 
3 0.7020008718821246 0.5826213038048469 0.14185446409161465 0.0781378866346369 
3 0.8255948171332953 0.5633736080791224 0.11033449495948673 0.058669378484653284 
3 0.5843397155708476 0.5527680705457302 0.07973359928342597 0.0484141883461104 
3 0.9109437321914056 0.5555942830464782 0.07161701775143925 0.04050028674031037 
3 0.901024593158765 0.5785262850993385 0.138349905272174 0.0838166318319702 
3 0.495668936227935 0.512261174566077 0.03101423465277101 0.04121457530804567 
3 0.9970739303929194 0.5657225509587618 0.005852139214161554 0.06234455764499368 
3 0.9573845080669829 0.729173929661839 0.08523098386603423 0.3796440165667581 
3 0.7427448199683871 0.5887422606622451 0.17440435292185855 0.10119660630839886 
3 0.5765393563628705 0.5262144427992113 0.05921034379912449 0.038806575484356925 
5 0.3182230104257042 0.5621627406440352 0.19331265800642158 0.13857027050549833 
3 0.9309896334997388 0.5819249617623414 0.13802073300052228 0.08237189960881311 
3 0.6116548509337599 0.5281420153167474 0.06598645793241766 0.04407398030988058 
3 0.9052625720384336 0.6677553338786711 0.18947485592313285 0.29587403335890716 
3 0.11060703272099393 0.6384018338472093 0.22121406544198785 0.2585526406193917 
3 0.42477581339835513 0.5326405134828756 0.039349567775177195 0.04500351124541706 
3 0.4068175683591596 0.5047047180807783 0.028321545449788276 0.048527819703216436 
3 0.149287059721206 0.640969953301841 0.298574119442412 0.17065261322956043 
3 0.8379518134163857 0.6074455837470032 0.24633807012586117 0.15436101842840835 
3 0.6904246881782286 0.5373588000116768 0.07347964067178793 0.04897612563775264 
3 0.9000297595930192 0.6435601036850921 0.1999404808139616 0.2181307177777151 
