5 0.6577620779050746 0.5172791156649315 0.1994585116317069 0.20474986661544708 
8 0.22297625289458783 0.5752436005129616 0.024534075055590066 0.05465931985927025 
8 0.17798573969388895 0.5668311489546007 0.01953296758093828 0.042023438931005644 
8 0.2988640940425754 0.5449724883423367 0.01193091829674728 0.029904722264825587 
8 0.4838232445209992 0.5847183054647747 0.020669292476557785 0.04239269075256901 
8 0.3093154136764405 0.5452589961807732 0.014317854410672516 0.031172992266492405 
8 0.3430365561769264 0.6313165355944507 0.04009479240676406 0.0812302068994259 
8 0.2833598063468841 0.5592727189928873 0.012340213114069201 0.0294032887766438 
8 0.5238140780998167 0.6982520730991425 0.0668764474244626 0.13907872180765543 
8 0.3878031863760063 0.5650649954685999 0.01877908330015167 0.035396383602202756 
8 0.09913376609082299 0.5356686642106253 0.011888388244680038 0.024207638467036646 
8 0.8312937422015786 0.8042053581267586 0.3020055751453114 0.37164091966680973 
8 0.3220313864756541 0.5436012880874527 0.013358456135962413 0.03362369154901437 
8 0.4282799394343524 0.5712897724571195 0.01901764521303022 0.04135873428860217 
8 0.5693320367768439 0.597364717209689 0.023675905476157767 0.051238286235752384 
8 0.10806669254806789 0.5396096915958165 0.012529669078145797 0.024130434065200462 
8 0.3467922385749015 0.5582646534868787 0.015174654512793779 0.03235009425266058 
8 0.15142185044442108 0.5196459361047884 0.01733363358827907 0.0345409295770616 
3 0.2407093281877724 0.5916162111871733 0.21336005191131682 0.34490412428038864 
5 0.8874313504563618 0.5086882585578805 0.22513729908727642 0.3306210129629919 
3 0.9270219409199139 0.6084892006414526 0.14595611816017226 0.17345588286305244 
8 0.2670257447865366 0.5933773680250214 0.030407845582239298 0.0654134453725033 
8 0.9605197178596272 0.8317004983514704 0.07896056428074559 0.33659900329705905 
8 0.2916889097313595 0.5450359250635473 0.013306020796010145 0.027796935268607714 
8 0.9208508052677294 0.6560312219794774 0.041312506846032306 0.08515908523545691 
8 0.33453492283773073 0.5572162881143042 0.01489533783234201 0.03183929578106156 
8 0.7126304791995911 0.6194964015189761 0.02448499607803484 0.06178719842143121 
8 0.11717097618752378 0.543647613957268 0.013589464164306477 0.027516971806050113 
8 0.27606412143469106 0.5426765540565549 0.012622392699814427 0.02829927854492332 
