8 0.6025102700705578 0.619381401506794 0.027697959007358434 0.06379736478870768 
8 0.7192384742229467 0.7638364775871023 0.07327488380019759 0.17023044130159506 
1 0.2877977507092694 0.5587210713157447 0.09940866676228222 0.10172272916125413 
8 0.9228597658683583 0.6212542446980105 0.030050586442322925 0.06621577020228099 
8 0.9612512729719687 0.6315921483604663 0.039157445163493496 0.07340725430358172 
8 0.8219670761425083 0.5985547551548336 0.022237780629249075 0.04735902648119489 
8 0.8705411084096548 0.6096140410842581 0.027473740024776278 0.05956700648754829 
8 0.8049243197458874 0.5972560545547008 0.02010458376821134 0.046863512892798935 
8 0.7569476692988046 0.5898573797466161 0.016844521833395163 0.039179793977812474 
8 0.5627073854321618 0.5756770187874691 0.01489394690641177 0.03520290166966592 
8 0.997760407096869 0.6357438192498855 0.004479185806262081 0.07961845681302103 
8 0.5445532315649886 0.5551475175738732 0.009336516700880537 0.02314537058005423 
8 0.5671683776120484 0.5800392648926425 0.016585433786940485 0.037017646590683295 
8 0.6277881615414416 0.6497598523208028 0.038170073332536775 0.08635384114505011 
3 0.2114947409678044 0.600685443301879 0.4035526321298189 0.4934543468557219 
8 0.893143609490277 0.6151669069462063 0.031089467632177303 0.058640073206449615 
0 0.28423098047301437 0.46278850199656707 0.019658025577702354 0.039079820267357505 
8 0.5804016651447788 0.5945393417050107 0.020161898685754878 0.0470904643117731 
8 0.8491733307858436 0.6037908290304811 0.026644986420674855 0.0553704903917757 
8 0.7823562400597774 0.5908124508796458 0.020364605388272564 0.048622292583716684 
1 0.31356394049564473 0.5547402377514355 0.09073279324022089 0.1054054839914816 
