0 0.0806965320015211 0.6650655588013048 0.1613930640030422 0.36086461789357016 
3 0.12752939531979476 0.6319186366478503 0.1687771449805038 0.1513407936160913 
0 0.994241758658362 0.655403956028556 0.011516482683276194 0.07950112574919445 
0 0.6248279238692253 0.6774477183520541 0.02683775407137951 0.09270486759235382 
0 0.6451153890937641 0.6063972711716267 0.025173358139388213 0.0767692861180734 
3 0.4615359206081412 0.7343544936589214 0.27859391345008816 0.4243233065183225 
0 0.948382850604387 0.6590705818730347 0.021288504695930185 0.07930403570757297 
0 0.4267652498361927 0.6705639579765695 0.028409977559408474 0.11242312164445682 
0 0.7186589808776132 0.6076753019357627 0.02885434473478952 0.07213699973331346 
3 0.03769192172878517 0.6193542629765145 0.07538384345757033 0.08512016970608645 
3 0.4385745511446734 0.6406137568211934 0.1167363073814063 0.07236612722291498 
0 0.7980493981033722 0.6853868917546035 0.029258724510796412 0.10159645759767247 
3 0.9852632360907272 0.759422243695811 0.02947352781854562 0.29363390493256725 
0 0.6570975823989391 0.682473839641394 0.03468791382595157 0.10781042081944217 
0 0.9974970191130155 0.6560903974927568 0.005005961773969148 0.07720366927491897 
3 0.1767441204831995 0.6415295978875472 0.17173399989771376 0.09849654027044835 
3 0.2282583474653222 0.605804871175821 0.2042760889139543 0.16833307928493568 
0 0.38505819837060257 0.673559180771008 0.07350939707913945 0.17427270785990193 
0 0.9230837832372921 0.6512400418305958 0.02015791816779398 0.07100746372344145 
1 0.6474802088668986 0.6743462552461355 0.05113202778896017 0.05642590291416165 
