3 0.977218489355899 0.5685708468749664 0.04556302128820221 0.05207279229617844 
3 0.6809201445555128 0.5704774741852177 0.11398450732936588 0.07246127042694595 
3 0.7199647090888103 0.5912448883859694 0.15661503480357794 0.08665301363958128 
3 0.8489846159347474 0.5780230041450205 0.11988434555409114 0.06383951606293124 
3 0.5877629674457658 0.5616962953333595 0.08436390180845131 0.051368978072579556 
3 0.931792184710156 0.5640932767854722 0.07539162187886944 0.04295377975722766 
3 0.9304118004206933 0.5925642918371917 0.13917639915861343 0.09278792102398016 
3 0.49335320055501786 0.5160598770540287 0.0323317099098535 0.043187474921819305 
3 0.7708784101266412 0.6014644295385574 0.19984807044393008 0.11615383660822791 
3 0.9091335285579858 0.5765146277258549 0.14030836808857317 0.07965639614699442 
3 0.5792647110318686 0.530554434723491 0.06183491550479474 0.040720224799614915 
5 0.29027862144212363 0.5697781245172638 0.21919817628061944 0.1571435688856405 
3 0.9484721872027894 0.590663957481499 0.10305562559442123 0.0917243516007016 
3 0.6161088000620629 0.5329564155161772 0.06904126345918876 0.04635067395219096 
3 0.9588148270617365 0.7112986606772331 0.08237034587652702 0.404118360637042 
3 0.06379440662047885 0.684424238565221 0.1275888132409577 0.358839117895907 
3 0.4186903479171701 0.5377149909466742 0.04340063945983729 0.04757659157319217 
3 0.4001788362111271 0.5082019373129278 0.029240656606920795 0.05094290797093916 
3 0.5235509520778778 0.515180441075338 0.03845042521316138 0.041476543127832693 
3 0.12249565700148685 0.6716277218481989 0.2449913140029737 0.22004588263200944 
3 0.8737661229675743 0.6267914090388034 0.25246775406485145 0.1875114757402157 
3 0.6999931394115637 0.5427453737135759 0.07717885266287568 0.05175654411252367 
3 0.9378642208341026 0.6857149194366639 0.1242715583317947 0.29222928506656115 
