8 0.6903414057701409 0.7570690237460719 0.06744239800330647 0.1633859807326677 
8 0.6028811271910373 0.6716921916062625 0.0361459286714026 0.08818246985448935 
1 0.3198311003545028 0.5708972982089894 0.07335250080682702 0.07546653801181738 
8 0.793945738143629 0.6187628142951559 0.020362395185360215 0.049113820811316294 
8 0.8153209379552908 0.6217795450301852 0.025651006024887266 0.0531239016807553 
8 0.7319526123409057 0.60608922730823 0.016640768169481818 0.03756651015543879 
8 0.7621568272768863 0.6114703026044753 0.019620087092123557 0.045867906659293065 
8 0.7201465052051682 0.6029121435459119 0.015227082970077816 0.0375643452361688 
8 0.6846656946724164 0.5979044978051542 0.013143559523612538 0.03200500985165844 
8 0.5275337548803434 0.5859541661388685 0.012612957473511629 0.029891028708098778 
8 0.8432227218663527 0.6192435084127882 0.025357626652940866 0.0594499431585253 
8 0.5311499412235333 0.5925634268231119 0.013777763269841899 0.030893698741004602 
8 0.9028293350654397 0.639703605957225 0.032319848532106905 0.06227610544095809 
8 0.5673453075075776 0.6323090687141348 0.025362532981024304 0.05851805204548416 
3 0.45571538866579886 0.6398675574214633 0.24962886087353262 0.44981069445234423 
8 0.9449563150297579 0.9167653499801593 0.1100873699404842 0.16646930003968136 
8 0.7760717464185232 0.6149316824518639 0.02181495023022663 0.04454221842600545 
8 0.8739941354148204 0.6289716800072771 0.02999224459143065 0.0587955381106009 
0 0.28517630405467004 0.4864215683865602 0.017578280998608947 0.03526675833387748 
8 0.5397365222395135 0.5991951581417357 0.01598104246857439 0.03759331934991224 
8 0.7501327740776182 0.6077373193752909 0.019481717485430892 0.04328971013729933 
8 0.9422196121711752 0.6554176683080766 0.03717432751377445 0.06459086744336925 
8 0.7044419638622682 0.5977309415588244 0.015681077893248557 0.039381760894572786 
1 0.33726602131285616 0.5686787176630198 0.06815996444511917 0.07907020314923753 
