0 0.4449183401211791 0.5332640493332719 0.020908968514322338 0.07630549488525123 
5 0.06975695363845254 0.4855759735322283 0.12647952474145685 0.10021890228707168 
0 0.5543933182937211 0.5367043412867023 0.01850665557797264 0.07092565752161692 
8 0.43023627196446435 0.5441245520499134 0.04296866289778535 0.042662332178508296 
8 0.8628025576861967 0.5595622015718469 0.03966767293601521 0.03357363256944849 
0 0.5545723492255349 0.5646053662786065 0.025510130047880324 0.09442445224459903 
3 0.9433604623612634 0.5916168409220507 0.11327907527747329 0.17635568766012366 
3 0.4240751220205043 0.5246040640710324 0.10146843526918971 0.07780017735176677 
0 0.5446104943653163 0.5384210079272598 0.023056703690805164 0.08143086904009023 
0 0.5426124751656332 0.532979544001121 0.01570090867400701 0.0664442453013629 
0 0.1799119307640541 0.5429280740363953 0.03535953198560993 0.10833997971871655 
8 0.4660256018625132 0.5455674538870386 0.036043960971732784 0.04493841420996464 
0 0.34572269407056705 0.5193826931110195 0.021423746152854476 0.06458369221686383 
7 0.8535282924698772 0.5372174624203302 0.06332648627260581 0.05357724605511951 
0 0.44733259971371747 0.5397324719879482 0.024503810628057465 0.08971125219796218 
8 0.3903342321596331 0.5388846930127731 0.045168320241321426 0.04506255253087438 
8 0.9844355830405533 0.56310793738285 0.03112883391889355 0.03909832745798692 
8 0.3439526567448881 0.5343597761053738 0.04882965051612551 0.04407644001316877 
5 0.7816255527083399 0.5359534831777455 0.04826363503812203 0.06570568780078424 
8 0.489599772095978 0.5448604969553972 0.02692642999196572 0.04149691781375559 
4 0.7589786804057524 0.5286849453377441 0.06500689342501105 0.0733848743089911 
0 0.5775854723575097 0.5342977623274422 0.017048875695998406 0.07909929339455819 
8 0.21455993283784794 0.5463166180727979 0.05137976042833738 0.04733323911472711 
7 0.29946095624097563 0.5024876126041574 0.11557344870859644 0.1271321600734643 
0 0.5791903102579642 0.5427890710142934 0.020548129562887995 0.0881429855004998 
0 0.5670561258422387 0.5346460626241862 0.01591728876949155 0.07041363455841405 
0 0.6367090430537301 0.5605098135223184 0.03466855815138743 0.10552733630226069 
5 0.9073180529958049 0.5490999597293483 0.0758758820493766 0.10687723882226907 
0 0.5612968232774576 0.5353358066085921 0.02029443648032512 0.08908800381133865 
0 0.8482333633133726 0.5444101905433725 0.022707222017142925 0.05346742249577024 
8 0.4942906095168658 0.5588462990538614 0.01309013499105042 0.03232264747149069 
3 0.38085676474261315 0.5649010071815014 0.11425812198257618 0.14708078312435047 
3 0.6570139134638465 0.537929590550944 0.024119445651332967 0.03398647947226727 
8 0.397540162662018 0.5543040871361614 0.05280135521045004 0.047587699461637004 
5 0.2472130623099795 0.48860233122551083 0.18632242151389328 0.1172695087426096 
8 0.8311430628301869 0.5580399152195137 0.02947006240090431 0.03224439913367942 
3 0.39614196910723176 0.5254856625751834 0.08098259277041535 0.05464914868795044 
3 0.2440747537181971 0.5196807926874818 0.09669938058134588 0.052366295078897514 
0 0.5302000999959889 0.5301567395337704 0.016296252946891982 0.06906087497384653 
8 0.303677235844429 0.5484283492779601 0.0520522502727075 0.048155774238732456 
8 0.5171241948468972 0.5571554747922813 0.01189656128386993 0.03307448679265482 
8 0.8140881071089666 0.5558914660052549 0.01809856356992455 0.031133841046451494 
8 0.8991592099496944 0.5581098825857205 0.0421672610996707 0.03971772321879169 
8 0.526667738782674 0.5545865814913215 0.012216906048994645 0.02941073180545484 
8 0.2588691846383276 0.5462165877753465 0.05143461374408286 0.04668057897119935 
8 0.35150466089278054 0.5522772097269751 0.054313173027760016 0.0491527227648511 
8 0.4475951526558588 0.5553005971186828 0.052236350546425 0.0527617732489336 
