3 0.7612177907331633 0.5642552353150242 0.04726288306445852 0.045183567559232134 
8 0.18976904334606368 0.5620316783759286 0.05744142379121239 0.06186363817592457 
3 0.646688183310175 0.5524441299378918 0.024027173604481932 0.02775256655647196 
3 0.7342242772924746 0.5669740385487547 0.05686150945005025 0.06418326144705482 
3 0.9485425282029482 0.5997864911102324 0.10291494359410351 0.13837953003592196 
3 0.6752881303779357 0.5568264195201277 0.03335925376670872 0.036038973190919955 
8 0.16607500818161988 0.5698740292611058 0.04197848850682487 0.07024378623298415 
8 0.20186386665398182 0.5615387134277977 0.05628369558429281 0.06032807182429419 
8 0.14252178545538363 0.5783404968166802 0.04912724610516163 0.0787863862839433 
3 0.5458601186249502 0.5484926756358707 0.019746082378629525 0.022492348052595302 
3 0.9851916675882103 0.5892125526106257 0.02961666482357927 0.08689157276252142 
3 0.49822722574729017 0.5842808433100295 0.08961223456664336 0.11823132155535802 
8 0.18657350846160703 0.5630773346432402 0.036428029132639886 0.06345044088053138 
8 0.18024640427647598 0.5626348234537794 0.058615059811247525 0.06337595105534685 
8 0.11481766486294386 0.577635676014675 0.08571323929948484 0.08953730454745369 
8 0.10021626807381942 0.5841955592978041 0.08586495582706982 0.08791100027874973 
