3 0.5879940803218254 0.536484817859303 0.018729314441046016 0.024646332760968084 
3 0.9915230125673309 0.587726812449119 0.016953974865338353 0.1842857330288706 
0 0.7564427026986817 0.544166169615804 0.014294475982904231 0.044480480325884364 
3 0.5336943696983474 0.5845732349315721 0.07806211859652613 0.14090555105121685 
3 0.9558607478033615 0.6230771226187438 0.08827850439327704 0.1743229385531049 
3 0.6294268505397593 0.5419320257797215 0.026452098949775904 0.028954824257724568 
0 0.3770665984388121 0.5512532338733881 0.020882573543464532 0.08731364180095934 
2 0.9029608138622607 0.6162062771539338 0.10106647637159157 0.17516319810058664 
0 0.39835220900618934 0.5456454028222376 0.01631740416620623 0.06181860154289072 
3 0.8517912182861277 0.5897221375742148 0.13131608664615754 0.11855337499817047 
