8 0.42607566279850007 0.5614947317261015 0.03369683333596548 0.04440842523068739 
3 0.6460078734371161 0.5436584513930665 0.022609119196217903 0.03245863181892389 
3 0.6010917514123755 0.5378765612220091 0.02154602024577649 0.02203562003962039 
8 0.37698712191527267 0.5569775924452756 0.03481235183998003 0.043679752242337916 
3 0.9007566158372532 0.5831080876389491 0.12676198275245085 0.1005170149192964 
3 0.5513314349785913 0.5360303469180253 0.021412878526087555 0.027827606745920802 
4 0.808621648822508 0.5338886814006435 0.12213001284222216 0.11800137604896153 
3 0.5027972451437395 0.5793826701403597 0.08149104492985586 0.1136391053164007 
3 0.5923323647000638 0.5395038609288505 0.021104502605506496 0.028349695113143475 
3 0.7402691947825532 0.5634388319722079 0.06714609982641577 0.058564799112311085 
2 0.6813776233867657 0.5497102451094211 0.023550743411729372 0.041136799215023466 
