3 0.7505850087959715 0.5499195870167061 0.05408747425385869 0.05240263417747725 
3 0.8114681283798387 0.5487766692621627 0.04408967917866477 0.04140135616032637 
3 0.6585904415418088 0.5413341103995374 0.025090407054633345 0.028823891868128726 
3 0.7172346861989732 0.5436530533149162 0.037949854186001206 0.042699209035793176 
3 0.6006336344373888 0.540695060333964 0.027825532769704325 0.03643214771873406 
3 0.5214904772721874 0.5870270059445958 0.08533223282576309 0.1179960047477249 
3 0.9506466601890307 0.5643607660623157 0.09870667962193849 0.07427610662050729 
3 0.8847929876976395 0.5694602999452685 0.11738265155181139 0.09117623507157797 
3 0.7896810304481607 0.5472108479927876 0.05662698799674729 0.047715220431532666 
3 0.8953082540564969 0.5567798302515877 0.06760980944514017 0.05543017096675309 
