8 0.4416796935420342 0.5561831061052043 0.02735618532967365 0.03693597398088912 
3 0.6281123021939348 0.538094005553997 0.019603504464661796 0.028060352498742988 
3 0.5934352612408195 0.5349471158288303 0.019199402826155846 0.019738967758397116 
3 0.8038607384526282 0.5627832557312249 0.08140676378978995 0.07277206526284424 
3 0.5574913826056163 0.5351788108485901 0.021559719144228284 0.02825799244448477 
4 0.7712195129706961 0.5273707226115334 0.10170748093102859 0.1034671217121954 
3 0.5064081314271273 0.582449047215381 0.08140365962680647 0.11303222022441092 
3 0.5858293590646827 0.5370031710971713 0.01926291050667693 0.025327929404694235 
3 0.7041277822253952 0.5536812418347029 0.05305021404792228 0.048120781275134666 
2 0.6571044145363112 0.5398005214572138 0.019136367051076065 0.034608935002080635 
