3 0.7500487209939167 0.5893722984997593 0.1799261704670491 0.11171240620896311 
3 0.8446421265124969 0.611442039705614 0.27740564031363363 0.14816261534520214 
3 0.9502874308741429 0.5794784625913492 0.09942513825171431 0.09427831564594985 
3 0.5960241419950828 0.566869846037504 0.11168543170775955 0.06960658719572545 
3 0.9946964769052802 0.5720818748713742 0.010607046189439586 0.053916595104803 
3 0.4742108989581109 0.5118560524115751 0.03953640355849664 0.05407570854477045 
3 0.9363738005802946 0.5622294610720526 0.08784846698103323 0.05603147032721798 
3 0.9112593927236592 0.6771156914368852 0.17748121455268176 0.2707598367525963 
3 0.581653369266159 0.5298133451651038 0.07592709888308172 0.05062023083049433 
5 0.12485660586137347 0.6110665487400337 0.24971321172274694 0.34651869229639476 
3 0.6283411807297493 0.5305969446686517 0.08565387792217088 0.05818114794536661 
3 0.25712483416298704 0.49736495735252667 0.03797160969947776 0.059089887699662745 
3 0.375636810648584 0.542598005078057 0.06068559313529143 0.061666956766314784 
3 0.35380671734616215 0.5064165817529613 0.035734894107093636 0.06406578675195672 
3 0.510757491934638 0.5124886485056446 0.047350468022069096 0.051580943941211786 
3 0.7422446483304468 0.5406436056363805 0.098070279176099 0.06696213174145638 
3 0.4404266301041977 0.5072471325129212 0.045222814102620676 0.058083980003706744 
