8 0.7365170103198532 0.6510954063285035 0.03571240063106458 0.07806647668234391 
8 0.9809181574678791 0.9010512830810871 0.03816368506424169 0.19789743383782568 
1 0.3642486743719241 0.5764490511617326 0.10966521902383843 0.12000184442024237 
8 0.6580711172331226 0.5776736502128461 0.013325546406408933 0.03003930146853918 
8 0.9901138436271637 0.628971975925398 0.019772312745672593 0.056448147841078176 
8 0.9041325018462152 0.6134652924439598 0.02126688052200933 0.04588587817716605 
8 0.672673943705172 0.5901777943639092 0.017045690827346933 0.03896641473321008 
8 0.6801969283486196 0.5989671467904252 0.019265643902154607 0.041579791165030175 
8 0.78693770222349 0.7041544789050115 0.05454153874662709 0.11533960258463113 
3 0.16233191472883118 0.579491553887687 0.32466382945766237 0.608760036926881 
0 0.37351725742144437 0.4810805640735078 0.019911691159203642 0.04002423888412674 
8 0.9409252232442472 0.6150357466206154 0.02622553936236727 0.05750939422395832 
1 0.39550385014378564 0.5809641179885724 0.10293887890860604 0.12313157586115153 
8 0.6637858244657432 0.5830936704337 0.014634946852585814 0.035518299342780384 
