8 0.7248149055047762 0.786682456602546 0.08220652639778195 0.19556095378378105 
8 0.5586974816185222 0.6097479966423094 0.0214615226640948 0.04997638029027497 
8 0.6142586731746421 0.6756166293453907 0.040223993197230426 0.09763099810634066 
1 0.3108946696889513 0.5654646076156249 0.07765747838222567 0.07962928665135287 
8 0.8102981143291013 0.613570709563671 0.021718230047185757 0.0516944021145975 
8 0.8342935066361463 0.6185088570543442 0.027510916721134038 0.056147690792751566 
8 0.7432961205950278 0.5992927208692915 0.017487023925255158 0.03913062259244233 
8 0.7765413641282917 0.6056782523086225 0.02077776083977611 0.048008202910901396 
8 0.7307617733501798 0.5954975798983463 0.015969412946146663 0.039049056126806994 
8 0.6931566696990847 0.5908668579840683 0.013715618197921772 0.03317763696316774 
8 0.5301661817272109 0.578654987931925 0.012993174716695534 0.030805742575982623 
8 0.8652148672932279 0.6181049807546521 0.027381694531171945 0.06315937177287045 
8 0.5335992906495876 0.5856627025410481 0.014237919011459326 0.031946111226990294 
8 0.9324416076512105 0.6429412369028603 0.03541329014047889 0.06691041714195864 
8 0.5731652591667306 0.628754832385294 0.027159853676690843 0.06254436884455535 
3 0.4406206117018084 0.6250295417674318 0.2543517251286811 0.4446367907804587 
8 0.7910628984140808 0.6101858525895945 0.02313814048769828 0.04671068354348538 
8 0.8998049792515088 0.6248427544852333 0.032615650958219645 0.06268915706341292 
0 0.28083398664374903 0.4771527512856979 0.017992826322963076 0.036026980970925514 
8 0.5431156006538008 0.592692432057776 0.016649326997290218 0.039156087368965524 
8 0.7628582503955688 0.6023844444859537 0.020554966691042297 0.045222981993832845 
8 0.9792065132476517 0.654292204996208 0.04135860722053181 0.06997595856168207 
8 0.7135971033682733 0.5909014976620921 0.016395716422086794 0.04088229655576242 
1 0.3297131192085602 0.5609334386661166 0.0719203846066025 0.08329539138592174 
