3 0.7140086751800604 0.5456466398178648 0.041625340853109094 0.04309160452167059 
3 0.944418431169819 0.5727598933053284 0.111163137660362 0.1322914313170937 
3 0.6474778281761622 0.5366923839086318 0.021882837454058474 0.025901766853430926 
3 0.7102585737801019 0.5420675053140084 0.031039457672366665 0.035415735148366705 
3 0.6043357953405935 0.5407191320791935 0.03003421781498773 0.03919770528334633 
3 0.5252225756181675 0.5857017539491102 0.0870617464667896 0.12058158459167038 
3 0.8289327520054482 0.5510489599096814 0.06615972112072555 0.051946441132769854 
3 0.7903368698707314 0.5575749180526348 0.07286229363158199 0.0649171638216362 
3 0.7380582379934156 0.5432848445292328 0.04216966720736125 0.03862953533638795 
3 0.8355922825998069 0.549532334485856 0.049501233892247004 0.04414736031273479 
