3 0.9845031550551222 0.5835348144817741 0.03099368988975556 0.10908945410663685 
0 0.016647042208624032 0.5962265978107609 0.033294084417248064 0.31419342899379143 
2 0.39696474936303844 0.6194960811838564 0.04505614514160761 0.10756340029303538 
2 0.11096735599448909 0.6556277338325882 0.11644441350506987 0.1658640531880173 
2 0.5799131658464117 0.6029023071660031 0.023334390637156945 0.07789914484618028 
2 0.2655176462292193 0.6016648777951847 0.077326902339873 0.13111202432486785 
3 0.773744426231353 0.6133331569034931 0.09532167137152925 0.11593869395401049 
0 0.40996848683053927 0.5973867451916258 0.057471025230781195 0.17774357229248633 
2 0.34976220699943045 0.6093667331063779 0.05948970104575061 0.1235420499510487 
0 0.0013936965095495333 0.5571075656023926 0.0027873930190990665 0.2666985567082826 
3 0.9446400894849964 0.6061005699435069 0.11071982103000721 0.11032567364681939 
2 0.16588743283893784 0.6317907379835146 0.09502358441054351 0.17318904663253168 
3 0.8554856567376418 0.6023612560334575 0.10661883474152603 0.1179787800937451 
2 0.36180876451857386 0.5945654305150865 0.047787492668319234 0.09945415312892748 
2 0.23108873855758424 0.5914887786177777 0.09556766316793454 0.16318343049643266 
