0 0.42544783290529525 0.5761302583327708 0.03223630789953198 0.137543176048797 
0 0.2732485793388993 0.5772820108066122 0.04494796995456173 0.1545649454367329 
2 0.5864200298020724 0.6137064897518841 0.028321436543037707 0.06952013537505271 
2 0.7204875116470006 0.5991826564783461 0.01765854705883953 0.05696641536361906 
0 0.16772652284906933 0.5958541181341009 0.056214597016483764 0.14063037937392683 
2 0.5012099034501167 0.5910400113624966 0.04327290630161634 0.08259702984755841 
0 0.3082749964181785 0.5755921366533164 0.03761283472882017 0.14067270893941422 
3 0.8689989849985886 0.6107026257506817 0.0646306485395408 0.08497317267449286 
0 0.08703074318559391 0.5692568101363688 0.05813589574585177 0.19573131652654455 
0 0.6848997724287724 0.5891120722406309 0.034700523077001576 0.10530721229571403 
0 0.25202927878366643 0.5592173497886456 0.06512378261161426 0.19613338035792202 
0 0.1352068513530517 0.6041787480232897 0.059478467817976846 0.14655411627424061 
0 0.16619410426133382 0.566696843069146 0.0526621707170168 0.18268606823227876 
2 0.556192185789189 0.6084290959283419 0.03444189919312869 0.0791370735239292 
0 0.23142440914148407 0.5688115453761368 0.0514156059380246 0.18747368382651505 
0 0.32413676999478597 0.5653661106855316 0.03547583997315393 0.13407069534258648 
0 0.41134153333477236 0.5533082765693674 0.03529179275527184 0.13366703553504977 
0 0.26604622048705934 0.5688152075243083 0.04886114390704293 0.16789823007822904 
0 0.34656468780793714 0.5625545372388417 0.04209257739307908 0.14932180163895167 
3 0.9865581238271189 0.6137518242835448 0.026883752345762277 0.0825408192808287 
0 0.29816870447521376 0.570103238816511 0.046827379894181044 0.1625222388611488 
2 0.46707288784715156 0.5955175128693526 0.040790243708589316 0.09180459019141034 
3 0.93979107620752 0.6045711473935181 0.06906635263675981 0.08858338882877041 
2 0.5600145689829993 0.5937220105688619 0.029610391777993215 0.06678814778947798 
2 0.5043036229830308 0.5758297939727897 0.04221353815573451 0.08758456569723717 
