3 0.9755597836631924 0.6166268013026612 0.04888043267361525 0.1052520648202232 
0 0.23506015533377217 0.5972182752300508 0.048461710761543916 0.19251856897520353 
3 0.9982064735267651 0.6501197410062762 0.003587052946469811 0.12900310295748618 
0 0.012544620725746063 0.5995042938380846 0.025089241451492127 0.22895929858682898 
2 0.46320942494687417 0.6292257061957265 0.03391748606419391 0.08368837986915752 
2 0.2685270600622136 0.6542629979337721 0.06840926449193667 0.11552674471937532 
2 0.6125267296591557 0.6162823417910674 0.019377450440552408 0.06480075489002476 
2 0.3606000317390354 0.6097587189432107 0.05480196844462263 0.10118567359643268 
0 0.05942722827080178 0.5711596890896883 0.061979329211362934 0.20263837838228793 
3 0.7747849287286155 0.6227476659510681 0.07355384174907073 0.09500577872685022 
0 0.5282739908683439 0.604314460789598 0.04173027724908003 0.1291077169291252 
2 0.42725904114043217 0.6219961224897602 0.04332154677169406 0.09572493439104417 
0 0.10716497527633469 0.5834159243448325 0.05606266026444209 0.18965024977522135 
0 0.21049061529570068 0.5660133129360437 0.05211682658716793 0.18331487319625914 
0 0.10599799261436257 0.5878612653988594 0.0678511541763912 0.21866601469893132 
3 0.9298183528707853 0.6279125653210654 0.09637275843991987 0.09368298719167481 
0 0.026972433846747263 0.5970625460480209 0.053944867693494526 0.2509430998712918 
2 0.30527881774632987 0.6307061581948488 0.05739390158076116 0.12106480119096116 
3 0.8464507661903946 0.6169099294628275 0.08010921108759575 0.09798557903575866 
2 0.43275328991185164 0.610759346701037 0.03582637344489257 0.07966340612196013 
2 0.35529257034356276 0.5940354718256919 0.05793986971694757 0.11335414879382893 
