5 0.9390541004987419 0.5299276769105765 0.12189179900251616 0.2733970376541941 
8 0.4299030704573008 0.6090139975301061 0.029277725420393422 0.07153587612823482 
8 0.3900312233170062 0.5907716539839417 0.021248679861914893 0.05072516745369165 
1 0.17936706951463355 0.5268330526551377 0.05835147848508994 0.057803022147749565 
8 0.5342227598550695 0.5656964967473601 0.013260156394549511 0.03424571173211177 
8 0.7737771088450167 0.6227528777357765 0.030774504293545987 0.059929764090556115 
8 0.5434372914235641 0.5701358016808882 0.016118338737114327 0.036184817468775415 
8 0.498834129315739 0.5593947195826349 0.011950837450832027 0.028078687473902415 
8 0.5899121950069993 0.7390387365001945 0.07092503892700883 0.1505867350464046 
8 0.5168246607825508 0.5631618060049284 0.013397744430230247 0.033091647147176356 
8 0.4913304812467947 0.5578671542617392 0.011065596002034113 0.0283239438927086 
8 0.6367200286597883 0.5875626361506985 0.023719127144332858 0.044633484000127184 
8 0.33702397633931597 0.5557441830203996 0.010873214017040169 0.02484385210064488 
8 0.5579850036483068 0.5675117576448414 0.015349675664147569 0.039469966833303956 
8 0.6911350073562257 0.5979700112590407 0.025552495599952464 0.05425112866958885 
8 0.9321239193391125 0.6550249463314415 0.04234460329026561 0.08200851524078188 
8 0.3422829589123059 0.560168034495257 0.011627967411976385 0.025110964165965456 
8 0.586487723269722 0.5770447821789214 0.018017449143871503 0.03895913600474261 
8 0.37035542500741614 0.5535285090821708 0.01767014501223599 0.03916886718657338 
3 0.3411465920474612 0.615955611752146 0.24345392728557363 0.4307589426583395 
8 0.4766296851831303 0.64641816446932 0.041104704064869255 0.09563933501239705 
8 0.5249975197901058 0.5650734012118681 0.014575506205654279 0.031609989301020075 
8 0.5727750709129985 0.5743083981534142 0.017393804922367834 0.03788683526062812 
8 0.34790964191196755 0.564541902785594 0.012884959873084939 0.029270769094306703 
8 0.5094038809706535 0.5617669937474226 0.013556635454172792 0.03166996847162504 
8 0.6053373638285203 0.5821273881211223 0.019674473943155493 0.03892575909042256 
1 0.19171699427180325 0.5293398039158149 0.05484756050419748 0.06081819061360799 
