3 0.899344010030203 0.6559807092115131 0.2013119799395939 0.2677139574708962 
3 0.6181440025814119 0.587133875030436 0.17174202441223912 0.11245016242303778 
3 0.442016651769425 0.5024984050657225 0.05146293291801016 0.07430008321529745 
3 0.7808992486434144 0.5549714580481977 0.07264383499500837 0.05067472108673617 
3 0.5859859095285296 0.5264131639815013 0.10105707525416996 0.06872019103890852 
3 0.6510047472302324 0.5312801933253052 0.11590094560489583 0.07945221907882058 
3 0.13161253089140793 0.48569280729679215 0.07158024936363601 0.08470262083782144 
3 0.2866014964534167 0.5480351017886296 0.10495607783672468 0.0942659413658704 
3 0.2653647659446311 0.4945582445768706 0.059981058537265604 0.08966185498290523 
3 0.4897905830566037 0.5074610587077372 0.0627880027195259 0.07009650299184197 
3 0.8238745691792222 0.5431166134524936 0.13892709056544703 0.09853461243693055 
3 0.38796694515713626 0.5055544893710441 0.0586454227050276 0.08084935984055101 
