8 0.2507779807057998 0.6435639796111362 0.13733757761789583 0.14268573398890377 
3 0.5870109245115215 0.5448127953554677 0.021015174303710964 0.027213205257192057 
3 0.768045905008935 0.5683713706449768 0.057681233718573144 0.06407671369232965 
3 0.6521783764804565 0.560302553182462 0.03573064127841548 0.034002549683331974 
8 0.11641625731776689 0.627910208635734 0.1472329691696715 0.13524454796808577 
3 0.5302515519342298 0.5408401163539075 0.02096540786774952 0.025823160783919104 
4 0.9502505802030058 0.5457090243252603 0.09949883959398861 0.17781522848804754 
3 0.48682747858164205 0.5890830704295377 0.08115775041934561 0.11319078551221334 
3 0.6433204419545062 0.5540995846159232 0.03152528237910701 0.045658514787996485 
3 0.5903298221746464 0.5478108176830541 0.027424624786469353 0.03837726120490869 
2 0.9725350610792575 0.6108559492386774 0.05492987784148511 0.1080752995699125 
