0 0.9900888818215144 0.5753207384568156 0.019822236356971248 0.07058915790567975 
1 0.9799162976680518 0.5623748658625045 0.040167404663896636 0.07127684352278271 
0 0.44853609133154393 0.533226453047494 0.016079107243828973 0.05739664488113811 
5 0.13310575596474608 0.49151687232008623 0.10306434271519718 0.08306752023357654 
0 0.5219539263918338 0.5358882880539396 0.016556970234403393 0.056477161036409027 
2 0.10966145626463376 0.5242921082321856 0.04410937817695855 0.05528341118781548 
8 0.43405255853585756 0.5414643608497571 0.03391130050842499 0.033839895884237685 
8 0.7822363501626475 0.5585484731004039 0.030825019742365213 0.02743689032269161 
8 0.9992909055635353 0.5480726486084204 0.00141818887292942 0.028021684251663084 
0 0.49534116704391323 0.5532871008357149 0.01694024371123007 0.06515142501186176 
3 0.8669296255643826 0.5963547393156535 0.148005067855231 0.15784985547925412 
0 0.9898838665196263 0.5717660196649647 0.020232266960747296 0.07073919183714793 
8 0.9790152271362667 0.5647746461141664 0.03793425783268219 0.031536173856198765 
3 0.42771822481120403 0.5270240522782307 0.08045523099761852 0.06223028296739364 
0 0.5175145542661851 0.5405680878268291 0.018266671334492984 0.06330989995513632 
8 0.9893500533008163 0.610889327552572 0.021299893398367402 0.08308235237189188 
8 0.9105916780724381 0.5619751093968346 0.034377654163700984 0.029420540838855612 
0 0.2717577562108919 0.5373825683323623 0.022086473876883447 0.07377909508759097 
0 0.3695202201895815 0.5237088395484547 0.016442591057189874 0.05054543650131103 
8 0.9680403070194277 0.6060796069457854 0.06391938596114471 0.07934011445722483 
0 0.45207227187832116 0.5380511660400764 0.017383604328861397 0.06453408398339017 
8 0.40147714647097554 0.5360787914680816 0.035710968267248976 0.03581864838791818 
8 0.8781777892642311 0.5630583975794311 0.03652920067994643 0.03167528762668332 
8 0.36487645667945856 0.5357052080213952 0.03845728752145369 0.03511460006105873 
8 0.9337931501152958 0.5980625780657945 0.061403850666630434 0.06822679795895138 
8 0.48040673815666163 0.5404523504327265 0.02124456746018524 0.03224853250232349 
0 0.5453373343727289 0.5375019484685488 0.015428592626545666 0.06148320783385284 
8 0.27192522870998737 0.5402286495100947 0.03890923090738244 0.03615788011114818 
7 0.3361689026777026 0.506631833924985 0.08591696599468134 0.0967495172327252 
0 0.548321203900377 0.5424678448165248 0.01623472733309228 0.06797538106471286 
0 0.5361643323098939 0.5358300177484464 0.013948033466794385 0.05635397334325818 
0 0.5846687973989911 0.5533061314374181 0.023012728890017087 0.07214223853178674 
5 0.7574339095140792 0.5484389774974273 0.050123427327418 0.09660418540105689 
0 0.5320893096701623 0.5385297046333924 0.016117317110155155 0.0690948996529166 
0 0.771486935782264 0.5413892368486376 0.017691280034658804 0.04366964245547403 
3 0.4542322663815641 0.5633411412230321 0.07715701483311825 0.1154543779049505 
3 0.625652847516388 0.5412712617195129 0.023579142854786073 0.035093762775147246 
8 0.4121739281315858 0.5476577971886312 0.039591407642914335 0.03588038843898769 
5 0.2815027407729133 0.49372415144656945 0.15156892686097295 0.09652514407519137 
8 0.7580682056898246 0.5545047254533249 0.02213890644645673 0.026319604766843932 
3 0.40374615100806027 0.5268038980592156 0.06526233042593312 0.0445520979199175 
3 0.28251602674698406 0.5199912614629645 0.07698320054036334 0.042459676579071334 
0 0.5133189571114264 0.5320003275097462 0.012310504019633229 0.05174253391333505 
8 0.3415871466902632 0.5439621945587861 0.03913046190629387 0.03656046107408845 
8 0.5020191041259726 0.5497515882462553 0.009117137895892427 0.02518384204286431 
8 0.30587835942731484 0.5419965669747766 0.03881154686848067 0.0355657817640219 
8 0.3779882391772717 0.5471882084183335 0.040698877314604545 0.03721538808561623 
3 0.9995989793093537 0.5605066648526604 0.000802041381292753 0.04291969430665915 
8 0.4499203755794314 0.5504398555681072 0.03943605635323756 0.0399040217181964 
