3 0.9883591052865888 0.5797164000345261 0.02328178942682257 0.11390069985680637 
2 0.3490534367921856 0.635958071766471 0.05501011234861636 0.12571237307973787 
2 0.030026962789128912 0.6745492546824188 0.060053925578257825 0.18550837122439878 
2 0.5584789797656948 0.6111299222091803 0.02632336134503305 0.08657053003054399 
2 0.19588382037424457 0.6173586487820756 0.09747279930218283 0.15407191015429192 
3 0.7729812997047679 0.6172189490422405 0.11023209761573824 0.1281927185621502 
0 0.32365703294458753 0.6136282642356468 0.07380415209432226 0.2233528667958081 
2 0.2924288906367545 0.6242549169666702 0.07329154061914757 0.14503538562795193 
3 0.946156696648556 0.6083752834903743 0.10768660670288824 0.12053220440729079 
2 0.07332971256095597 0.663413308797887 0.12643343543595723 0.2124125301152798 
3 0.8639235363368889 0.6066302014879439 0.12314468174566401 0.13026953804030225 
2 0.31217180876258255 0.6058417365372947 0.05795014438299649 0.11397792246942301 
2 0.12379281753968294 0.6199997481875864 0.1377248457693032 0.2101672068194228 
