0 0.9171138486847799 0.564467534906905 0.02828651072609986 0.10593015363922184 
0 0.799114503790488 0.5669692140733368 0.03204983983203093 0.10661394363475438 
0 0.7384295491308722 0.5712265124590338 0.03382447033356925 0.08704727530866288 
2 0.9880666472985796 0.5797388517532494 0.023866705402840863 0.07451365434380856 
0 0.6901658785715992 0.5614065542969133 0.03232832057184837 0.11652412786980777 
0 0.15072998376380317 0.598232502985874 0.06703529211850338 0.14906784446639196 
0 0.7914260151237826 0.5572333017427858 0.04315778506673425 0.12666524178697539 
0 0.7212943627153299 0.5789101002421851 0.03402830662628304 0.08827760913352228 
0 0.7338443423789672 0.5540310521257585 0.03237882244431035 0.11524740748324196 
0 0.7755481583109916 0.5612360805568585 0.033836633276346506 0.12179551075551748 
0 0.8484765172808616 0.5560026611888305 0.028281014265226362 0.10099608801323907 
0 0.9123607509253202 0.5484944980946973 0.030907111144792197 0.10399830563116275 
0 0.7959467622728531 0.5620010848400934 0.0337617135313748 0.11241307442155257 
0 0.8534359168855653 0.5576163763822797 0.0329419294694884 0.10785438412504214 
0 0.5553506634959127 0.5967092941213249 0.060423501603317366 0.17549512721360278 
0 0.8205968833031381 0.55663699577218 0.033873841026779136 0.11181569567794125 
2 0.9661942923037503 0.5688906487627542 0.04081715943751633 0.07610374727337438 
0 0.5564308932303901 0.5932705437678144 0.04992847570357597 0.16805706072572382 
2 0.9878995179246778 0.5648206633391416 0.024200964150644353 0.07483134482558752 
