8 0.02040476463703156 0.7680442038237283 0.04080952927406312 0.28973185016293274 
3 0.5762152584778961 0.5387136673468348 0.01744713134574887 0.024977700841119232 
3 0.603980685524989 0.5423580551877498 0.024788143119002442 0.031472439343854276 
3 0.8902181152148981 0.5814013914019955 0.10292962373398055 0.0944528223496274 
3 0.6931739769931653 0.5609634287041989 0.04605515302368602 0.041682877368579625 
3 0.5317967029345436 0.5323199575966608 0.020779160312047722 0.025254587059934896 
4 0.9960221004372762 0.537717974347936 0.007955799125447527 0.18279776608232087 
3 0.48934484289351227 0.583767142355134 0.08206054648682481 0.1145660113059227 
3 0.6852218361964456 0.55596655967554 0.054716683996549026 0.05796004772999285 
3 0.6208164277179102 0.5466200225171408 0.03520985018327643 0.047022884247054246 
