0 0.44645258175656893 0.5348329436378937 0.022763341673219133 0.08369372627759812 
5 0.05971301942606963 0.4852497731343042 0.11942603885213926 0.10559077495266264 
0 0.5691581186436507 0.5365962686815466 0.018902624046436573 0.07586159751546448 
8 0.43194026963690746 0.5466270973422751 0.046233786594504236 0.04587464153851392 
8 0.8950498933292881 0.561959008410802 0.04313773050603615 0.03582884384375948 
0 0.5773832265466189 0.5695029361514174 0.02899891222428913 0.10720963521790017 
3 0.9592747294967566 0.5861361572124159 0.08145054100648694 0.17251006193151436 
3 0.425949814560872 0.5251692009059861 0.1089615705946428 0.08340887327074414 
0 0.5586621662107265 0.5379641767085444 0.024697643254974297 0.08792228648086861 
0 0.5532836620214391 0.5346873783951795 0.0172053915010855 0.07320545179802473 
0 0.14180988936079678 0.5463718526106133 0.04178053431598631 0.12366916824995056 
8 0.4707666549623541 0.5479870860733138 0.03876822465309182 0.04849210972435805 
0 0.341925607116535 0.5211388541784888 0.0232416191807971 0.06971026776753515 
7 0.8823444961759032 0.5372656909856892 0.06850635132504379 0.056834222360403086 
0 0.4482915994225178 0.5419300109390153 0.027478581562980223 0.10014581644414654 
8 0.38949797428637356 0.541532811066117 0.04855018503758537 0.048409121876189516 
8 0.33963650798252715 0.5351652978592636 0.052525256566878405 0.047301968344235786 
5 0.8046820285093879 0.5367080307204919 0.05261192865807445 0.06945851545903502 
8 0.496123553252273 0.5473687572398489 0.029061854913455178 0.04493946331275999 
4 0.7790468501679146 0.5279914009185918 0.07009052083967632 0.07699315643237538 
0 0.5914268011693682 0.5331418500838552 0.019628684982245233 0.08504177386185492 
8 0.1963226244286001 0.5494748870412356 0.05598552502332087 0.05153501369224046 
7 0.28876625874411976 0.5026767514483204 0.12689844929945057 0.13867540609582413 
0 0.5956591327014499 0.5433568902521481 0.022369226452526335 0.09544276480302288 
0 0.5811189129513643 0.5355786742173542 0.01725562973853961 0.07527220982462786 
0 0.6627070321091738 0.565297359047277 0.040283906185220535 0.12060024032564702 
5 0.9690666519007971 0.552126091078256 0.06186669619840572 0.10994836438985292 
0 0.5754900339422131 0.536538729641146 0.02330947215303155 0.0960508391279405 
0 0.8789727300777307 0.545482621784483 0.02466706294980739 0.05700990786732386 
8 0.5006544160428044 0.5619722477983725 0.014304373729612864 0.03535359895668244 
3 0.3484353160054611 0.5668473048063457 0.12790820573408312 0.15974309462826075 
3 0.6689517310676242 0.5381731033289291 0.024592320763820227 0.03365280384175966 
8 0.3949169090295729 0.5585307914546976 0.057896586097355256 0.05216379197632357 
5 0.23895010204814665 0.48856504441118187 0.19787920701486633 0.12430577545156073 
8 0.8604425913253709 0.5602892366858216 0.03239779007530061 0.03436882934017755 
3 0.3967226085844228 0.5265082404200687 0.08643393051049798 0.058190496445384446 
3 0.23400728558531572 0.521088512680754 0.10346635456752915 0.05582573762647169 
0 0.541195379988329 0.5332808912233148 0.01786330919476306 0.07581794527864663 
8 0.29224128670467847 0.5516215514145281 0.05695262257201751 0.05260519465274355 
8 0.5259712320988065 0.5606184168788654 0.012953780180899415 0.03609716670155958 
0 0.4644773122874621 0.5317467695945057 0.017268814118166914 0.07796963376550177 
8 0.8404971048151063 0.5576383884225842 0.019976407938217734 0.03300109484584627 
8 0.9340737254376 0.5600562616134167 0.045376593007954824 0.04236809960166239 
8 0.5362450309374084 0.5580301153326948 0.013267813472081115 0.03202392343054429 
8 0.24425363589060858 0.5492973632114783 0.056167654309629535 0.05091077638833004 
8 0.34415831303829975 0.5555159499087502 0.05953451594832213 0.0537632376016922 
8 0.4501323154392785 0.5581810572135891 0.0571825545618789 0.05777134492045838 
8 0.12227859802221094 0.5353252640124623 0.011192645954868147 0.024925251622432004 
