3 0.7321651093789524 0.5785958940812038 0.1573963643176971 0.09875831803876457 
3 0.807194768199046 0.6001280371075732 0.2334360837796362 0.12642469823619523 
3 0.9350784833752248 0.5781780303768377 0.12984303324955052 0.0846917021755052 
3 0.5998796172970601 0.5584218891797387 0.10333357391993624 0.06383307754853787 
3 0.9842053640349485 0.566152856304472 0.031589271930103135 0.051704253955499234 
3 0.4859445380093193 0.5074245361757441 0.03746578320862412 0.05091044412106726 
3 0.8823560999674499 0.6386382888331248 0.23528780006510047 0.2037223698020662 
3 0.9805433563353984 0.5816707242925319 0.038913287329203426 0.10992600063671679 
3 0.5873171245071714 0.5251179382001395 0.07186046011965154 0.04778318554921485 
5 0.15636887972933147 0.5864571180554832 0.31273775945866295 0.26453377855403054 
3 0.6311304816392916 0.5267103043868157 0.08090524025659875 0.05479097108785191 
3 0.2831659855027852 0.4934225059356095 0.0342471021355091 0.0551475521244766 
3 0.39561789910048545 0.5359159926320516 0.054870517420978544 0.0573808219897226 
3 0.3735951745916038 0.5035373510350656 0.03331409407609996 0.05995195696667976 
3 0.5208706926047235 0.509039985885895 0.04477580672345539 0.048501731418557105 
3 0.7360974148061439 0.5370188072001739 0.09206221291303507 0.06256648671468264 
3 0.4544193384914328 0.5060737557651713 0.04277828850115427 0.05413867855900744 
