3 0.7057533930127436 0.5591430103023701 0.035858308108787325 0.03817993337079334 
8 0.2567155891102531 0.5489372180963883 0.04633989518708482 0.04862053329818966 
3 0.6257574067244049 0.5501572963842299 0.020228699116484918 0.024263398850690312 
3 0.6767089135609752 0.553290261392057 0.039419736451539934 0.04882790071622714 
3 0.8047931602449836 0.575844192054433 0.09427897624834017 0.08928912109206168 
3 0.6441683183048236 0.551716015628273 0.026359604535880623 0.030066819632784687 
8 0.250618014051171 0.553627957911947 0.024866776010439084 0.051793079498654165 
3 0.534432841869918 0.5435287494452491 0.02032684381804174 0.023108817198538405 
3 0.8616322254102785 0.5772097186505415 0.08236682204678658 0.0673042595023896 
3 0.4950912698066145 0.5790881346652189 0.08817064293685896 0.11777462496759022 
8 0.26001048061634974 0.5492800310145787 0.022545935919194484 0.048016398023398334 
8 0.23226969194298844 0.550529138933126 0.0503248498548502 0.06159898274584735 
3 0.9821464750627584 0.5944039597495762 0.03570704987448337 0.15875919046361542 
