5 0.5510843018095328 0.513156780779675 0.17602925735457534 0.18183284662041135 
8 0.14447424855668786 0.5765709681297576 0.024158431938430418 0.05122886736010533 
8 0.09412126709996432 0.5709067429488823 0.01979672878306216 0.04027545092549354 
8 0.20997447778130188 0.5449802034551903 0.011960958181670912 0.029110428319095074 
8 0.3948069183824919 0.57824322677183 0.01913258669670974 0.038863565884089186 
8 0.2211618081709068 0.5450586531427878 0.014317464609423531 0.03019593086477692 
8 0.26859174984746714 0.6181681583393756 0.03614691282804827 0.07113065109514574 
8 0.19330511684418747 0.5669677803870927 0.0124783969193847 0.028747127672993304 
8 0.42913499016106815 0.6629597147266907 0.05313388431973557 0.10934061910270783 
8 0.30117478100076306 0.5654705741873781 0.018163314401575086 0.03339042049411552 
8 0.0015733935718372095 0.5414321604384771 0.003146787143674419 0.023952558106934134 
8 0.6368227125794279 0.7058966513499045 0.18825262294451087 0.2338838208857054 
8 0.23415025967776293 0.54459025368517 0.013243495836534792 0.03249350634233521 
8 0.34154055286021234 0.5707540154222203 0.01806288684667379 0.03868705868051532 
8 0.4737174955824463 0.5846174705378325 0.0210767301693614 0.04580269881071887 
8 0.25982156750608837 0.5552723106766764 0.01492298199960473 0.030956841940676126 
7 0.8679548892939652 0.5049691475754676 0.2640902214120696 0.7584411344078972 
3 0.2078424779181365 0.5966932527142808 0.21758084899452143 0.3238304512217855 
5 0.8254878305906616 0.5045762192596224 0.3490243388186768 0.32281479316140954 
3 0.8396509631720881 0.5941004216509285 0.26454886146198886 0.15750827195974454 
8 0.19246141455700738 0.5889012182358228 0.028960944746787867 0.05985314181789256 
8 0.9524495299531367 0.7852790457494288 0.09510094009372651 0.3129993803277969 
8 0.8213439427739303 0.7640670935413231 0.27110497611369055 0.30382753087747766 
8 0.20203547886404638 0.5449280453123165 0.013439577035997274 0.02708951966581727 
8 0.7567571257718936 0.6224953474451306 0.03139314823221426 0.06845712233634332 
8 0.24712387242214753 0.5545218058510805 0.014726798307602174 0.030578259684076303 
8 0.5941684928538667 0.6031781993967423 0.02080533200931008 0.05277710339386001 
8 0.18538439969581907 0.5436758970066671 0.012819999601102944 0.027739820820909245 
