3 0.8092378015513635 0.5586151441057856 0.07523082618995332 0.0674820438228427 
3 0.7000409571849514 0.5441966182067579 0.0351926454627376 0.032410145466935145 
3 0.86960428305785 0.5572005847706472 0.05909816936914908 0.05203519681746046 
3 0.672201734307737 0.542379955692953 0.029145321001539912 0.03292653023911644 
3 0.7382161575654419 0.5489223666491478 0.04756562746284345 0.05202902631193133 
3 0.5967665312669944 0.5389881834451528 0.02669101937227751 0.03553246250876258 
3 0.5206308214851394 0.5808511387028635 0.08526949376855676 0.11829906152682282 
3 0.980532187059657 0.5834821328485966 0.03893562588068619 0.12005656484984753 
3 0.8766065619204244 0.5587001452249492 0.08456735182454395 0.0649833401510305 
3 0.969092364960888 0.5696645303434649 0.061815270078224245 0.07291721635583151 
