3 0.9539665264297377 0.5560676141018338 0.08978536914742477 0.04644608597259169 
3 0.6636547573013383 0.5590031181135136 0.09750670496586401 0.06182181636586228 
3 0.6874664328314423 0.5798795402967538 0.1297534916543311 0.07196837081907403 
3 0.8060673936702913 0.5614674806901636 0.10229466851220423 0.05488115607031217 
3 0.583520989840414 0.5529600633067662 0.07567843003924501 0.045833880821649395 
3 0.892954165707619 0.5539682293864607 0.06825942953642311 0.03862074237860554 
3 0.8710178019314612 0.5723900525464212 0.1255295435409188 0.07706020558679831 
3 0.4982869230533038 0.5121874325354527 0.02988922192017121 0.03949900982922113 
3 0.9835638104064549 0.5618395524336065 0.03287237918709039 0.060796238228564774 
3 0.03906784091570891 0.6905071712811895 0.07813568183141782 0.32752934767576036 
3 0.906152679936875 0.6764451381671484 0.1876946401262501 0.27333603515624 
3 0.721204093335653 0.5832681299698579 0.1549433608977428 0.09064392933254713 
3 0.574542180227951 0.5261704559293253 0.05688444677736044 0.03719996187956768 
5 0.34074145508981707 0.5580057478224315 0.17322835359822225 0.12501660162747089 
3 0.9062159694369422 0.581926289404732 0.14479108557870546 0.07524533949817643 
3 0.6080948396646142 0.52786049933806 0.0632694761949206 0.042225098197600786 
3 0.8747450945258465 0.6445347956213441 0.25050981094830704 0.22552093982596425 
3 0.13917746381158738 0.6131163779724138 0.27835492762317476 0.20309850660350295 
3 0.4315614979352766 0.5323268366454561 0.03690951496752263 0.042817894373589335 
3 0.41336074346711144 0.5043409874602865 0.02755207123757771 0.046483273501566995 
3 0.18924397588231326 0.6223377955689491 0.2905055215541372 0.140424392183287 
3 0.7950690424961714 0.5984816264070066 0.2069598660079808 0.1316223465437831 
3 0.6823640905086247 0.5371153078060564 0.07014375587599034 0.046686255539542885 
3 0.8762940705517338 0.623067406872776 0.2474118588965324 0.17508129073649356 
