3 0.9852155698355912 0.5601985023414418 0.02956886032881741 0.12402369745202445 
2 0.27198484406742823 0.63615421183813 0.0717023653241549 0.15171001545387583 
2 0.5210751772391653 0.6010421931882184 0.029722396438551898 0.09764835598110835 
2 0.08538064895965734 0.6164942729571423 0.132960271108937 0.18796995254315876 
3 0.7600553437906824 0.6030609241017024 0.1281255591403712 0.14371569610029641 
0 0.1734672360172217 0.6179704617137661 0.10509546727971612 0.3046878947580345 
2 0.20145724230095213 0.6195252008993055 0.09797535625370647 0.17593062234647724 
3 0.940939315508518 0.5931852433311265 0.11812136898296416 0.13288922552339683 
3 0.8611830710282817 0.5932876476164947 0.14281030038721595 0.1453041302375927 
2 0.2348142725200899 0.5987256589829811 0.0743804016908112 0.13413286267881694 
2 0.020785342101002757 0.6178115206559892 0.04157068420200551 0.24242190811712375 
