3 0.05492899090689504 0.5781296035903581 0.10985798181379008 0.22517693432592567 
0 0.4956200503747352 0.6017319630712914 0.031960636890934924 0.13069540450300418 
0 0.820597189111788 0.5784862361885265 0.036484675077736596 0.11961724854844476 
0 0.611174348580989 0.5088667461777364 0.025490386126011018 0.09307225650369687 
3 0.06697979466211423 0.6961104374649956 0.13395958932422847 0.46555028030080814 
0 0.4722705517452883 0.5952125733210427 0.03207301952708228 0.13669813362138333 
0 0.2861830551234915 0.559309520734578 0.042826036236017904 0.10548043861501154 
0 0.768839175283142 0.5035207310724955 0.033846863859003234 0.0915547610827078 
3 0.4548315276889062 0.5508300669467873 0.14651968162798035 0.0864971917216593 
0 0.8902994453580868 0.608117711655955 0.04951208747558369 0.14132490289780744 
3 0.10317518900264584 0.581923690076776 0.20635037800529168 0.12901759377988506 
3 0.17368580445608497 0.5311142248815409 0.26188585792739016 0.22389314301477423 
0 0.5129994216170293 0.6381673685485153 0.09769979269209365 0.24697511992203425 
0 0.536089081408888 0.6035531188166002 0.029271519798657764 0.12270755376030536 
0 0.9573322504454097 0.541769851572078 0.026621323135638874 0.09013925971179718 
1 0.729882085768148 0.5869820222290301 0.06898273636097585 0.07319903627341773 
