3 0.9933216549959997 0.5645262473304431 0.013356690008000811 0.05443417829935514 
3 0.6957676772032799 0.5680475867930154 0.1252589937849627 0.07874476269568062 
3 0.7458541905597375 0.5886166383507797 0.17587475092447008 0.09574178016188215 
3 0.8806436404510553 0.5729323829009598 0.13218104735087408 0.0690015560421279 
3 0.5945577404429028 0.5557957434025024 0.08970037284481236 0.054842937097293806 
3 0.9594444779673166 0.558856479111001 0.08009973338521618 0.04544026173449488 
3 0.950275179121074 0.5939739725085251 0.09944964175785202 0.10262921442782638 
3 0.494283391740037 0.5104579923799719 0.03373250118165764 0.04532548369503963 
3 0.812814207215129 0.6037572589198016 0.23616502469663828 0.1344802463471821 
3 0.9372490949492251 0.572059929267941 0.12550181010154987 0.08720640878636636 
3 0.5849719598090657 0.5246033046265447 0.06475035315889166 0.04271725989049186 
5 0.2566173669431001 0.5709076824366671 0.25273029022534493 0.17970261084522532 
3 0.9725963578877392 0.5886891310826478 0.05480728422452174 0.10313115835316417 
3 0.6238709805980878 0.5271421956237423 0.07252520590752802 0.04862575171386532 
3 0.4155514108991028 0.5358570067708639 0.04643460899441571 0.04993974049057935 
3 0.3960943547877749 0.5058767739580067 0.030089813725488242 0.053218515127792264 
3 0.5260486013700857 0.5114116917626077 0.04016785812909298 0.043307923176223284 
3 0.07868724009031333 0.7196072405034611 0.15737448018062666 0.30918954287006595 
3 0.902947001506786 0.6453126419384563 0.19410599698642814 0.23707177808053137 
3 0.7138542787569284 0.5365814065891978 0.08164872028365366 0.054698401544342676 
