3 0.8688477479314173 0.620612944976775 0.2623045041371653 0.1980650643730023 
3 0.9455315598772174 0.6822750054892848 0.10893688024556525 0.3504563728144994 
3 0.6080219048708073 0.5742903097172231 0.1514666791934617 0.09756221484245714 
3 0.4491416850234392 0.4997238769625365 0.04784774685784953 0.06814731871136738 
3 0.9878832143004719 0.563673943052418 0.02423357139905619 0.06983110336706969 
3 0.582493542693689 0.5234790951379876 0.09334323484383263 0.06298261467359857 
3 0.6417410559008898 0.5270325625671344 0.10650257923039724 0.07266206439384948 
3 0.1658298767117836 0.4870869870770453 0.05966146522656704 0.07632480665923708 
3 0.3140564042976598 0.5408498707041753 0.08920787867267968 0.08306844170679098 
3 0.2876391691046349 0.49658084427009863 0.05226716175950148 0.0813796505102148 
3 0.49307448384944386 0.5005354465485008 0.05801534961059716 0.06485815955503811 
3 0.7959047127958241 0.5336790111207298 0.12555055841247295 0.08768158762343098 
3 0.40210510993330345 0.5014823652473059 0.05466882511197326 0.0737184501875456 
