8 0.5866836976107266 0.6641617540932184 0.0432755854279079 0.10674697330652243 
8 0.5349537373451426 0.6256353493165031 0.027589530662091945 0.06725152579219222 
1 0.297262451044021 0.5437927128312657 0.06429581495763528 0.0662879454362797 
8 0.7071052154622057 0.590272538744792 0.01678755274166491 0.04172979206347539 
8 0.7218141631002902 0.5919409742305142 0.020786713444262545 0.04464388227064382 
8 0.6591848145493998 0.5797254695325232 0.014370809094061202 0.03301147582726394 
8 0.6824612846226523 0.5855059157247163 0.016529331026085715 0.039608730176667946 
8 0.6503565570426042 0.5776815834933374 0.013202578367993425 0.03306663170977117 
8 0.8631189176536784 0.6260123101036609 0.03534036586232134 0.06111999691164732 
8 0.4780685644779908 0.5791903792690722 0.011643050720625823 0.027426456052873062 
8 0.7418028267226794 0.5999951033649482 0.02019941221158106 0.04953408359471521 
8 0.9587476141849648 0.6475534902567966 0.0412568769146219 0.07817834213235327 
8 0.48216390384504465 0.5847300603174889 0.012599645027315703 0.028076895568310015 
8 0.7833126189620686 0.6080380222356524 0.024696644395749985 0.05030774947259665 
8 0.5108453171214761 0.5976246691002529 0.021150347889918493 0.04836474087517533 
3 0.4196374960683113 0.6447663795587404 0.26753672319842 0.47966490753670227 
8 0.6852770668322731 0.7594449262244612 0.07746825106084629 0.17693648583856594 
8 0.6931680480384611 0.5884215393830932 0.018195504606324703 0.038173187148893756 
8 0.7636177956676938 0.6046668381214833 0.02338888359865166 0.04827250231726895 
8 0.48839058635352117 0.5902317386745537 0.014298880869024373 0.0334875507121386 
8 0.6735176649992868 0.5846925006996452 0.016564552868968862 0.03766161196410862 
8 0.810330225990651 0.6132259365268204 0.027618102524742484 0.05103685287334921 
8 0.6368280936542846 0.5728376274178635 0.013705686873630683 0.03485979219249998 
1 0.31181257326444234 0.5451754880868257 0.06014339413483104 0.06957015909367883 
