3 0.6727985314676375 0.5425694205595561 0.029909305416460797 0.03339572828107394 
3 0.7603067170858381 0.5555080578267783 0.07632928678462633 0.06763599684764908 
3 0.6298842773157896 0.5367294690396114 0.018070910639153795 0.02226023729939079 
3 0.6825341528827693 0.5423321473911051 0.022397193491140825 0.027095618296261944 
3 0.6119322688945588 0.5484900701767902 0.03318347979982221 0.04266445376918543 
3 0.5251612634771318 0.591996397674168 0.09082603407111264 0.1267287859447887 
3 0.7222154567159547 0.5465911007732992 0.037356517431448286 0.03473538544013422 
3 0.7066503708937318 0.5495761945760042 0.04331682077983373 0.0444601075626927 
3 0.6822185331764276 0.5449144301319264 0.02915522475884643 0.029566023969607422 
3 0.9146675667291304 0.5739893176552974 0.14229573932906306 0.10204759898484396 
3 0.8524437877092738 0.5489090095142377 0.06093167623731162 0.05642995181245238 
