3 0.8312442417695555 0.6031399431468912 0.2605808871699054 0.15858028935079832 
3 0.8965916682440599 0.6381903028033633 0.20681666351188027 0.2405454432738383 
3 0.6022226951158126 0.5667683877963559 0.13543940550633274 0.08609570368880554 
3 0.4574124015666338 0.5010466745195765 0.044879831258130595 0.06286909948080191 
3 0.9711772291589936 0.5611363436699873 0.05764554168201272 0.06554384614674588 
3 0.5809776338282238 0.5237203471980848 0.08679144624478148 0.0582688176064423 
3 0.6353771661038131 0.5252699409505679 0.09855478697325502 0.0673177366418826 
3 0.19977608276572756 0.4859085735632982 0.050753595848254916 0.06992229355949545 
3 0.3357516238076443 0.5410675563513193 0.07776765627492005 0.07460137638369234 
3 0.31416049732823376 0.4942312593309898 0.04372297007178613 0.0751164657040381 
3 0.49860327125367365 0.50143725128149 0.05408900826047514 0.05983909017458927 
3 0.7743409659803828 0.5345630167242117 0.11473810858384922 0.07977217624572189 
3 0.4155959647698927 0.49970682341088035 0.051267495271480355 0.06781054887749563 
