0 0.48210850419587203 0.530461948367779 0.029025804040986147 0.10555289454510393 
5 0.06169416896252316 0.4618294761116619 0.12338833792504632 0.1199542762107225 
0 0.6336634310196151 0.5327198041724251 0.022285169882026494 0.09030558694268184 
8 0.4686389215949753 0.541717566086905 0.05526690865967858 0.05593707816967184 
8 0.996858158387403 0.5699235722996857 0.006283683225193926 0.04086690921293906 
0 0.5995797477999159 0.5292661899705595 0.022455170539289283 0.09364214789431628 
0 0.6864700723736228 0.582927519718985 0.04589678619490087 0.15363350456202732 
3 0.461957299622971 0.5164645239829977 0.12911938607292073 0.10154374441467547 
0 0.6296258380564572 0.5362241547426162 0.0302480927886225 0.10740663254828892 
0 0.6161575275340886 0.5320274636789528 0.0226788854386416 0.09412465946221725 
0 0.053584343355991326 0.5358840121950728 0.06445933716150465 0.17400635120907124 
8 0.514333410234361 0.5464052137971995 0.04684875916420509 0.05924577451892661 
0 0.36322219261375793 0.51380903114284 0.02852212656508833 0.08368563459821303 
7 0.9765920207990004 0.5432715208851102 0.04681595840199918 0.06595353202633356 
8 0.5271964231413184 0.5681667428804624 0.01792403416435448 0.046923577371879015 
0 0.48277897539133435 0.5377075561005696 0.03765207397795159 0.13372213691632365 
8 0.41826875414575143 0.5368474601498066 0.05762462482210722 0.05871956389276906 
8 0.35977266387942536 0.5254818553616151 0.06205249746432976 0.05741966819749665 
5 0.899820480765074 0.5388984892118831 0.06807139179108859 0.08164122308785522 
8 0.5449446184323921 0.547904922212457 0.03587125357598083 0.05566451360827437 
4 0.8638904598511108 0.5314514704126693 0.08759121123482999 0.08893461686086747 
0 0.6606581211190823 0.531984763842996 0.02542167801138561 0.10286359394717749 
8 0.9337126611669737 0.5644190222086014 0.025198278324294422 0.03821227449643181 
8 0.18059462039079005 0.5408607840833197 0.06742283911997549 0.06420139430334144 
8 0.959841373603734 0.5692942965722398 0.026212404359157518 0.03778015591345441 
7 0.29215495648796136 0.4890429680354824 0.1574151252154256 0.17321948382692406 
0 0.6743243215519737 0.5418301827315506 0.029134369997387354 0.11773002550948698 
0 0.6475007026054643 0.5309295195604392 0.021683371482151655 0.0895964070780931 
0 0.7880566691333212 0.5807862116669326 0.06529901929734748 0.17699949841631823 
0 0.6529655862966272 0.5331915470555663 0.030171663838487035 0.11714151677588575 
0 0.9921232146904543 0.5507218976427846 0.015753570619091592 0.06782851146436358 
8 0.5504749563031784 0.5664628006100928 0.018181103629219066 0.04452924300571283 
3 0.2830008662657498 0.5569414324982033 0.16011259734069205 0.19341567281749 
3 0.7286259977977175 0.5358361214950219 0.025192591471936084 0.033993003115415 
8 0.41862695101795977 0.5585027346211029 0.0725758706335688 0.06697830471792833 
5 0.25225179657011093 0.47414925823586956 0.22320729764478095 0.14599055397389085 
8 0.9766023131569433 0.5705058552500069 0.043078171588213365 0.04193716018194215 
3 0.4292398567083695 0.5172777069360187 0.10041638639518098 0.06972377908313099 
3 0.24173552712444263 0.5095814416003657 0.11875111153467227 0.06691153278816601 
0 0.6012733280474294 0.5326626852364934 0.023878585516223367 0.0980000273248348 
8 0.29268608164888954 0.5464099374148972 0.07011148663782275 0.06655517449274283 
8 0.5819248522043132 0.5659891023015748 0.016401314828420156 0.045267355107983714 
0 0.5041529934173388 0.5259209338085227 0.021817934151139085 0.09688279195501726 
8 0.9463894557604906 0.5672681468417677 0.02684143906779468 0.039300712762260506 
8 0.5942053828151341 0.5630286449759064 0.016645278526917977 0.03990166413326891 
8 0.2369699963121483 0.5421276677723701 0.06840708509679648 0.06394579960588784 
8 0.3551253049332283 0.5523559943851528 0.07407346539421272 0.06856102600205771 
0 0.34262791932141495 0.5143715263832714 0.025166893619184876 0.08788275972505516 
8 0.5300026375559225 0.5549713223011989 0.027668927070528183 0.06616073732973266 
8 0.48626501746756723 0.5598771383526923 0.07208789792080453 0.07447136126275192 
8 0.11400454562985685 0.5196638249899956 0.012471857322744775 0.028901183634453043 
