0 0.45722480405725374 0.5253045124289585 0.02535468666306173 0.09354417835481765 
5 0.05678078028221391 0.46991655688384615 0.11356156056442782 0.11217593162514485 
0 0.5934547689928679 0.5262029233592763 0.020323284607973092 0.08246671824386359 
8 0.4433216740012992 0.5371144849401359 0.050420425567439156 0.050257051468735076 
8 0.9467380185182003 0.5567624797574746 0.04840486866526504 0.039189201664066156 
0 0.5617438380287252 0.5226682890410838 0.019037453171143498 0.08236346827285035 
0 0.618478162493051 0.5658690701384406 0.03506974840662189 0.12665967993785374 
3 0.9954471929018326 0.5599889713953459 0.009105614196334955 0.14093347706535175 
3 0.4371197877159487 0.514438168193347 0.11837016794024713 0.09111672874623214 
0 0.5855954041164297 0.5285783048661463 0.027065601704298958 0.09673333177271552 
0 0.5760183588106317 0.5261672215263683 0.019368521478116563 0.08238794329903859 
0 0.09702208493735624 0.537099168143794 0.0511238306809929 0.1455987845224453 
8 0.4855071502963121 0.5398278432870811 0.042358341460815796 0.05323679082460324 
0 0.3459661915476358 0.5112364724545151 0.025557307335163985 0.07624975234592145 
7 0.9290269512289147 0.5291179954422156 0.07631591581417652 0.061458166759797386 
0 0.4582402629784186 0.5324208720537819 0.031741661651121265 0.11480654097440397 
8 0.39725392375599455 0.533052505173519 0.05276724291598661 0.052902300211075046 
8 0.3431670599653676 0.5242052567827772 0.05703382895035492 0.0516984964385036 
5 0.8431501256252623 0.5288001797962049 0.05910407731242927 0.07466697898228385 
8 0.5132193020287564 0.5395040240873593 0.03198948707077449 0.04959813323798585 
4 0.8131716690261781 0.5191744062841053 0.07752060728774439 0.08203309475138458 
0 0.617798850668598 0.5261419882213328 0.021146438619712455 0.09246562221475263 
8 0.18241136888587867 0.5403788440520002 0.061504042661098185 0.057144370404527904 
7 0.2841371834508003 0.49028203647010576 0.14118020270835563 0.15412807908865708 
0 0.6261420609540034 0.5336863339040032 0.024879500766906305 0.10544584033897068 
0 0.6063152192869814 0.5247831742415401 0.01902883866346066 0.0818133267066175 
0 0.7099489833369327 0.5619539872070697 0.04971588909812738 0.1435170013419547 
0 0.6042201319234052 0.5274922924929336 0.027201470373610308 0.10550916496371056 
0 0.9285007107140782 0.5384132240937985 0.027798064240952984 0.06193761801425391 
8 0.5177116292609667 0.5550519637947411 0.0159786339177996 0.03942607387054447 
3 0.31286212265412056 0.5562772119280788 0.14318163224015792 0.17551479700203668 
3 0.6924385953824981 0.5289933341542223 0.024354869360914508 0.033675717748148294 
8 0.40020645017378365 0.5514900303075433 0.064566262414928 0.0584859497502347 
5 0.23856665575108513 0.4760295160489088 0.2107582350013444 0.13363803258706128 
8 0.9078012418025563 0.5546619542643426 0.03682680979740553 0.03744437837016158 
3 0.4062934297102463 0.5161807400519073 0.09308166750682055 0.06305211694362141 
3 0.2311166823263418 0.5101961674840081 0.11117128002284676 0.060511131773662456 
0 0.5631765406452135 0.5264787716015515 0.02035732774688505 0.08579581140322622 
8 0.2864865160480105 0.5432181035326282 0.06310409969858395 0.05867364482175718 
8 0.546242398837534 0.5542141504468576 0.014428884887898974 0.04016641851644857 
0 0.4772127643747108 0.521458533304273 0.019095305292545744 0.08655504016075478 
8 0.8835933738177002 0.5512605012007354 0.022832723169455706 0.0356163364048243 
8 0.982295950693952 0.5511016208084213 0.03540809861209581 0.045981663096721 
8 0.5574173005958303 0.5516411656966028 0.014724957844511125 0.03552824835568395 
8 0.23462256918125654 0.5404227321801623 0.06197644358744292 0.056622897035794796 
8 0.34348351096790025 0.547579076147952 0.06623342570617076 0.06008421062055012 
0 0.3293692363177501 0.5122756671624761 0.02217580080839568 0.0798255078296927 
8 0.46118196010182916 0.5514198274387098 0.06381687904124206 0.06484049441281886 
8 0.11102263148569402 0.5234288005080433 0.011797012034487011 0.02683418940183306 
