3 0.689807825708627 0.6125017267576143 0.23253207475801219 0.1581797457000568 
3 0.46195993100729627 0.495919373668991 0.05971994392777653 0.08868257633189462 
3 0.8658872136932533 0.5530168872557782 0.08524166157291489 0.06015093783652623 
3 0.6328079599814802 0.5180159137095897 0.12066299943900859 0.08327907872462169 
3 0.7137889693958092 0.5257191819237022 0.14144449523080027 0.09747448627166427 
3 0.09441144423308867 0.46939294751136645 0.09872444176786767 0.1034530981212416 
3 0.25431784346692676 0.5457840479104803 0.14823243147460546 0.12445381212542347 
3 0.2521922672922577 0.48328298435885975 0.07837090828118463 0.10787619934914036 
3 0.5174665379247111 0.49943870060342893 0.07434418964653204 0.08400651419903625 
3 0.9301022137051943 0.5452835506819542 0.13979557258961137 0.13044324146975833 
3 0.39491970529447756 0.4974901818711931 0.06723415823492986 0.09808209800271205 
