3 0.961842002199615 0.5486914748921171 0.07631599560077021 0.045118650912287485 
3 0.6798070049951477 0.5531140139145068 0.09217955868667531 0.058586424081931786 
3 0.7039522164531647 0.5726007068457963 0.1220751407893897 0.06773318541466336 
3 0.8195640285332322 0.554490318162095 0.09791428200294604 0.05254915022621781 
3 0.6095994406334984 0.5446675965516748 0.07259290624264701 0.043972978856849636 
3 0.9094683584014499 0.5473419515547515 0.06734964429088265 0.037690773366936256 
3 0.8781427840319574 0.562096806005348 0.11857758949245081 0.07290037161902471 
3 0.5277045306514522 0.5066514397478141 0.02900120214787279 0.03797949454054478 
3 0.9894595455583821 0.5536155386907883 0.021080908883235737 0.05838521879771861 
3 0.946213102490344 0.7196788567143958 0.10757379501931212 0.40998148611556895 
3 0.10897997164977496 0.643912356154253 0.21795994329954993 0.25286028813243283 
3 0.892822651959012 0.6414035962550333 0.21435469608197608 0.21568608026049346 
3 0.7330656471492122 0.573438321182527 0.14247246124340152 0.0835981163589084 
3 0.5991032470040891 0.52165526084954 0.05519872036011698 0.03583836549463399 
5 0.3789552948259662 0.5564197358941241 0.1562548460813407 0.11407038046912824 
3 0.9096947565624263 0.5771854484632274 0.13628389426285437 0.07098969527042458 
3 0.6315516481528886 0.5217440995472153 0.061451335791196514 0.04083340630134336 
3 0.8693194610667042 0.6271058234100785 0.2613610778665915 0.18706437186852037 
3 0.2181107595805461 0.5895074265002528 0.25288933889101045 0.16731352615915973 
3 0.4638199894500258 0.5259414138252229 0.034637994181531226 0.04089362503025294 
3 0.44376546650846704 0.500107072210059 0.02567996759086846 0.04441934370956984 
3 0.2663072483241378 0.6106017798544127 0.2420467136093829 0.12014117780850674 
3 0.7946108424529931 0.5868159373643252 0.1833946961475533 0.1173532818936948 
3 0.7027765226844656 0.5311176465499293 0.06822162080081783 0.0450878490470801 
