5 0.38035838242370973 0.5012049008839478 0.15589034864113874 0.15593191575801307 
8 0.9994351492953917 0.6470255386103825 0.0011297014092167502 0.05087346797494219 
8 0.0044888132301951645 0.5632358308798152 0.008977626460390329 0.04709899797438387 
8 0.039639868555031495 0.5334624493392237 0.012958095444786797 0.028855506446828057 
3 0.9408957259312634 0.5566050945474532 0.11820854813747332 0.20780837475422206 
8 0.24048454148651624 0.5518720947706532 0.01800949622854251 0.03484838290632998 
8 0.05340453791831465 0.5334245481327703 0.015401520528036432 0.029709562163153704 
0 0.8175873347085991 0.5662076700458412 0.069416391208416 0.1800051947486323 
8 0.9338949403510615 0.6163450692404073 0.13221011929787735 0.13295451452923038 
8 0.8051904356592735 0.6017215168587178 0.13081750135659562 0.11888966046370297 
8 0.14016187712499592 0.5913760405118658 0.03260423342898292 0.05932474126883 
8 0.292253416085864 0.6191664818956943 0.040848361560671335 0.07986917970612846 
8 0.14268567907609897 0.5473339102370967 0.018386332689121723 0.03141051938785419 
8 0.4350837853066702 0.6285259415035398 0.11890773662128475 0.14086987713284083 
8 0.06819313783621496 0.5355424638345392 0.014056255252714091 0.03177670654368512 
8 0.18631148885688184 0.5461509812530105 0.017619088936897533 0.0355716179986094 
8 0.3160608673044068 0.5610558762183346 0.018716162917065057 0.03960152495723997 
8 0.09777204994270255 0.5398438851633066 0.015569204595047204 0.02983703659804342 
7 0.672029091189669 0.5071263982400234 0.35835909189296844 0.45957042573010304 
3 0.18460243164236484 0.5797872308478931 0.229779111859428 0.29499592382956064 
8 0.9604923000978067 0.7056818458172481 0.07901539980438642 0.21034227499949465 
5 0.6318584857205032 0.4974316252508848 0.3307309710873313 0.2444542536732874 
3 0.9149631956595633 0.5738692691593257 0.17007360868087346 0.13615615579632004 
3 0.597931192040221 0.5614748229098138 0.1834101711385359 0.11315669892444634 
8 0.0570754252238989 0.5711671386477654 0.028369796980771522 0.05348644049082888 
8 0.6600661702403013 0.6606023871260198 0.17108344388317598 0.1821583391490823 
8 0.5368815082839095 0.6441500938988457 0.14132305391955755 0.15653518322509985 
8 0.0293542771669952 0.5328927353339195 0.014732535930182023 0.026971592088871274 
8 0.8327997662820567 0.688938587098259 0.2232388896981439 0.2193545020654344 
8 0.5431353470020581 0.5848490198593816 0.02290006988138842 0.05157353298930635 
0 0.7747057874810352 0.5779301318152007 0.05532060656913188 0.18976424350978435 
8 0.08307997583746261 0.539266481280959 0.015516224062453699 0.02966167855243144 
8 0.41786739150036456 0.5704000600152196 0.01709228973982711 0.04269116267064236 
