0 0.9645827232419734 0.5583258552973234 0.028242519980423708 0.06955858585798189 
3 0.7948795389372052 0.5600066438431446 0.08610367315641738 0.08488849125013 
2 0.2895548280937312 0.5122263964815182 0.03481838962000353 0.10394293705306729 
3 0.9340976823252848 0.576665720314013 0.1318046353494306 0.10762878809625401 
3 0.528161942614501 0.5153272305264585 0.021595021108881837 0.038848000963519036 
3 0.5675771774256317 0.5343489519447319 0.03595865025321736 0.051477726851069036 
3 0.6507877068426479 0.5221326561687044 0.03078717792809698 0.03671497287021238 
3 0.6706744728002144 0.5416791265174602 0.0753368856308444 0.06948940753943703 
0 0.43694888635525336 0.5201972447234777 0.010557768554207314 0.04185127555838373 
3 0.5600510343724489 0.5157361967150369 0.022322335259509246 0.03446903727011002 
