0 0.07782569964892 0.6403370259071856 0.15565139929784 0.32812628277265266 
3 0.14237106222244475 0.6280677323592848 0.16379321108594566 0.1463759408309662 
0 0.9978096485618475 0.6534334460334698 0.0043807028763049516 0.07735134552325487 
0 0.6646089664385099 0.6062045522573809 0.017121578104063815 0.07426989985977911 
3 0.5007393334866745 0.742734622236019 0.2797116599175899 0.4509931048583628 
0 0.9652854996536269 0.6603280523620216 0.02340504695741615 0.07619669783216283 
0 0.42346185591951274 0.6683889508577214 0.029040676463158804 0.11395727340290124 
0 0.7376044113556118 0.6071472598173525 0.026625203743113845 0.07122837422752544 
3 0.046068309420555564 0.6155544819471391 0.09213661884111113 0.08360058481002562 
3 0.44386982811453485 0.6417321341108011 0.11447684202596335 0.07129039373351008 
0 0.753420364077 0.683474359855402 0.02874616126353985 0.10073330884553823 
0 0.036534566818589506 0.6426526459980049 0.07306913363717901 0.21903900684864108 
0 0.6265210809136583 0.682915296567004 0.03438419531763032 0.10767911397096352 
3 0.1896729758562212 0.6384533490997999 0.16675794298358831 0.09604484379222451 
3 0.23906657626065964 0.6051321865672934 0.19908256645827518 0.1645736151932031 
0 0.3617638908470739 0.6697748285655107 0.0755337204140568 0.17755538649325875 
0 0.9516947036323433 0.6540380547099082 0.020406280818398414 0.06994410158603387 
1 0.6486136252214698 0.6719837849200642 0.05017828343856493 0.05526801232341275 
