0 0.44601159987532757 0.5265180768283168 0.01777707149176905 0.06329159560995525 
5 0.1105014891608181 0.47888941122489853 0.11110351911005856 0.08979548843442457 
0 0.5306167134248824 0.5334266628584938 0.01751630917185601 0.06129797344806535 
2 0.06383805041456178 0.5142399672527397 0.04839033326853123 0.06245734060765623 
8 0.43130266614956214 0.5353932462332074 0.03689237549385403 0.037007217033190806 
8 0.8060922439167457 0.5563131768174306 0.03362714102679348 0.029739806139016372 
0 0.5128693157828158 0.5523384778546847 0.01929292847600223 0.07377466943243954 
3 0.9126255703372879 0.5944069950573901 0.16957964975850814 0.17079186995932477 
8 0.9992340246446182 0.561842870181887 0.001531950710763539 0.03138511657796894 
3 0.42500609257740507 0.5193111585078316 0.08734382575266501 0.06808137372406002 
8 0.03733829299283974 0.5126357119778503 0.011646838668098404 0.02035623778936882 
0 0.5238370075561523 0.5354595647162295 0.020047039621143983 0.06918135750644429 
8 0.9474967658066106 0.5619661939901816 0.03793275911532163 0.03218789384783311 
0 0.2450140212115005 0.5305775964641873 0.025901440905217222 0.08380260217507499 
8 0.461449505757423 0.5357454033098622 0.031064215081466246 0.03853207644508896 
0 0.3605867711588789 0.5146754445791816 0.018164814386757728 0.05508822189558316 
8 0.9759215420699789 0.5974778923153896 0.048156915860042206 0.07841258563322583 
0 0.4492826329203606 0.5317900504348868 0.019712467438052814 0.07216628072529324 
8 0.3963630504282415 0.5296274515393626 0.03883439175994987 0.03914422736650636 
8 0.9122201346131013 0.5618309795453789 0.04027989850838921 0.03461880180549195 
8 0.35665331064329686 0.5276308964865338 0.04186972529287331 0.038426404435022994 
8 0.9988401173309067 0.6047285344583014 0.002319765338186528 0.07195255567617936 
5 0.7409813681372254 0.5342789279408747 0.04066668230537388 0.0587623132198191 
8 0.48172724099784603 0.5354209568733229 0.02313127945630349 0.03536631340538577 
4 0.7236637255417688 0.5264065619582817 0.055889884949580734 0.0666861193753477 
0 0.5539170408512688 0.5315624326637791 0.016873156212080787 0.06730364706784289 
8 0.2525556549165723 0.5333586266331584 0.04290402633092352 0.04004016265201497 
7 0.3233795359769758 0.4969862005295388 0.0953176746415027 0.10700023782450854 
0 0.556270809184393 0.5371039663166953 0.01788166636418964 0.07450222780334842 
0 0.5452194914790018 0.5299106448424609 0.014939337596594769 0.060976885005244535 
0 0.5981486990041709 0.5502746717560512 0.026512836438536455 0.08186513622124834 
5 0.7943003208760562 0.5456258168699062 0.05431649933942552 0.10089089480430655 
0 0.539471774695352 0.5319538947191357 0.017732076266367046 0.07557748275260388 
0 0.7942706802035691 0.5394911104987545 0.019416068468203207 0.04697412257201329 
8 0.48660898486104315 0.5494478469454855 0.010990495730473171 0.026932185121821262 
3 0.4343716240269844 0.5570454165744906 0.08901524625599422 0.12527608139413285 
3 0.6356821235791762 0.5360301755984527 0.02319196567637171 0.034492129850025324 
8 0.40618873100723646 0.5424230073154859 0.04375071585891924 0.03984210404551195 
5 0.2687589104355165 0.48315530051635286 0.16327454090953988 0.10500999109343663 
8 0.7796789514489316 0.552263341717833 0.024454232307407012 0.02843885211388441 
3 0.3996994601229115 0.5191135575883973 0.07047432665085665 0.048528151573678804 
3 0.2685331603643745 0.5110688677206029 0.08348204056132076 0.04647504037054381 
0 0.5175392274610229 0.5250599208512696 0.013700639130886217 0.05705535349680487 
8 0.3284309254213657 0.5372168175862271 0.043227652649424575 0.040549313600019884 
8 0.5060096062420408 0.5492926074748288 0.010065033267476266 0.027715225145362107 
8 0.8376170249445771 0.5551478655851354 0.036516573618273186 0.03516769860603132 
8 0.2898108327599018 0.5347404799402176 0.04282983183196858 0.039413341129092665 
8 0.36860480526536704 0.5414354965041452 0.044991467029845536 0.04128878247575484 
8 0.44754375341615543 0.54537753928111 0.043489810728721 0.044300939365586926 
