8 0.20719390863178994 0.6011964370367933 0.08461664336538605 0.06289726991299567 
3 0.5625923614929337 0.5443282054107976 0.03416079032609346 0.0417881071701245 
8 0.37921645454695957 0.5656125261646026 0.019486463421476686 0.026583603207013386 
3 0.5406631026649831 0.6320120710542813 0.21083035428097255 0.3695822265736478 
3 0.5187275904598632 0.5532695545459223 0.05831848902701161 0.08296043166711267 
3 0.6838593991048478 0.48220268379215825 0.22674074031948357 0.41907520543540905 
8 0.3081133427299874 0.5857617130011767 0.039666210733976436 0.03947923436032757 
5 0.8143671832231754 0.46553763531571263 0.3712656335536494 0.9100480499023219 
3 0.38974015683996 0.5509037618141849 0.04993196769340166 0.029950639205040437 
8 0.2694966291308962 0.5889281365803135 0.05711774765930201 0.04666019262105705 
8 0.10606052996801213 0.6069140786168374 0.12335265514389451 0.07448724417442337 
8 0.33315408821977643 0.585738283059788 0.03195731574855177 0.03487549651948181 
3 0.5976006933590093 0.5524209207714994 0.05318988503287862 0.057843943978689305 
3 0.5228668239434731 0.5781624949674056 0.08532101633163393 0.11438525495736789 
8 0.023452597725420028 0.6014653253482605 0.046905195450840056 0.07718078030455867 
