8 0.20713963906672064 0.6010502924462574 0.08459784798738645 0.0628026264075029 
8 0.3791714983782542 0.5656927757070724 0.01947604042162105 0.026557969297933824 
3 0.5407629970070061 0.6328312629793436 0.21167563059450012 0.3710702582863341 
3 0.6838448229419497 0.48269015234498963 0.2266624637591554 0.41902505841341736 
8 0.3080627343750656 0.5857450188497716 0.03965279055572658 0.03942725723633373 
5 0.8144112648288967 0.466333214535818 0.3711774703422065 0.9098326216745215 
3 0.3894781120103556 0.5510037260652647 0.049936620719934696 0.02988822214624204 
8 0.26902928379011676 0.5887932771968665 0.05709343611826267 0.04653297282274858 
8 0.10600332821094606 0.606622765099037 0.12333215389466144 0.07435869722429946 
8 0.3331017456773105 0.5857560568719251 0.03194571147546658 0.034833763586691914 
3 0.5228552293586831 0.5784413071264082 0.0852689194393357 0.11426788086207934 
8 0.023413901475015996 0.6010419639575295 0.04682780295003199 0.07712662920239015 
