8 0.20719714272381268 0.6005392549906168 0.08462292203439514 0.06287153982715873 
8 0.3792207055362796 0.5650091228605302 0.019486598153217613 0.0265767525757866 
3 0.5406804509666635 0.6318201441823101 0.21155346131758912 0.3708210233746661 
3 0.6838750949659683 0.48165484674643433 0.22672362812371533 0.41915495905858735 
8 0.3081177452888907 0.5851351392914405 0.03966780896876159 0.03946504944607701 
5 0.8143970714114227 0.4649221413640277 0.3712058571771547 0.9103684746854626 
3 0.3901288606626483 0.5502932509072018 0.04990300119212414 0.029924479408893236 
8 0.26920965801432944 0.5882382338355049 0.05711289751220246 0.04659432845422575 
8 0.10606025043820708 0.6062231776905073 0.12336586038115357 0.07445324631426212 
8 0.3331587213532253 0.5851195627003746 0.03195808853947771 0.03486378300642956 
3 0.5976090783316624 0.5518911795049383 0.053184377438681735 0.05783077486426603 
3 0.522875462813822 0.5776079416262806 0.08531469049166511 0.1143594537330218 
8 0.023455155371337275 0.6007465311225938 0.04691031074267455 0.0771691659931295 
