8 0.20716312594253525 0.6006924226809701 0.08462460649444246 0.06287326568772414 
3 0.5625867383680907 0.5439527560348963 0.03417685732357228 0.041802319230073784 
8 0.3791940407253319 0.5651635619222519 0.019486325496479395 0.026577022499786204 
3 0.5406661127673471 0.631948593202541 0.21147938160909938 0.37070045038818666 
3 0.6838470407936547 0.4818244385575848 0.22671690893064778 0.4191274721001329 
8 0.3080883991024193 0.5852890275535433 0.03966794386650292 0.0394657811663261 
5 0.8143823598678515 0.4651312522837193 0.3712352802642972 0.9102519705532245 
3 0.39005796447738406 0.5504486300117164 0.04990611696497616 0.0299249428289929 
8 0.2691977327803052 0.588397885798594 0.05711657201455715 0.04660103924583634 
8 0.10602044034912872 0.6063752518328305 0.12336986809445627 0.07445576504908735 
8 0.3331300832701399 0.5852738325004972 0.031958136291545786 0.034864438111102285 
3 0.5975841541920806 0.5520487593902331 0.05318370237057167 0.05782954294746162 
3 0.5228520924402643 0.5777641867821613 0.0853127356744097 0.11435793661664662 
8 0.02343180348586075 0.6008925089370982 0.0468636069717215 0.07716396926826248 
