8 0.20720872373810728 0.600821492364861 0.08462354792623383 0.06289885145737635 
3 0.562659873814374 0.5439609060998211 0.0342176866059809 0.0418544407160417 
8 0.37922955011305803 0.5652287264861312 0.019488427485294366 0.026584117989013722 
3 0.5407043658370435 0.6313946423556204 0.21041435519803797 0.3688358356255637 
3 0.518737983967164 0.5528783338532465 0.058322103039502124 0.08296477169786227 
3 0.6838740877970111 0.4817775073773415 0.22674551379279173 0.4191340066054103 
8 0.30812777719962514 0.5853816214732408 0.039669535655197735 0.039480089281506266 
5 0.8143783661483309 0.4650139154982766 0.37124326770333815 0.9102876700741803 
3 0.3895335652644092 0.5505252221001568 0.049950345967324096 0.02995831497134544 
8 0.2696816263313918 0.5885847519453185 0.057130276109664355 0.04669386993837394 
8 0.10607431531808624 0.6065452865074148 0.12336373511604028 0.0744899353617926 
8 0.3331689055405587 0.5853566289880879 0.03195983756985438 0.03487598534874539 
3 0.5228762606869142 0.5777718895229186 0.08532681145668121 0.11439120306690319 
8 0.023463189734943643 0.6011042513833114 0.046926379469887286 0.07718411873877098 
