0 0.39949706386218864 0.5209412554591052 0.018603073783689722 0.06770847249450766 
0 0.6707616558060088 0.5297457235617088 0.01340354740769996 0.0501962333009584 
0 0.28287569564103243 0.54065622316297 0.04684081275460827 0.13152976297519386 
0 0.40924966749064423 0.5165575334804627 0.013749737272715876 0.055735507082245214 
0 0.7195612920477085 0.531077794927744 0.017220426330161444 0.05965932055992653 
3 0.518575251629004 0.5269877140370471 0.04171706315564158 0.05687442113657741 
0 0.9909711557990989 0.5829479556186906 0.018057688401802212 0.20078183479254955 
3 0.8681241727743432 0.7434321650415727 0.26375165445131343 0.42670249382831354 
0 0.020526611758430166 0.6112093136588912 0.04105322351686033 0.2604871076892688 
0 0.395398641785546 0.5193801995697556 0.0139197947515963 0.055229672107675785 
3 0.5654684070862762 0.5210571918851755 0.05052072168496878 0.05580678376962447 
