3 0.33298005746178067 0.5619410285973898 0.1460966010385347 0.09617489521097576 
5 0.47291548974091824 0.5455958367605374 0.04660564674837296 0.02994881160121843 
3 0.021969734845677494 0.5815975828070704 0.04393946969135499 0.09612388813366174 
3 0.9032438999077382 0.6238208485735327 0.19351220018452353 0.14771091966070446 
3 0.14667315391783817 0.5794392197968636 0.1175284863798012 0.05832742048983732 
3 0.09020095713600132 0.5821064147468236 0.13708725384972106 0.0692345761797831 
5 0.45406390592744694 0.5494083521233363 0.06443204099821685 0.037145894386241975 
0 0.5078660472191179 0.5428085413365135 0.0036319629670344255 0.01833517080141399 
3 0.3843065697232402 0.5640962899258535 0.10427650859279063 0.060830128850826226 
3 0.5466408859501029 0.5556835486004446 0.03082863591238464 0.047387915349057404 
3 0.46962787381850035 0.5507448571489901 0.042751909628566905 0.025438724190736617 
3 0.33366378034612615 0.5578420287131434 0.05272112955790121 0.031147254731160957 
3 0.3786480452198592 0.570443412686403 0.10706357218901481 0.06487901174518843 
3 0.4130136751565464 0.557420900425251 0.07897650452863558 0.053726496071979254 
3 0.42580347592790757 0.5477900116336378 0.07497471451158688 0.049040010435843065 
3 0.5658321279783453 0.5440384749444412 0.019475528013714796 0.017293241471333796 
3 0.3962111297918674 0.5577984965784802 0.09976913988737267 0.05896178034681801 
3 0.43751864672880814 0.550236533663754 0.07189329828323288 0.04652492620912363 
5 0.7600912775245309 0.554423239843929 0.1451655063020114 0.14625514665262113 
3 0.6727145285374525 0.5665215853450716 0.05105566117347465 0.05885516870079641 
5 0.46071012191118194 0.5453931858691694 0.055920386162525516 0.035780723001026145 
3 0.48068729265559706 0.5428470325842947 0.036074568223845915 0.025174327926616735 
3 0.2493363936771922 0.5654860050607414 0.08285364352941357 0.05144135166488297 
3 0.056031840501818204 0.5982222163838699 0.11206368100363641 0.0853246232131056 
