0 0.781701711168004 0.5729904236439355 0.02022002907514775 0.06734853371623072 
0 0.45114684021298873 0.5299000839011289 0.009705605808852838 0.041122076066530316 
0 0.9687823970664745 0.5818483982363922 0.01805764474512415 0.07635741717977522 
0 0.6179702720262317 0.5440757751810332 0.008722777401842166 0.03302782643098769 
0 0.42126163872217026 0.54012846227762 0.017132636980989702 0.05882757247391295 
0 0.36196096735696115 0.5695962043542836 0.02658090209139381 0.07878975741883898 
0 0.44439085803990885 0.533806166694296 0.009017106716060113 0.04121545816195515 
0 0.6467958471165483 0.5455991684921364 0.010402339890515578 0.03722670963100225 
0 0.22818339425387885 0.5801682587159723 0.0431013452874965 0.13546343471008085 
3 0.5307599447990892 0.549284694893435 0.03197161404786257 0.04503603890267982 
0 0.32080833109443346 0.5676102227769749 0.021797932347235476 0.0831836904806831 
0 0.7212634891325641 0.5727289283080673 0.02266656050777101 0.07759754161427508 
3 0.5717601942467685 0.5442796889984672 0.039621224690270365 0.04051576275177783 
0 0.37274663895741045 0.5603491461703258 0.02646942266710276 0.07852877777720815 
0 0.3364449730408447 0.5761559427468931 0.02576665937645082 0.09061018362059681 
0 0.4376052757155307 0.5327185662118333 0.00953670365602683 0.040549805715113824 
0 0.3069429163325977 0.5652548406005952 0.02829306041652341 0.10093722186352984 
0 0.8245428904083295 0.5865342127069595 0.02375922520174143 0.05306397797637171 
0 0.8011108889211974 0.5652448062434294 0.023904178388798842 0.07385079259818067 
0 0.17819077580734827 0.5828451133203583 0.051681805762936614 0.14994802852387845 
