5 0.4440377319518786 0.536085264201799 0.06515320972608081 0.04086244402729947 
3 0.36825125295729577 0.5444161557818135 0.11467873968215407 0.06456794782137112 
5 0.3992548184968242 0.5461599497622681 0.1073124307204759 0.05939015478932687 
0 0.4949929151836615 0.5331861323157213 0.004341941078124308 0.022283911579047272 
3 0.12344420351362308 0.5960203111836572 0.24688840702724615 0.1925158143798206 
3 0.5396459592159264 0.5465245477787237 0.032052060286819284 0.04920359135647004 
3 0.4340687226038203 0.5465993877917018 0.06293320743730668 0.03611655753266695 
3 0.22420055379091458 0.5541267028447094 0.08581319731694695 0.04661339631569357 
3 0.08012503182506922 0.6567160060807102 0.16025006365013844 0.28018007982368465 
3 0.2516378781908538 0.5625670753041644 0.1958755828452412 0.12115808861632565 
3 0.3027184860487653 0.5510091397491858 0.16488857866608747 0.09949049761465782 
3 0.595878393784621 0.5366546285178195 0.03159224784008408 0.021972127959738637 
5 0.5528450137131226 0.5335750667404237 0.01103503278129736 0.018043677554432647 
3 0.1654820206029915 0.5722668546361319 0.29182390466558095 0.15418598335493558 
3 0.3402324521347287 0.5512555468360651 0.14524756397946006 0.08759537200963305 
3 0.8219954881519215 0.5924043185234827 0.15600582802540444 0.13410377937936346 
5 0.4141975774416773 0.5384716488322034 0.0872263070760345 0.05360973439495745 
3 0.45599228378220363 0.5342070783364926 0.04817003045342226 0.03282509856281529 
3 0.025073121646583447 0.5734809019319329 0.050146243293166894 0.09969769488340925 
