0 0.5514223367195676 0.5345918247446194 0.005831105865250024 0.021547747285835108 
0 0.4359301061585147 0.5355251704189705 0.010256906602902873 0.041281095887351855 
3 0.5265806072120657 0.5299115932059872 0.014251266820258053 0.01922411147521435 
0 0.5363955250226272 0.5319643807239309 0.003887411157763694 0.02143773046601205 
3 0.7516620315547978 0.5691519262196186 0.08097927723871294 0.053421471426778895 
0 0.49071024069105507 0.5307072049030545 0.00809373417697806 0.027090302395896958 
3 0.6135268763991591 0.5494403121366128 0.030053372851839344 0.032984509878172995 
3 0.10676323088725351 0.5282436110662052 0.13490996289823398 0.08287372650274487 
0 0.818644614768032 0.5912376085155722 0.016647536616269748 0.06270747361291916 
0 0.5625082537379912 0.5311890641731979 0.007522412085988819 0.02372121376234986 
3 0.8344441720544005 0.6077168554772555 0.14681869843079567 0.11669333069111373 
0 0.4826935569941371 0.5232956104136784 0.005812272593431587 0.023230922612155938 
3 0.45939917434511174 0.5547217024236136 0.04203044944196144 0.051440562400464386 
0 0.5281459701862472 0.5297341959388874 0.005701252016237958 0.02402002760955447 
3 0.8451135533792656 0.572330519857469 0.07543315563285517 0.05360389564995728 
0 0.29170608834224065 0.5546106109958966 0.03351500307297947 0.09555548107879581 
3 0.05897546863600769 0.5512138279779247 0.11795093727201537 0.14097263828216985 
3 0.7000076656227086 0.5727214833174459 0.08454135444259862 0.06412973590089356 
0 0.4274315313022857 0.5313216714755258 0.011014283304322987 0.03941469529382358 
0 0.44099922856315976 0.5442420626286826 0.011318358614652625 0.04064658281574535 
3 0.94202903376282 0.6291655328076842 0.11594193247436024 0.1999399955863601 
