3 0.41396209031198467 0.543192772446224 0.07466964768561211 0.04950108189641532 
3 0.7257792965159672 0.5799818635656505 0.09365216710193196 0.07213581126180202 
3 0.7989636949395444 0.5898802110478899 0.1435560392973018 0.1153832918065572 
3 0.6734317822360686 0.5706046150405116 0.053931465711770134 0.050413371124900484 
5 0.46178022694693555 0.5421248766859391 0.046198166592991544 0.025823854196623554 
3 0.5332131193430749 0.5520162575738952 0.029525087606477526 0.04520647880589959 
3 0.9058436642644725 0.6262235108272499 0.18831267147105507 0.22601927264666433 
3 0.19508613481887746 0.5496928552750673 0.09329765153046728 0.05379964323337428 
3 0.36615562816723257 0.54565327215818 0.0388717174688589 0.02271684043669533 
3 0.43308825141239743 0.5493370276047661 0.05806060453134976 0.035296432633868766 
3 0.022221039666087534 0.6264908704209851 0.04444207933217507 0.2171110844112663 
3 0.4490605511075034 0.539030545204854 0.048678512203727924 0.0314316593994829 
3 0.15597230859922856 0.5586969147984908 0.10381889319461073 0.056062525388194395 
3 0.12471629144999939 0.5534903501121885 0.12669168397828057 0.0665759325812836 
3 0.435221692869991 0.5427210478738463 0.06041116827473246 0.03517000794060449 
3 0.4549076012476472 0.5437603077778612 0.047881235100508165 0.03046376029221177 
5 0.640132454057418 0.5460043972393693 0.05536861039005814 0.06986867814532552 
3 0.5874615378229074 0.5590529133349497 0.03922280129090126 0.046946970568990054 
3 0.2795181158548724 0.5587425058570364 0.17415861529863375 0.10447264490015717 
3 0.6116657886739721 0.5552190616141808 0.02799939882584809 0.036387353405236175 
3 0.22712459469574228 0.55675474415288 0.20319855887524313 0.10779027251116531 
3 0.035755507444702336 0.566805005086524 0.07151101488940467 0.07442687971131413 
