0 0.6682214049630569 0.5397560490683919 0.010362560417318036 0.03805609282157926 
0 0.4698882778981951 0.5120672531002077 0.006505285523614148 0.02804353604427547 
0 0.4709047672111846 0.5140061621261015 0.00867988992833304 0.03517234340546306 
0 0.485446312731994 0.5378089800390259 0.012262535577707609 0.042955344304990796 
0 0.462642850432876 0.5155157519962072 0.007840403896998893 0.03589895587540493 
0 0.32351226809012645 0.5352448392160609 0.02986803353550222 0.09798709224697082 
3 0.534552295880899 0.5333252306540046 0.024987509122365806 0.03521624961884546 
0 0.4495073111687448 0.5332078512189895 0.010695519195192063 0.04300996395451307 
0 0.5686215567971887 0.5398357401831699 0.014013644555146386 0.050498659174877315 
3 0.8471216163397409 0.61868808500903 0.19072603992342935 0.1425607492791576 
0 0.5034312236960838 0.5377158634336248 0.013116926533752817 0.047081594987040176 
0 0.4579138242643756 0.5385318649750914 0.01218909522946248 0.043932150622860607 
0 0.4556858214910483 0.5160426442232041 0.008755154644775871 0.03536067727858153 
0 0.43444931425042266 0.5293625547273677 0.01431614692686523 0.04924196065100015 
0 0.7318257091224074 0.5601203601477174 0.015128133850366226 0.036139053042344105 
0 0.6770609470820097 0.5372028381056008 0.01180082572221366 0.04152803961312429 
0 0.2898505957647346 0.5323841306492642 0.030597881993452314 0.09849877439875267 
