8 0.20705503099472453 0.6012647008190988 0.08463669295145675 0.06290675129071802 
3 0.5623981624339829 0.5443554612897247 0.03408341708967825 0.04170349167572586 
8 0.37911013367749574 0.5656750480176244 0.019488477519078912 0.02658538509451451 
3 0.5406071408934544 0.6322548662820094 0.21117549215328774 0.37019787370914475 
3 0.6837487927965538 0.4822715815637155 0.226714067722398 0.41904545727196035 
8 0.30799634843984786 0.585826518068337 0.03967255492132381 0.03948338842867334 
5 0.8143163375181497 0.4656269390719594 0.3713673249637007 0.9099039045767946 
3 0.38980939525410935 0.5509605601465407 0.04992363296592608 0.029947763248827895 
8 0.2692393599509632 0.5889712812775489 0.05712665381962306 0.046644425898390664 
8 0.10589192337392365 0.6069855337399026 0.12339122545766286 0.07450191715250627 
8 0.33304116856489674 0.5858027380199914 0.03196184499048567 0.03487880871850747 
3 0.597502094108107 0.552482592537118 0.053187270628138064 0.05784234836559512 
3 0.5227698964495358 0.5782248796637115 0.08532086297682084 0.11438635269647364 
8 0.02335812439226658 0.6015188282536031 0.04671624878453316 0.07716055996607603 
