3 0.4753012661535215 0.5378756971327502 0.04218965144441867 0.029450857235601435 
3 0.632743601678219 0.5471537901343528 0.03220006558894816 0.031098541948535084 
3 0.6445362106002825 0.5456389380400558 0.035895774031136585 0.040279707145725624 
3 0.690268681022024 0.5430438924373475 0.07307095945241755 0.08590373442095237 
3 0.619739266922649 0.5458911370271626 0.023236329180077606 0.02581040879106499 
3 0.8743989432448939 0.5946300074246902 0.2046877930570527 0.14605334442642023 
3 0.2821766245242384 0.5506534388111655 0.07402992929036621 0.04512477613509374 
5 0.9497825574942222 0.6071029040942305 0.10043488501155565 0.2037878086455163 
5 0.4954363505600928 0.535680841694577 0.03204958313329847 0.01865414071351659 
3 0.10129701627472634 0.5681086504528889 0.14010449054411345 0.07954267065233554 
0 0.8185344008321846 0.5528213979007264 0.027491206034199394 0.07878592151077113 
3 0.5487760196322096 0.5472086511431664 0.02909524633334918 0.044650583445890735 
3 0.6597340640319549 0.547985097661722 0.048188901050933666 0.051873029960614124 
3 0.2771662481998366 0.579401328784416 0.1860412784340299 0.10757506025655485 
3 0.007792433502017114 0.5822228050285952 0.015584867004034228 0.08251834428696188 
3 0.4156202657739543 0.5496316151114196 0.07686617383843804 0.043617248260376745 
3 0.17904293101276406 0.5635682862621922 0.10385861990406539 0.05225959723791397 
3 0.4897451699793472 0.5333407525890853 0.03146209653840501 0.021214740495594683 
5 0.26117282191842156 0.5551922777753935 0.08018941123019208 0.0471309151780754 
3 0.31593081029334924 0.5626725300992039 0.15689058137903328 0.10079797001052118 
3 0.4829773961086343 0.5364957176500521 0.03732896314032139 0.02278170124389981 
3 0.4924611454389574 0.5397514815222335 0.0315259587216908 0.02095054154168862 
0 0.80394822391824 0.5522980333701165 0.024565189369325252 0.0815248274463243 
5 0.6074377767253372 0.5336655744109884 0.027716000147651344 0.039896543649719104 
3 0.3916526440399869 0.5513336108768926 0.10173362595316199 0.06386486702737967 
3 0.44510896338849776 0.5428501919851685 0.06019418309153416 0.04074227120850878 
3 0.771317724830985 0.5716016926820708 0.10565975937230533 0.08385357587268744 
3 0.5969716819651876 0.5407641160746478 0.017020040893758265 0.023920602043913844 
3 0.43896127596074236 0.5414354784786691 0.06071615734606717 0.0374071144123108 
3 0.241112933518175 0.5587234644766558 0.08156921029085705 0.04207578792227442 
3 0.31237471028013303 0.5522023895871856 0.05946821298093617 0.03191274524921867 
