8 0.2070944726259635 0.6011340534689833 0.08463103674833253 0.06289622875316808 
3 0.5624586866988343 0.5442733302618749 0.03410515804540438 0.04172492578130181 
8 0.3791404244812167 0.5655633116079676 0.019487503532268705 0.026582786247542393 
3 0.5406337432844205 0.632189204741287 0.21123229019919684 0.3702899117697259 
3 0.6837832959743577 0.4821823768046866 0.22671615958799393 0.41906481625774744 
8 0.30802962140909756 0.5857067130328055 0.03967041656516347 0.0394779126231016 
5 0.8143377741169 0.46553271147648684 0.3713244517661999 0.9099882990671047 
3 0.38987970734839705 0.5508489136275163 0.049918337692216146 0.02994085352095927 
8 0.2692240639742896 0.5888418461287082 0.05712489415522512 0.04663222754171746 
8 0.10593950287430703 0.606843029066515 0.123381131102099 0.07448724657543683 
8 0.33307320069812923 0.5856856033742762 0.03196018226691816 0.034874367153351564 
3 0.5975313308242146 0.5523946048519245 0.05318634800184 0.057838429206811384 
3 0.522799437243158 0.5781285315712772 0.08531788519795214 0.11437739749275308 
8 0.02338497429887664 0.6013721518845213 0.04676994859775328 0.07716262033177523 
