3 0.715063108219814 0.5908607830845343 0.10801301625018511 0.0945377171759267 
3 0.5923925505692552 0.5425179667773025 0.023836089955258117 0.03545346096883564 
3 0.5764616391811156 0.5452432541828194 0.012469041790952318 0.015394009045208084 
3 0.6160398584867613 0.5516121856222249 0.031229013614163605 0.034998782968406895 
5 0.6283226949081894 0.554200159359481 0.03911820231621476 0.04252778732057221 
3 0.018945277020104404 0.5892159583218786 0.03789055404020881 0.13625677299988045 
3 0.1104601166990045 0.5709920326710919 0.17256864773997993 0.09270389038499932 
3 0.0755293716981724 0.5769441073669828 0.1510587433963448 0.11040024792625584 
0 0.6449482590281437 0.5472969095836617 0.008847845059772937 0.03338334947589134 
3 0.5310272334493513 0.5539347906018394 0.032285517601404266 0.049501999939206044 
3 0.5872305593734349 0.5449518535302592 0.019545088807999562 0.024945135268365372 
5 0.08574954124096378 0.54808741540721 0.1138552778781097 0.06275762020506918 
3 0.44723197518747937 0.547299326661188 0.0474538798521936 0.029810922739439687 
3 0.4524093410291013 0.5459452252456515 0.04670752030063987 0.032128962876051964 
3 0.18878086464933255 0.5641689842619365 0.08208538794230058 0.04800665920115686 
0 0.6379444263192345 0.5469459845621797 0.008335476977833736 0.03427535873587986 
3 0.640931802484306 0.5637530433780455 0.03932735244174964 0.041845201488899114 
5 0.5706031882035785 0.5375051660985117 0.015574873738351442 0.024914845210454045 
3 0.46014743715109857 0.543656980289452 0.04356230532893399 0.028013024058491157 
3 0.6076413038410248 0.5494509267413362 0.024843077508232697 0.02765773653453323 
8 0.33840213453950696 0.5672556266252435 0.011973287034915289 0.03334655475492525 
3 0.5667870651027163 0.5431849744362274 0.010620291251220878 0.016047263190036586 
3 0.048073515110551544 0.5974225989609134 0.09614703022110309 0.12208384464006707 
