0 0.7193624318067071 0.5508613286591981 0.014676447372149824 0.05140950912269526 
0 0.46168177881003336 0.5208113545309486 0.007673751569697913 0.03457170693228887 
0 0.4478203089662347 0.5224843031078126 0.012860037970236248 0.046332868983060264 
0 0.41693698418414826 0.5448858716144618 0.01945545869086537 0.05743032444863401 
0 0.45458291668023054 0.5213810065699377 0.007842682739465232 0.038327421647540584 
0 0.6285557683357206 0.5329272169396349 0.008985623726338402 0.03213628868342887 
0 0.2820520822335346 0.5606907465124468 0.035957549655634614 0.11545486496349497 
3 0.5335413151823043 0.5419628827361376 0.030708728702048875 0.04263394142055214 
0 0.9422926573756609 0.5755873715449356 0.011301553496466426 0.06166833860951556 
0 0.3796818998723535 0.5444811084198844 0.015912188461805955 0.06032962710703948 
0 0.9527537485513925 0.5730980823273817 0.020085891955106946 0.06928690660591763 
0 0.6503519514622164 0.5501083719566227 0.01777037347392053 0.06305876351482652 
3 0.9756293540707935 0.6566805545077214 0.048741291858413124 0.19378456600210192 
0 0.4276465153321992 0.5401699957046512 0.01827341394087206 0.060262124456770545 
0 0.39664876861067 0.5513993168894608 0.017148137521274764 0.06276901451663927 
0 0.4458407032059026 0.5240919409744914 0.009387182446598388 0.03803423648148876 
0 0.37759349420420535 0.543070725493862 0.018812027660665438 0.07070371196453266 
0 0.7777537688698806 0.5692344201971706 0.0192702970873178 0.04444124637612365 
0 0.7322584755243813 0.5488601252792958 0.01724180007569274 0.056083988745717885 
0 0.2510580539433062 0.5556305552982771 0.03956767897714773 0.12127059354010966 
