5 0.42073604931462255 0.544451971580379 0.08046709966531722 0.05115694008396847 
3 0.2870216313519251 0.5623655383974976 0.1774253722154563 0.09890326214165296 
5 0.3436292383382768 0.562312378826152 0.15608186915702174 0.08671337529605454 
0 0.48725690289068047 0.5401970015651727 0.00502337291270976 0.02489713386770796 
3 0.535718845406532 0.5513547422346343 0.033361657912256606 0.05135701110676627 
3 0.4059171230549565 0.5584743090564152 0.08103696741195762 0.046976393249916176 
5 0.4274882483100504 0.546180520418762 0.07019747287472271 0.04419580060999566 
3 0.12476822856616941 0.5740230706303344 0.12041162354954596 0.06361323707396353 
3 0.07059049986843975 0.6156867773752251 0.1411809997368795 0.29021033877326485 
3 0.13152967909615382 0.5897630673642642 0.26305935819230764 0.19863162304207138 
3 0.6134921989241311 0.5416389067159485 0.036054017453163 0.025293740002234635 
5 0.5511394123779083 0.5391330538299122 0.013376689644383433 0.0211553683354071 
3 0.23305798627410354 0.576186622298181 0.21346476066144587 0.13025716917899646 
3 0.1963573846246214 0.5812982392508909 0.2738149618059925 0.15738299005148582 
3 0.6792001629418104 0.5397902749270764 0.04864357300713934 0.03317456671501778 
3 0.9562484472633697 0.6175265765239951 0.08750310547326066 0.2148037024052387 
3 0.3668689840873562 0.5590546188653334 0.11569481585878187 0.07001170966058996 
5 0.372442973059987 0.5509358096104638 0.11854658474966251 0.07300949667780768 
3 0.4378562554345966 0.5434521426877169 0.057448988102635 0.039594007294894276 
