3 0.49143543496121184 0.5366336085333389 0.0345671574669192 0.024603697553326167 
3 0.6165620994805078 0.5424607607015749 0.023365230134506306 0.02424108414871777 
3 0.6433013189574903 0.5392365480998412 0.04186531101661643 0.05624993798458288 
3 0.6084128023165151 0.5412106452415903 0.01772636845060504 0.020792220466116885 
3 0.7046193509627654 0.5564405566610929 0.07067927829925097 0.06696550882011043 
3 0.35130666687830514 0.5474481254086052 0.05273905671997021 0.03403637769487634 
5 0.7531662241923985 0.5659664730783783 0.1108730992063498 0.09519631800142829 
3 0.2137555595386849 0.5804378414659663 0.13326001191613882 0.07288140786882555 
3 0.2669810884607901 0.5564818486157368 0.07736852146760197 0.049838068395527055 
0 0.7279829791544102 0.5422405631122292 0.01603322800584067 0.052608479982316804 
3 0.5486603224360583 0.5489192208822165 0.03223058959741302 0.04954041252507339 
3 0.630029362925767 0.5411378591536419 0.031343765324658365 0.03718599954388455 
3 0.40655531248171595 0.5556757346806075 0.08729078559219687 0.05485003087168858 
3 0.4564756234657161 0.5466336952045551 0.05235841867580142 0.030805968738148157 
3 0.2980545156669968 0.5576380579637849 0.06433839459402617 0.03580651887794577 
3 0.41383504162963247 0.5502143284945561 0.08227307086198479 0.05644295099087477 
0 0.7180015042248795 0.541907840919755 0.01483462337514439 0.05431643389139481 
3 0.833638789135149 0.5994993430796094 0.15952256554353114 0.11920379245136643 
5 0.6000261712112381 0.5312309595611518 0.021558617812921597 0.03278781842324362 
3 0.4422447439361196 0.5457328664936792 0.06701311140242808 0.043736251493215646 
3 0.47457849641783056 0.5392185501382242 0.044956228100121294 0.0313552717113567 
3 0.6775477803081598 0.5511426288857241 0.04941731905413107 0.0478958022844287 
3 0.5927689679449855 0.53815242194073 0.013928543133555635 0.02036809255219238 
3 0.32935377685262546 0.5533799570254442 0.055331011015289595 0.030533028021698418 
3 0.3688390709140997 0.5497097375119997 0.04408897914016649 0.024939219171154655 
