5 0.322264112287791 0.5506928119418376 0.15062728352535973 0.09139511738037943 
5 0.025519153674110347 0.6238348203458522 0.05103830734822069 0.3351778582844057 
0 0.46813079694453097 0.5375276274541468 0.0066971961506126125 0.03227311204058379 
3 0.5235120418303661 0.5467080638267656 0.03512350305950904 0.054005841826064514 
3 0.25832207885862934 0.5781572554498601 0.1881225696107085 0.09958022754249315 
5 0.3555131949113546 0.5472081311376779 0.11778628572117057 0.0714994337753309 
3 0.6809956449552736 0.5393554499589438 0.046582566139477706 0.033759653853841956 
5 0.5665271661899329 0.537539563713406 0.03974518360754047 0.030221595218566537 
3 0.643515810534477 0.5406752820727423 0.0580361497322091 0.04724101293519078 
3 0.08940578051487443 0.6127673140706481 0.17881156102974885 0.25356848953121197 
5 0.1343294918775259 0.5794257477817256 0.2686589837550518 0.20523861370089427 
3 0.3804741436610401 0.5439184415829685 0.09231363277963887 0.061417880526895806 
