3 0.4519123954937939 0.5382375325671337 0.04947894370876746 0.03401336463597217 
3 0.6398665845832536 0.5518278469100668 0.04149991128826642 0.03812215000876273 
3 0.6583928746722286 0.5497514734688013 0.04853237363885647 0.05096921656047692 
3 0.7444597628997476 0.5495919875041763 0.12385752005598277 0.1288529032627843 
3 0.6210256301620705 0.5487350380259843 0.0286971708725396 0.030514636588277994 
3 0.19415775740169733 0.5544435610398009 0.10176834257484446 0.058239332412539715 
5 0.47750913835823483 0.5354352069672088 0.03575286413051934 0.020531026463186712 
0 0.9299617816379154 0.5614940653219455 0.04632601753453642 0.11495274135251167 
3 0.5361639270228895 0.5459410831389773 0.028825874546348516 0.04423106596801934 
3 0.6843138492759647 0.5535044955968198 0.06961470115844393 0.06926117929276826 
3 0.07357078730413331 0.6544417042253888 0.14714157460826663 0.27946945655989763 
3 0.4633604846883527 0.5394412449082192 0.03935173010094949 0.0248536559202035 
3 0.3499351239653812 0.5580387439890165 0.11115608218734238 0.060517913838361956 
3 0.043315377149810805 0.5731108970476152 0.08663075429962161 0.0746605910314799 
3 0.47029037815411173 0.5336262401419967 0.035733781950283545 0.02375918680673452 
5 0.15891787155701678 0.5589724516030881 0.11337256937623663 0.06224943472340322 
3 0.1286239568939897 0.6011134435554839 0.2572479137879794 0.20781164890635354 
3 0.46209244927647875 0.5379686803489881 0.0428796085865352 0.025783710556073945 
3 0.4736869345557491 0.5395675302719802 0.03560651124183195 0.023370360400821383 
0 0.9115288926423472 0.5648492452482077 0.0403599502303193 0.1199235396750137 
5 0.6049797782824377 0.5348379536333936 0.033233635679862206 0.046293408889089026 
3 0.3125027432906678 0.5583863251945478 0.15447269998570928 0.092535584135494 
3 0.40877281025271106 0.5444186573578716 0.07775502961835087 0.0512971446355811 
3 0.9056270389578611 0.6075625253063053 0.1887459220842777 0.1583912160170136 
3 0.5907995882751872 0.5417150049337527 0.01983800748353808 0.026922273130602938 
3 0.397545401598683 0.5433087039384649 0.07982127246460628 0.04773467822848204 
3 0.12145973511420109 0.5649815391296068 0.11958500671998877 0.0570553467630585 
3 0.2430566534710898 0.5550172678572721 0.0779437866670315 0.039694968607266096 
