3 0.20418641434602713 0.509641375993301 0.08080292820821608 0.06288644731379799 
3 0.04867757853698667 0.49832625148563464 0.09735515707397334 0.07453639043700434 
3 0.025315567582952548 0.5263307080147739 0.050631135165905096 0.11220204108196179 
3 0.6004205642537295 0.5394660650517675 0.04671684558521712 0.03312100851375337 
3 0.9646008297167258 0.7614539414458017 0.07079834056654846 0.39180034016802173 
3 0.3953721563746379 0.5644142177092475 0.07262875467766783 0.08517101756666881 
3 0.004033194767770171 0.671954421239665 0.008066389535540341 0.41804640565458334 
3 0.6668651493756613 0.5569309752616429 0.04241714028086151 0.04508761048540066 
1 0.8432687470463273 0.6215153369285086 0.29570315435212136 0.14832255792712382 
1 0.6473277268869922 0.5506482755850653 0.019769053329470196 0.05905879265440338 
3 0.16404506112635237 0.6251466177551934 0.32809012225270473 0.2947110900640398 
0 0.4171153563820537 0.5365014619185267 0.013831154069320633 0.047973789286541925 
0 0.21480539150177186 0.5566000402297503 0.04095309588000838 0.12229320458986857 
0 0.4629514435352513 0.5255501657580284 0.006357411404088538 0.02789194809656932 
0 0.4819615211826303 0.5285185135066612 0.0068442241577022144 0.025210474221714522 
3 0.6943074498622727 0.556383939710765 0.05602056287089568 0.06546277906261606 
1 0.033395564987451984 0.5881951632692656 0.06679112997490397 0.11923230858336069 
3 0.33107468664350725 0.5727813989272386 0.14082681507952363 0.15241139151998026 
3 0.1549927885673134 0.5063561628007469 0.09194030132383624 0.0638661121580665 
