8 0.20722434035493145 0.6009475321102897 0.08461550861903809 0.06288885507109108 
3 0.5626159432826779 0.5441123749850524 0.0341684389590985 0.041796868895715864 
8 0.37924047602066474 0.5653775472409631 0.019486423649092616 0.026581522286058746 
3 0.540691166322055 0.6317547702445757 0.21076980061477898 0.3694638786843658 
3 0.518750261321993 0.5530456788014481 0.05831761828368592 0.08295648982325209 
3 0.6838876085079465 0.48197442831772563 0.22674226421437504 0.4191117045186331 
8 0.3081397258322545 0.5855207533821926 0.03966593255371016 0.0394748014992075 
5 0.8143869041042728 0.46527135483371856 0.3712261917914544 0.9102000558886703 
3 0.38971920650413466 0.5506706088294715 0.049934010686596156 0.02994700302999143 
8 0.2695431692902321 0.5886908113039484 0.05712021746245988 0.0466608221803867 
8 0.10609568456541103 0.606656621902515 0.12335042162007351 0.07447580639532879 
8 0.3331797925730824 0.5854992172960971 0.03195704322071759 0.034871823320605004 
3 0.597624248049979 0.5522036821733527 0.05318904475476892 0.05784125506230592 
3 0.5228896588542966 0.5779393746438941 0.08532030977370994 0.11437916198944373 
8 0.023473486664577502 0.6012052503819277 0.046946973329155005 0.07718220241937211 
