3 0.5969697110056643 0.5397932398272519 0.020770539245456448 0.02511973680542724 
3 0.5810800357261072 0.5308655314687786 0.012747016716684385 0.02126357345046377 
7 0.6877389187450725 0.5530281059214355 0.11001345184933449 0.11039771701998834 
3 0.0718971568865818 0.5715300458159479 0.1437943137731636 0.1160067602676974 
0 0.6134398179737259 0.5342324648719355 0.005244578190692977 0.019950269892657767 
3 0.5438425250303572 0.5432280278864293 0.030296164896211408 0.04647288470328464 
0 0.920169250142395 0.5459680390398765 0.028878207888263036 0.09591527782618692 
3 0.1232901887759524 0.573420965479961 0.17876419745588173 0.08347172277208466 
4 0.46759029677340763 0.5256903474333632 0.06827756315815961 0.10610134529943448 
3 0.004788493630907973 0.5853195529047128 0.009576987261815946 0.1206690566210166 
8 0.7074178632215317 0.6290878308300847 0.024915394568615596 0.06368275771397976 
3 0.21948143392480746 0.5697413891911639 0.1345738008191031 0.06553017061146685 
0 0.8289537274082787 0.5393760849299247 0.02095611407282462 0.07596640067064989 
8 0.627291699350627 0.5823494040664565 0.011266196341849622 0.03437221797203594 
0 0.606912840438669 0.5330405399650835 0.004858649758002756 0.020457267290403758 
3 0.5945210377776361 0.5399543785057243 0.014847314514950511 0.019112117231666226 
3 0.32493201416800543 0.5449285170998887 0.08518284501323944 0.04720102000485352 
3 0.17916690840248076 0.5563537238748262 0.15361456271648652 0.08128118796404225 
4 0.43169993292753744 0.5169782289066868 0.10416079780139498 0.14996895796939175 
8 0.64504501802097 0.5959483042545924 0.013558900794547454 0.041559615686859265 
3 0.34976877729447453 0.5426114611922433 0.0681161991385833 0.04260493579218405 
7 0.7573688083107389 0.5430880716193544 0.1632030147687712 0.08159251811565178 
0 0.7914735044641876 0.5379441127602426 0.019820037665306815 0.07066064647981439 
8 0.8577449945942425 0.6957498506436351 0.039389889723780554 0.11136710712780212 
