3 0.08042841156446918 0.5118936827055053 0.1364179239487247 0.0876236191112526 
0 0.45567938857213003 0.5298656213092525 0.00892641470521383 0.03322972561233005 
3 0.13863338336510975 0.5245038675442634 0.10917815688048002 0.06995336741552283 
3 0.5306338640089385 0.526567319200972 0.012234370758734627 0.016291533854790336 
0 0.5490903828964422 0.5307079669701673 0.003261178366468087 0.01809102659536298 
3 0.6472089878745482 0.5487585467501354 0.05646468728788747 0.03804506704633089 
3 0.5998804125040278 0.5419532038034665 0.022281589805254853 0.025293984851660033 
3 0.26996068852011745 0.6037257861660275 0.17225913396045325 0.1667800799498066 
3 0.7043713817341859 0.5671242803301215 0.06096993484797025 0.05918136024343053 
1 0.8856804047649461 0.6359203123999191 0.2286391904701077 0.16678402153351998 
3 0.4841325125372729 0.5452568584243421 0.02722120516123411 0.035278756727418946 
0 0.5439453679498223 0.5262260179319829 0.004763346955327137 0.020228932165317955 
1 0.7444091327890827 0.5748999639268857 0.04765782796927311 0.11506621680674048 
0 0.3848297763718273 0.5446626133747707 0.018049411123036735 0.06005577722677237 
3 0.27708123509150445 0.5418953645489891 0.08117129864950666 0.07017129960049771 
3 0.6895426762404878 0.5552347153445937 0.06529474545574601 0.038433834196716817 
0 0.4499615249211786 0.5296978979524594 0.007569091408655098 0.03159940542779547 
3 0.18899594872065487 0.5338270872372156 0.10407111946912136 0.07674682529628891 
0 0.4701036364763999 0.5363128193590667 0.007819068125612673 0.029718404936639835 
3 0.755840097897848 0.5695170794854112 0.0915025194159857 0.09339870602367442 
3 0.12601269461938563 0.6759438049464095 0.25202538923877127 0.4230193793660369 
3 0.04410364499533333 0.5094738192283644 0.08820728999066665 0.08498212057428658 
