0 0.5152474803049288 0.5326759615293901 0.010088803284895179 0.03624160661762864 
0 0.46798226089360273 0.5115703710608248 0.007536602825142893 0.03290797371667477 
0 0.3578172809894151 0.5265520479198333 0.023136950386953216 0.0798674355634791 
3 0.5330066022740141 0.5282685089225558 0.02172500578592867 0.030376792917265714 
0 0.4831069015836612 0.5280662452792632 0.007551096114227107 0.03553003815866652 
0 0.5387899003272872 0.5314680883548235 0.012528493557596007 0.04310641987099757 
3 0.737812526932985 0.5800735883894764 0.10082327343737973 0.0872481048383225 
0 0.5297115714368414 0.5313827282872122 0.010782032002611075 0.03967352533024773 
0 0.4905455443641929 0.5331027454628842 0.008739874728218381 0.03666422691840448 
0 0.4615484197608242 0.5128499621165888 0.007503098450177035 0.03244472040901441 
3 0.13096663955298993 0.7294457968044219 0.26193327910597985 0.4468013799206445 
0 0.4708445791708341 0.5251301942060307 0.010622917683476417 0.040247463945415736 
0 0.7035088532333447 0.5504314654175032 0.01261229306183651 0.03086894301155951 
0 0.6498924877637111 0.5299335542205235 0.009506869384569683 0.034460047569831176 
0 0.3404168326612966 0.5286296726348226 0.02232035562449454 0.07820046030752559 
0 0.05941592519720808 0.5834240671503994 0.09114401146295047 0.2104227698941232 
