8 0.2072381402751393 0.6015114832619552 0.08460374586318324 0.06289735414844573 
3 0.562600265592352 0.5446296804957879 0.03414618066816161 0.041772557327906835 
8 0.37924911930721567 0.5659253313355164 0.019484506004711123 0.026583857431009883 
3 0.5407653824265988 0.6323693808206142 0.21091585282808745 0.3697427328748906 
3 0.5187575999169549 0.5535786722296505 0.058317290203367664 0.08296090402541406 
3 0.6838909499357572 0.48252747421942666 0.22675165634322747 0.4190381867462774 
8 0.30814924403372784 0.5860756217749266 0.03966152672990599 0.039479702899943354 
5 0.8143749099781666 0.46592508353643786 0.37125018004366683 0.9099071052961728 
3 0.38983537400485746 0.5512149718706238 0.04992406867428109 0.029950059624344792 
8 0.2694848779148075 0.5892363681104787 0.05711190057636973 0.04665452617773749 
8 0.10611737304223566 0.6072303214054737 0.1233289241660437 0.07448617064370953 
8 0.33318817146105156 0.5860518390900405 0.031953950710766926 0.03487605820083957 
3 0.5976299578373407 0.5527278575510495 0.05319154980013046 0.05784518498883074 
3 0.5228972049246413 0.578470629053786 0.08531887468197766 0.11438609753267605 
8 0.023482223376838616 0.6017889157349611 0.04696444675367723 0.07718872360410267 
