8 0.20719255894788952 0.6007089017855921 0.08461986961949937 0.0628719412083208 
3 0.562606850717166 0.5439663688267821 0.03417434315006489 0.0417990552624446 
8 0.3792164183902857 0.5651799768069374 0.019485818199942315 0.026576825505885988 
3 0.5406863229066895 0.6315677953724448 0.21068419765974666 0.36930753144208917 
3 0.5187319568738495 0.5528840408466916 0.05831196871701799 0.08294223760698123 
3 0.6838702215747788 0.48183916097084356 0.2267233436274534 0.41912974704125266 
8 0.3081130626333705 0.5853055140693125 0.03966641339617734 0.039465280666846764 
5 0.8143922537277621 0.4651466751060232 0.3712154925444757 0.9102663444812429 
3 0.38966417920849894 0.5504762855636056 0.049936217717312985 0.02993529631051653 
8 0.26953382587810426 0.5884737776310197 0.05712497740127383 0.04665614207072066 
8 0.10605642699570457 0.6063918399911464 0.12336081777703932 0.0744535375027043 
8 0.33315383753172684 0.5852902138001922 0.031957048239071854 0.03486405688180494 
3 0.5976048333445142 0.5520635825208138 0.053184437832883236 0.0578301781798781 
3 0.5228726921115779 0.5777794232426173 0.08531277849163992 0.11435828281488473 
8 0.023451793846976435 0.6009135376539684 0.04690358769395287 0.07716858739084298 
