3 0.4936407761214801 0.5220682392379835 0.036291890449240964 0.02591157044147647 
3 0.6261048320590209 0.5273707634266414 0.025340103829625493 0.0259065376117843 
3 0.6585519322607069 0.5231359068234601 0.04769435490602895 0.062297364553700794 
3 0.6169419664890274 0.5251590020737738 0.018983888019549228 0.02205935458829395 
3 0.7362783600864691 0.5449101033249545 0.08768650427452528 0.07876297619565656 
3 0.3433894347012526 0.5338293534111557 0.05674340357734433 0.03649447061563541 
5 0.8067849809824196 0.5580193114708445 0.15064499797874648 0.11950867293648217 
3 0.1586240621193413 0.5744570070910492 0.1632695850348305 0.08738537169708081 
3 0.24429986449181834 0.54511872769633 0.08708181476670163 0.05522717143385111 
0 0.7527847401419425 0.5276773550796977 0.018168089753081915 0.05815512574879607 
3 0.5550173865501665 0.5332156240009401 0.03166365813101791 0.04868488459407129 
3 0.6421662331717163 0.5262855552206362 0.03479035781082125 0.040446720316585735 
3 0.3924791170701289 0.5445854498258677 0.10119083822054868 0.06319999996320386 
3 0.45417544885914296 0.5322597343948675 0.05705433652476863 0.033627415868887865 
3 0.2820864684503998 0.5448131964256826 0.07095826247979194 0.03917079725317434 
3 0.40337666445819753 0.5365316949045079 0.0938187453127432 0.06409192756118375 
0 0.741612968589257 0.5268438744561116 0.01669729002072529 0.06002459572995147 
3 0.908286806133719 0.6148641142419871 0.18342638773256198 0.1723241214034923 
5 0.6074734122853411 0.5157343458074505 0.023002527887810657 0.034600362538014906 
3 0.43825847938721846 0.5319073380646835 0.0734777752429477 0.047969586667268166 
3 0.4742686117233531 0.5263068924561932 0.04812936447332497 0.03362505646411459 
3 0.7001193870939867 0.5379791338287226 0.058312297478189945 0.054428576993276655 
3 0.5995622210628042 0.5228801021909567 0.014693881064043736 0.0213140747729661 
3 0.3182448607258296 0.5398787883349424 0.06002754081425082 0.03304487336388099 
3 0.36317122991881234 0.5358150302009839 0.047052861874251874 0.026610498049788146 
