0 0.6758351955823292 0.5411019093190707 0.010754341270857708 0.040235720720906566 
0 0.4680512298332556 0.5126302713273347 0.0066203333558517135 0.029162543631757354 
0 0.46738539699116455 0.5131448820934339 0.009460012993188514 0.03692934554994932 
0 0.4725469281984572 0.5371505026351158 0.01257950545886935 0.04504959376185045 
0 0.4599250738598103 0.5150839755515619 0.007809548106118811 0.03665951290949933 
0 0.31325699773406823 0.5376847147693344 0.03170779079585682 0.10302913027136318 
3 0.5343105956187671 0.5334321279363486 0.026012749294779314 0.03665149423357794 
0 0.4368771169502263 0.5345097593517166 0.01137159343219622 0.04571737360812935 
0 0.579671776633691 0.5380607477188998 0.014247716725080793 0.052925847487574944 
3 0.888881342099344 0.6306600881549027 0.22223731580131215 0.16781624214942326 
0 0.4916597964696485 0.5385103512149287 0.013772528968696776 0.04949379220468175 
0 0.4449256722235755 0.5390345517368681 0.013775934005772258 0.046628888614835974 
0 0.45291063354664807 0.5155674683218803 0.008973155902656203 0.03608006644842962 
0 0.42392731874741424 0.530951372094999 0.015075115071895625 0.05268991580271783 
0 0.740612397026426 0.5576551239997909 0.01584660200595323 0.03755413030425479 
0 0.6856136290730466 0.537452641437346 0.012562578218162344 0.04396219129019521 
0 0.27646511557261655 0.5355163407557696 0.03291606501434611 0.10460836070510582 
