8 0.20715129871626828 0.6009630134317273 0.08459951977656846 0.06280673259723484 
8 0.3791809704759528 0.565593799844166 0.019476878544714395 0.026559130840606588 
3 0.5407718967949866 0.632686979238711 0.21162627621891283 0.37097854085773657 
3 0.6838538526625648 0.4825633243326188 0.2266684873668016 0.41904278161826963 
8 0.30807323694368616 0.585651037430071 0.039653910995096416 0.03942954766097886 
5 0.8144143410286568 0.46616841747883697 0.3711713179426863 0.90990635592321 
3 0.38995260634879514 0.5508917558418879 0.04990185527521966 0.029879794486086932 
8 0.269084357354161 0.5887057435880055 0.05709219987834704 0.04653943198138582 
8 0.10601606285611276 0.6065431207173063 0.12333418691154174 0.07436433941875269 
8 0.3331122402600794 0.5856602224762789 0.031946632859888524 0.03483555510132678 
3 0.5228622723893596 0.5783321342726989 0.08527259830149625 0.11427436600335941 
8 0.023422009476396683 0.6009706105296775 0.046844018952793366 0.07713062429588345 
