0 0.5477147499481456 0.5338571803201214 0.006220388163739159 0.022925420304777618 
0 0.4275031868319086 0.5362394703795523 0.011278223955783774 0.04465576082969568 
3 0.5261487574173463 0.5294250764812982 0.014836570217952599 0.020346584850678875 
0 0.5324132447241289 0.5313823866458656 0.004113553945033459 0.022780141106502092 
3 0.7835425457113445 0.5735053737160392 0.09354998187213014 0.061346007523768106 
0 0.49271884544335254 0.5289036896534944 0.008560946408577123 0.02866566478658601 
3 0.6207137659199395 0.551164072646989 0.033706570566259586 0.036377044366896344 
3 0.04951041435870461 0.5282645008565333 0.09902082871740922 0.09836521062471364 
0 0.848395698546467 0.5948007741546807 0.020253996151697748 0.07296319762347088 
0 0.5592282302358246 0.5308739364602955 0.00794352881091335 0.025235307572631944 
0 0.5330433172003946 0.5340248190741613 0.005220496844680085 0.023129073328095728 
3 0.9099482786182097 0.6366725503012358 0.1801034427635807 0.1630884770416754 
0 0.4765007239124406 0.5216876055600054 0.006772711436173466 0.024270584526876936 
3 0.44702653205161114 0.5583220862689724 0.050695438925335456 0.06001976990638872 
0 0.52260879706136 0.5301098432375968 0.006049407796600548 0.025542087663885063 
3 0.8892550355191284 0.5757613018850093 0.08763337686694357 0.06158189587940386 
0 0.2365273822520153 0.5603465049977405 0.044640382678964946 0.11745119477709598 
3 0.715287400740844 0.5828726995566835 0.09177736776858765 0.08184265536332078 
0 0.4196129018883151 0.5313653194531256 0.011753357136987717 0.04269652864078062 
0 0.4277632834501332 0.5448820512116511 0.013031385347478022 0.046043433599007054 
