8 0.20721650687042306 0.6011177215552842 0.08461431515282013 0.06289376259189883 
3 0.5626196925845607 0.5442638869006459 0.03417102319045291 0.04179928292422188 
8 0.37923406150927996 0.5655387131637741 0.019486243812115164 0.026582789017854352 
3 0.540698013225888 0.632240864706393 0.21143719233413194 0.3706396304833693 
3 0.6838785748218057 0.482130715188352 0.2267436442227355 0.4190888877739657 
8 0.30813264602349166 0.5856858131954621 0.03966549288195882 0.0394774677470762 
5 0.8143779587202474 0.4654530553731949 0.3712440825595053 0.9101072057343854 
3 0.3900795958245969 0.5508215406099631 0.049906932325509745 0.029941078012640978 
8 0.269257602834722 0.5888085799561372 0.057113586346528605 0.04661751213096396 
8 0.1060874175693515 0.6068323762576531 0.12334815608722131 0.07448229691449745 
8 0.3331728028232622 0.5856630117635564 0.03195678021414387 0.034874047458981115 
3 0.5976173793507058 0.5523527399871604 0.05318986503495239 0.05784325881777085 
3 0.5228829702229755 0.5780924079978591 0.08532078745435748 0.11438326356524076 
8 0.023467985246221703 0.6013844740307844 0.046935970492443406 0.07718311892551974 
