8 0.20717677331763093 0.6015134898880617 0.08461315401678764 0.06290129917732669 
3 0.5625578712885707 0.544631765903665 0.03414998044001493 0.04177765188747862 
8 0.37920223832263367 0.5659251132720561 0.019485506623836243 0.026584579768404525 
3 0.5406494824249807 0.6323562794555762 0.21088104813115613 0.3696860411101924 
3 0.5187148812141748 0.5535785186899779 0.0583174670518968 0.08296102487422205 
3 0.6838424185054345 0.48252884934905144 0.22673972706179263 0.4190289834476617 
8 0.30809766183864823 0.5860762713232258 0.03966455417099524 0.039481396363357374 
5 0.8143531659613958 0.4659296379508233 0.3712936680772082 0.9098592865248945 
3 0.38976661160414594 0.5512148881594815 0.049927894778160606 0.029951075917657336 
8 0.2694362821737341 0.589239362698193 0.05711804088386728 0.04665870545433961 
8 0.10604260279897383 0.607233570420942 0.12334693232572808 0.07449237409747374 
8 0.333138433159694 0.5860523687638773 0.031956113804895526 0.03487739273578951 
3 0.5975865760567952 0.5527277439894922 0.05319033096131641 0.057844427115744564 
3 0.522854440157027 0.578470725956726 0.08531899991463433 0.1143865048500825 
8 0.02344051364618163 0.6017841076688581 0.04688102729236326 0.07717967072833605 
