0 0.476446237311584 0.5113112405028785 0.007737525325068617 0.03163674616002121 
0 0.5073008861394707 0.5357033668645553 0.011081626522825374 0.03856389730032517 
0 0.466344006928481 0.5142285120316006 0.007053462046000903 0.034017313901745755 
0 0.3464098290292301 0.5302506655477904 0.02547919808237275 0.08617414655883743 
3 0.5343284436288332 0.5316346312609269 0.0228179609017009 0.03198884196170177 
0 0.47108405915545704 0.53055674525619 0.009015816730291703 0.03788607757659994 
0 0.548206809460267 0.5355693690638227 0.013187422769995365 0.0455369912835707 
3 0.768910858847442 0.5931820238211947 0.12357872288877858 0.10243515118171066 
0 0.5223786285892578 0.5353572823166404 0.011603970191680303 0.04216014106454566 
0 0.4805763687312107 0.5359144290057596 0.009504366000962747 0.03906580181828171 
0 0.4600456542686364 0.5151905510775087 0.008018009601814811 0.0335303139527589 
3 0.04772744010947756 0.6968543621511905 0.09545488021895512 0.3687135317565477 
0 0.45938923712329904 0.5258288698741098 0.01201026259476052 0.04308375725844959 
0 0.7137324962559782 0.5562032356696976 0.013475276710936583 0.03268970939027194 
0 0.6592830904322281 0.5334810298857217 0.010264185682721347 0.03675853967401704 
0 0.3244623357258823 0.5315643762497683 0.02450749930379711 0.08490256736399987 
