0 0.5446225908003475 0.530205148949292 0.006630392792485722 0.024427118054220123 
0 0.4192904227601947 0.5345728815534982 0.012389328877963379 0.04841449620879928 
3 0.5263529424708667 0.5261130525669092 0.01600604138702785 0.02154180580440943 
0 0.5290398102579682 0.5279288386817059 0.004341104864826733 0.024243741403593554 
3 0.838066222769114 0.5782086852118268 0.11033857452129694 0.07121980303867657 
0 0.4963020016631951 0.5242277381848217 0.00899748932371665 0.030353401774978767 
3 0.6303373592145506 0.5502711606830806 0.03818458920431738 0.040325298262692655 
0 0.888962166528255 0.5959857095196902 0.02539110250739981 0.08670717813798913 
0 0.556587902864527 0.5276607819280043 0.008384575635519767 0.026888342317654974 
0 0.5290014189227523 0.5314188611428012 0.005517459721045768 0.02464916977380268 
3 0.9594497235843983 0.6466137349810591 0.0811005528312036 0.17031512922643016 
0 0.4733868574140698 0.5173741093536689 0.006617498040490162 0.025351254878784174 
3 0.43209943414188945 0.5607106825504345 0.0627395834995506 0.0714560023922181 
0 0.5174917797486309 0.527760924389361 0.006406638259254436 0.027199056019524492 
3 0.9481871962602708 0.5805349389343015 0.10362560747945863 0.0720060970142594 
0 0.15692807610789675 0.5654759602527101 0.062157053320079286 0.15054660443052215 
3 0.752033005688976 0.594829980582585 0.10528598216023057 0.10705463027974992 
0 0.41157490367282185 0.5289033183057513 0.012517247438509998 0.04636032169958728 
0 0.412373176521226 0.5432269376260609 0.015206206521375023 0.052818720508678134 
