8 0.20714108311046484 0.6011867287918194 0.08462506777418448 0.06290088878629023 
3 0.5625344165670336 0.5443100711004165 0.0341480932389905 0.041775272961026594 
8 0.3791761794017978 0.5656002450701101 0.019487415342162324 0.02658428646828112 
3 0.5406493777036897 0.6322700808183519 0.2113719636610374 0.3705330021929423 
3 0.683817485671097 0.482189845023159 0.22673038360082132 0.41906899951752363 
8 0.30806901544625637 0.5857504574480987 0.039668972556781486 0.03948081201345537 
5 0.8143484368842364 0.4655240176743113 0.37130312623152717 0.9100137465794387 
3 0.3899909772515386 0.5508832188971121 0.04991222227281775 0.02994411612961042 
8 0.26923435850236016 0.5888784996124358 0.057116913033345894 0.04662564580808193 
8 0.10599603103051612 0.6069058763017717 0.12336867332856105 0.07449290868317247 
8 0.3331113845760077 0.585726818516489 0.03195929799475593 0.03487673532936425 
3 0.5975633661795695 0.5524078509486618 0.05318885666671506 0.05784347257996571 
3 0.522829783136571 0.5781499408525618 0.08532137664468238 0.11438596241432694 
8 0.02341672403302546 0.6014505769526672 0.04683344806605092 0.07717307834686804 
