3 0.48288568793177095 0.5326561717774355 0.03143833928411453 0.022908973477907844 
3 0.5940797406059969 0.5351956108941764 0.019879776665107016 0.02149528090983223 
3 0.9662126318374916 0.6594828501361656 0.06757473632501672 0.25761007726522467 
3 0.6121493058867777 0.5317850944733256 0.032733428303801375 0.04659530784346486 
3 0.5876845371885817 0.5341443314568033 0.015494722877189773 0.018722402154178138 
3 0.6516100101683661 0.5433598000227329 0.04817669203470814 0.05053594895445151 
3 0.3614461909570038 0.5453277711214631 0.046019106233940905 0.030650481751325804 
5 0.6770726192391473 0.548236325962502 0.06697251658987213 0.06573056563916402 
3 0.2861247033300717 0.5704237414926254 0.09476781897403257 0.055343085999614725 
3 0.3005551046506052 0.5527866067154215 0.062519509478043 0.042255759188304674 
0 0.6803757943109594 0.5332730240375142 0.012566255123788608 0.04324828491855505 
3 0.5338543450418088 0.5452230574116662 0.03327945359353933 0.05137857668031346 
3 0.6035425690936308 0.5341904990736743 0.025625366619558533 0.03188255720402354 
3 0.4212340647387903 0.5485757309245461 0.06709611358314682 0.04379651639213086 
3 0.4559422244546973 0.5431028787163865 0.04439846784474135 0.027009788856654178 
3 0.3214945450683828 0.553446905239763 0.053686075151912684 0.03134487168880083 
3 0.4267931028337004 0.5446247143541748 0.06472800288046052 0.0459946857700799 
3 0.028452163724048348 0.5931847100545141 0.056904327448096696 0.07619647181604888 
0 0.6720298724068599 0.5334580978457483 0.011772463677867932 0.04458312925012308 
3 0.709484616972133 0.5635453442630894 0.07706263721802416 0.07089977407397745 
5 0.5803971129041525 0.5261824110449032 0.01894252312055137 0.029731944489756756 
0 0.8618916489896437 0.5462259177830173 0.038222065659782915 0.0912038194902838 
3 0.4444906575983163 0.5406758632096883 0.05628264929462397 0.037852484178406046 
3 0.4705913709434701 0.5354375594316048 0.03939883841755851 0.028250152313884454 
3 0.6358669012710622 0.53984813231383 0.03612892706308834 0.038210000479509114 
8 0.1794431734191849 0.6007837726496501 0.027970485425393436 0.06316223922081349 
3 0.5751192037874437 0.5327364995656304 0.012559627970350604 0.018767872205554127 
3 0.3449032526523702 0.5506039837054438 0.04751484615165026 0.027316912012749096 
3 0.3751458763605821 0.5475082375630934 0.03897815527185159 0.02290463894756499 
