0 0.7574768087953784 0.5724456006795131 0.01788642724792652 0.0608660743282963 
0 0.4555131696960655 0.5305306706506812 0.009031144862384011 0.038678224424051943 
0 0.6120936183421256 0.5440391924820187 0.008295622327457721 0.03130765530251059 
0 0.43137844154562777 0.538869577037493 0.015612349653599011 0.053855848320460746 
0 0.38458922952235003 0.564719745673707 0.023331376601861322 0.06950258372616128 
0 0.44806652914947476 0.5333874461830875 0.008493951601337955 0.03979295538494619 
0 0.6400550086415124 0.5461307592533324 0.009879891902232317 0.035249905442798116 
0 0.26035247427598274 0.5755864473709594 0.0383045038045109 0.12292825043320464 
3 0.5322666748573591 0.5526766969132829 0.031171616765106835 0.04458010384939661 
0 0.9989684376936512 0.5845034128732118 0.0020631246126976066 0.0699251556034338 
0 0.34660502176124836 0.562199905534239 0.01893073570266573 0.07314556190846853 
0 0.700814732234531 0.5718484087012894 0.02076761587749644 0.0709274294294941 
3 0.5553295082393431 0.5411812458789909 0.031682706922020784 0.033707225005891815 
0 0.3907969944479481 0.5560161092438957 0.023898751361854806 0.07052389105389832 
0 0.36264146539061676 0.5711624515497414 0.02111134773955726 0.07834544921292011 
0 0.4416665192909355 0.5325203702431358 0.009539737189835692 0.03927489053662081 
0 0.33806287041942457 0.560186671478002 0.02385837988196805 0.08755909072292499 
0 0.80385196428369 0.5859992532067594 0.021719895080735938 0.04934209364100638 
0 0.7745875325429558 0.5644017939400539 0.021205442464388824 0.06671290927921486 
0 0.22173067659441906 0.5748578244083803 0.04447355190115406 0.13361953636826987 
