0 0.7088518433006102 0.5462593876581852 0.01372446204136594 0.04903633098405066 
0 0.4622978542492797 0.5203837047017537 0.007319745832576885 0.033494648016203235 
0 0.45113774186272876 0.5199512543889416 0.012569479471429973 0.04431057472495392 
0 0.42432040932146436 0.5415233375575589 0.01863518508596691 0.05471537806095929 
0 0.4541119915464887 0.520416501652693 0.00826686211248834 0.03820300234865038 
0 0.623965524882868 0.5314370414849887 0.008707972829371188 0.03123501113695877 
0 0.28514029056659224 0.5571007163001698 0.035530093796106284 0.11441631801724522 
3 0.532853238540505 0.5398663440542 0.029667987415215365 0.04157909133186649 
0 0.9267925833648529 0.5693713460136192 0.010573889260759018 0.05943601296953823 
0 0.38760050920963984 0.5421360505768755 0.015116413326947652 0.057453055425562526 
0 0.9369884185293101 0.5705089172145356 0.018988818819866252 0.06675103734481284 
0 0.6333844623121118 0.5488819007401202 0.016840986614304113 0.061253030855083795 
3 0.9540287887537935 0.6526463478737706 0.091942422492413 0.19637597825335484 
0 0.44039969680149915 0.5397554272590963 0.01677116087195998 0.058186898700602493 
0 0.40460497930817974 0.549296152800714 0.0169554296312198 0.059399147299815554 
0 0.44583505697055315 0.523670328460633 0.009403243635478304 0.03777808616158451 
0 0.3859422705642379 0.5417849043650593 0.01780712198919808 0.06700874180471532 
0 0.7703644733882302 0.5671659050263698 0.01861574541273626 0.04320584316773698 
0 0.7208833421830236 0.545436660639509 0.016260798620864422 0.053511395196071655 
0 0.2504522307708029 0.5527435022079717 0.039122256437572105 0.11975142770901749 
