8 0.20720447561761798 0.6006287188167205 0.084615774184537 0.06285813799719399 
3 0.5626166328576444 0.5439520869368462 0.034176558768086805 0.04179908687783944 
8 0.3792252735945648 0.5651300298688754 0.019484419763512336 0.026573195453012708 
3 0.5407107926973539 0.6315152040813499 0.21060133549846377 0.36915970107821466 
3 0.5187427275987406 0.5528593038207873 0.05830737507681867 0.08293184954287218 
3 0.683884067461072 0.48183803427301675 0.22671679058235875 0.41913463197627293 
8 0.30812268355489053 0.5852426297769736 0.03966425592101789 0.039457827628580286 
5 0.8144061704168633 0.4651712867157655 0.3711876591662734 0.9102874932394368 
3 0.38965512475162184 0.5504289960057857 0.04993619193985538 0.02992700067634751 
8 0.2695825384905977 0.588407056581264 0.05711857997480852 0.04664979292340591 
8 0.10607150284283198 0.6062923962598189 0.12335477953811794 0.07443464518831079 
8 0.33316276113876697 0.5852318388517558 0.031955252814802645 0.03485804825254724 
3 0.5976147706797162 0.552053965578969 0.0531819747604353 0.05782267678167241 
3 0.5228845750446233 0.5777555176078351 0.08530650881104605 0.11434300910913647 
8 0.02345973745303037 0.6007994420990509 0.04691947490606074 0.07716420252145813 
