0 0.5276160454292244 0.5258113018926509 0.00839712325358974 0.03200774847175006 
0 0.47283978770458496 0.5056125289816104 0.007986729456368807 0.030611247517565644 
0 0.37832586937099894 0.5217457989813891 0.019493089385292067 0.06849920474559162 
3 0.5303276362916093 0.5210324098821176 0.019750156082725498 0.02742303450511833 
0 0.5027110872063176 0.522056880660943 0.00570344285051398 0.031519291605576615 
0 0.5215522260537029 0.522951114752143 0.01149105297418899 0.03870881061989842 
3 0.6905738956578478 0.5609543941959606 0.07063005480311758 0.06627826157911886 
0 0.5406680925505059 0.5239793089268384 0.009639866676596895 0.03516761266696 
0 0.5064609854144061 0.526500628664794 0.007471002706365297 0.03233869466857104 
0 0.4646538543239011 0.507674102400273 0.007139581191462199 0.03024904229050599 
3 0.25584051036101413 0.6154184489140664 0.25811167332587914 0.2214527951447129 
0 0.4899202609743661 0.5215971752426517 0.008653305160008245 0.03548719700122022 
0 0.6838280434382221 0.5412354252326834 0.011083257321040919 0.027568972704378955 
0 0.3666574280050062 0.5220860369803911 0.01850166137728472 0.06632245205214372 
0 0.2769669871642952 0.5501417127939142 0.03943587023601779 0.11326887184728883 
