8 0.20715212350839146 0.6012332605469257 0.08462039266178302 0.06289391437474516 
3 0.5624874550309604 0.5443648182376821 0.03409533422331663 0.04171385861986096 
8 0.379184141507375 0.5656623211100532 0.019486223889545615 0.026582476144137293 
3 0.5406819913215325 0.6322525566465566 0.21116697699869563 0.37017628956431897 
3 0.6838277446876552 0.48228215912708144 0.22672850694913207 0.4190599323826777 
8 0.3080777092449408 0.58580591234107 0.03966685550745204 0.039477108411221276 
5 0.8143554196750694 0.46564866284880974 0.37128916064986117 0.9099789963186294 
3 0.3899051094677427 0.5509488635217212 0.04991755899431425 0.0299418077840744 
8 0.2693135735956473 0.5889431461290872 0.057115425257918954 0.04663299725565246 
8 0.10601062503374672 0.6069424165897979 0.1233609882227265 0.07448313062664902 
8 0.33311941867557254 0.5857846144939999 0.031957641109634526 0.034873797799103774 
3 0.5975714382552394 0.5524902490064515 0.053187842162507624 0.0578396399313576 
3 0.5228393836067544 0.5782249242290206 0.08531737294212391 0.11437794256775002 
8 0.02342401423558442 0.6014801710627253 0.04684802847116884 0.07717178169670433 
