8 0.2071707182562726 0.6008511935154357 0.08462384969986644 0.06288561672658691 
3 0.5625464464780763 0.5440308668894016 0.03413594582064178 0.041758698185481016 
8 0.37919965878986844 0.5652939949293544 0.019486975023844694 0.02658036712957028 
3 0.5407534693157844 0.6319720653559087 0.2113367190595279 0.37045557231104076 
3 0.683847874188412 0.4819127956393851 0.22672711301250836 0.41911356137867123 
8 0.30809473756693395 0.5854316333581732 0.03966832943500496 0.03947261233198907 
5 0.8143739149849266 0.4652124084901684 0.3712521700301468 0.9101977657098005 
3 0.3899918532122578 0.5505793237762748 0.04991241278260723 0.029935461768655122 
8 0.2692676420029683 0.588556198750346 0.057117079027962245 0.04661826392612138 
8 0.10603003352491276 0.6065520364662137 0.12336703196119611 0.07447226354128336 
8 0.3331363588825508 0.5854121828426093 0.03195864113580505 0.03486999805980689 
3 0.5975874553035477 0.5521402689721726 0.05318655291243388 0.05783687729275572 
3 0.5228539570320122 0.5778692014070316 0.08531789284438951 0.11437218073782024 
8 0.02343704260339822 0.6010857215977242 0.04687408520679644 0.07717113867684626 
