3 0.58409975535007 0.5465989573143503 0.01704573357471304 0.018655666927124406 
3 0.7845224243136663 0.6102449758187743 0.17491862552343293 0.1372001977958361 
3 0.5971011229278009 0.5427633150376626 0.02631614990743877 0.03868996388080575 
3 0.5788527236012668 0.5456265631641292 0.013428513519657556 0.016464624549502736 
3 0.6246202738482093 0.5523832912616694 0.03552753860600639 0.03922740609724536 
3 0.37971864634409513 0.5499666196759352 0.03952295031525296 0.026030299080580334 
5 0.6400018966711715 0.5552814338978679 0.04589977133338046 0.04848500797079705 
3 0.33582075085008056 0.555241773828751 0.050292844903089926 0.034224764910391246 
3 0.05097514103708136 0.5907907754540821 0.10195028207416272 0.1208894507014726 
3 0.010249387955483817 0.597472021538398 0.020498775910967635 0.1319198153513319 
0 0.6539711352996515 0.545877799689199 0.009948940672519911 0.03617677920534801 
3 0.5309952975632827 0.5550309519304132 0.03278043298699473 0.05044879880305789 
3 0.5911053258588739 0.5448836983854649 0.021293040415698315 0.027043270894312046 
5 0.043844094980816546 0.5610390085355391 0.08768818996163309 0.07149447818068211 
3 0.43779052852245537 0.5524168670769092 0.05280304708718589 0.033915027383420504 
3 0.34980595633872374 0.5550694379188656 0.044392965605599244 0.02564677217375043 
3 0.44509021166354573 0.5494286802541529 0.05159013346471134 0.03624468462471782 
3 0.1373025378450063 0.5805191459374248 0.1021732049093874 0.05812262034351527 
0 0.6465604641453138 0.5457362268805123 0.009366873331016592 0.03718383989395275 
3 0.6564524757797143 0.5661386065703095 0.04747660632374043 0.048785095644556756 
5 0.5724200108084831 0.53735009306448 0.016590717213807765 0.026457545512603563 
0 0.7698758039452946 0.5541828636020011 0.02308503020313168 0.059188613210174594 
3 0.4548967384174921 0.5471386976315256 0.047212977632090015 0.031128708349073626 
3 0.4761532593171364 0.543241420412913 0.03424795284229816 0.024058505269098748 
3 0.6145440726962323 0.5501177808719447 0.02783392680838162 0.03066382399889657 
8 0.30352831444830575 0.5788461492721788 0.015071121139865511 0.0397624438250298 
3 0.5685170906125964 0.5433654641550552 0.011236569885503016 0.016940375071244677 
3 0.3673048544489291 0.5534495647160695 0.04029299871333066 0.0226611550604303 
3 0.3902579526238965 0.5526656955508298 0.03392963014690544 0.01949427711973821 
