0 0.6600911681770074 0.536329409692 0.009914463280377532 0.0358949690692194 
0 0.47385102009767976 0.5126301487558459 0.008048652648880364 0.03341258744314359 
0 0.496925639913034 0.5369925159799998 0.011870662859100066 0.04080187652418235 
0 0.4649548240406005 0.5146097250527039 0.007783531509595605 0.03499961308826187 
0 0.3347451339716093 0.5322265114914538 0.027673446772707635 0.09229449324960722 
3 0.5346093191571941 0.532122932562257 0.023753733151519185 0.03339556779187136 
0 0.4607429733665765 0.5308403296899524 0.009665330237616203 0.040373221240172556 
0 0.5582357065648436 0.5370190624340576 0.013478024870563203 0.048018342913991506 
3 0.8048676704202891 0.6044653715349741 0.15277428185501393 0.12040487736449601 
0 0.513561054805872 0.5355544317913487 0.012429228334619324 0.044624738259130936 
0 0.4700096310695473 0.5368216683784754 0.010218589929852797 0.04141640659806386 
0 0.45824066629947097 0.5152337259432117 0.008456033626149448 0.03449831760669093 
0 0.4473668622637971 0.5271176801679164 0.013276163976114362 0.046031615188728794 
0 0.7230734829946326 0.5578382728423751 0.014310654965263013 0.03443123302192608 
0 0.6683801235642994 0.5347485137813466 0.011027209386019478 0.03912394115162549 
0 0.30712262241758653 0.5315750781261193 0.02753065669958712 0.09174014645645369 
