8 0.20713938029121917 0.6010459637484822 0.08461337485341971 0.06285234395870361 
8 0.3791733701546032 0.565572032722642 0.019482171120095232 0.026571281825953797 
3 0.5406587089746193 0.6325130065176157 0.21160754470799148 0.37094511214040393 
3 0.6838308915037007 0.4823574926167823 0.22669658723353395 0.41905755895910385 
8 0.3080653983964523 0.585674065965578 0.039661712230161045 0.03945432468891669 
5 0.8143806486036005 0.4658271914708755 0.3712387027927992 0.9099652351261723 
3 0.3901410687840818 0.5508579098751049 0.049893619225797464 0.02990615781061327 
8 0.2690994620693469 0.5887575851351728 0.05710612879784595 0.04657482276638108 
8 0.10599768633892723 0.606693093478309 0.12335367878526889 0.07442675888475896 
8 0.3331062690583401 0.5856674438226612 0.0319531269877621 0.03485544257207184 
3 0.5228416986287521 0.5782197558885789 0.08529626441932756 0.11432809428203351 
8 0.02341477523026469 0.6011760795226573 0.04682955046052938 0.07714995926319565 
