0 0.5404557313392714 0.5288346085919513 0.006992043967316164 0.026017650464874073 
0 0.48409284002558667 0.5116638888430484 0.006726864901499283 0.026752652211993994 
0 0.40978338960124355 0.5321101559119147 0.013592111119051396 0.05251464739947734 
3 0.5263796145142368 0.5247942086718238 0.016644538618279015 0.022722115371223785 
0 0.7722969721543248 0.5740124855279477 0.025321992400393328 0.06711859190005075 
0 0.5245792438242455 0.5264585183564711 0.0045510668056796535 0.025798374151198813 
3 0.8924403305283446 0.585471788151125 0.13260300521095914 0.08400077048256353 
0 0.5005054804305346 0.5248998660737589 0.009369387448893747 0.03214758230346016 
3 0.6408377360447755 0.5513625638060048 0.04354353954137359 0.04476662528213416 
0 0.7839756057846373 0.5838114594002145 0.02239174499718388 0.07439476000781023 
0 0.9493169652585904 0.6082099752873886 0.03172596516931918 0.10603492382001194 
0 0.5528431846262223 0.5263630552994196 0.00881293280823641 0.02863839212503927 
0 0.5237371098234569 0.5300658797288595 0.00580117243927333 0.026269691465989682 
0 0.4706642231405483 0.5152385114649184 0.00621372619242365 0.026405816278291607 
3 0.4116321224252338 0.567631559374732 0.08002468234556204 0.08707658310468698 
0 0.5110078449702712 0.5264513689281684 0.006838640136699752 0.028956801821629737 
3 0.9802360142610468 0.5871349289581326 0.03952797147790648 0.08350325716834707 
0 0.0402903199744298 0.5796790575354642 0.0805806399488596 0.20242990728811833 
3 0.8091461636303484 0.618583414706479 0.11979293746631768 0.15154169669273668 
0 0.40168565915794463 0.5289829001625943 0.013305997299941126 0.05036738993672707 
0 0.392321886754021 0.5444731256602746 0.01812567645178483 0.06138480521583959 
