3 0.5867436830203339 0.5420807515134183 0.018350850014354308 0.019975709567803885 
3 0.8819244964815681 0.6601309361413732 0.2361510070368638 0.24582713840395398 
3 0.6019388663244648 0.5390342215250726 0.029175658487075325 0.04227594680582544 
3 0.5810239992806919 0.5417895682601327 0.014475066187873012 0.01752117573717227 
3 0.634582283153487 0.5489821457094214 0.04093316071378482 0.04418542415464445 
3 0.3688273430967376 0.5484704723239668 0.042668351202216716 0.028218174163014535 
5 0.6543425756048393 0.5532812822082852 0.054897013442257364 0.05581924623610386 
3 0.3172028159169267 0.5546647277618925 0.05601112114769162 0.03794488270997078 
0 0.6639739052775799 0.5408793412971022 0.011109581545568403 0.03938325943717574 
3 0.5304631367593329 0.5513814442977827 0.03314963847752424 0.05110098351231152 
3 0.5948399087483237 0.5407072079451534 0.023258617174014874 0.02926731389648012 
5 0.006187119928121581 0.5625444129556985 0.012374239856243162 0.0713228235768669 
3 0.42825358959055976 0.5512013286523474 0.05926268238545866 0.03833863032245745 
3 0.33428887136298074 0.5549385586699411 0.04880771166552826 0.028257037244349338 
3 0.4347136634567889 0.547779868692547 0.057570299292399055 0.04064520429785754 
3 0.06593354990022417 0.5884921270000869 0.13186709980044833 0.07111552496206255 
0 0.6561210926219982 0.5408829153270399 0.010435604419758847 0.04053642349539132 
3 0.6767352326050416 0.5661657962761433 0.05913604321973793 0.05791868715797793 
5 0.5741510128458528 0.532937453496814 0.01768662727107099 0.027997089349546766 
0 0.804046084177925 0.5510820565209232 0.02890252781783559 0.07171794679133686 
3 0.4479834985222888 0.5453398318623526 0.05146002241128585 0.03423190144576002 
3 0.47144992158790056 0.5403285030937588 0.03670035242965398 0.026019776650620656 
3 0.6221681590715332 0.5471159438576348 0.0314611169514594 0.03403424148856156 
8 0.2520060903356292 0.5873742802378891 0.01988034479789448 0.04903106374866999 
3 0.5696073158879782 0.5391995792277303 0.011858543456958871 0.017806026748521366 
3 0.35450281422756574 0.5527729234354614 0.043768838866338554 0.02483746768171588 
3 0.38084211374184135 0.5509569300719288 0.03639241092982729 0.021104152166746215 
