0 0.6987381065003707 0.5409926291616389 0.012854260387805993 0.0467706112402183 
0 0.46288631245654416 0.5186703731722612 0.007041384927993946 0.03244469901928356 
0 0.45425410668362254 0.517342905114968 0.011009727609850728 0.04243948510792677 
0 0.4330414487887946 0.5395840357458952 0.017921818395259095 0.05219112985066684 
0 0.4536797435504357 0.5181772407931114 0.00811214289613659 0.038040306270392725 
0 0.6200052790585584 0.5289093758181594 0.008491296851999125 0.030440529007079945 
0 0.2888881549890535 0.5520135852260487 0.034854165272517224 0.11305196159769215 
3 0.5321037218584338 0.5366473588148682 0.0286291057679356 0.04051662117428344 
0 0.911496832946767 0.5661899150721629 0.009926022886887438 0.05722006605783987 
0 0.39568136283371075 0.5385613967712556 0.014295435495769199 0.054708996735110926 
0 0.9209287047607333 0.5672563945612243 0.017964546608911718 0.06419929900031687 
0 0.6184270153508636 0.5434864432917559 0.015965402423279828 0.059385558799107105 
3 0.9349054955548292 0.6484638250491218 0.1301890088903417 0.19859882961610562 
0 0.45245689741302086 0.5379594814587471 0.015303039215823945 0.056212608280771535 
0 0.4131600657767186 0.5458722759722945 0.01599202693176629 0.05608571695888094 
0 0.4462689320207434 0.5180311148453737 0.009499862126753342 0.0374795041716186 
0 0.39397455019410416 0.5391270257625963 0.01687188748259807 0.0634998774979235 
0 0.7625777776263479 0.5633109240406499 0.01795470141650384 0.0418868942048945 
0 0.710233975945927 0.5412735003105932 0.01514465251540443 0.0510657181961371 
0 0.25135393614234475 0.548232756148395 0.038407273836634344 0.11764299921000612 
