0 0.9875352159476836 0.5859467899139281 0.02492956810463298 0.12508922017127602 
0 0.4245721728581364 0.5253278531792144 0.015177067182945194 0.056187459885412384 
0 0.652271261591596 0.5392135188268077 0.011628952223927343 0.04329447771151005 
0 0.35368947843286647 0.5434974322313217 0.03091045578411773 0.09500707895340642 
0 0.1193708933987534 0.607326443246203 0.07903852360640738 0.18772901531011757 
0 0.4247695329171202 0.5256874855276303 0.01129881060274549 0.04966221297135089 
0 0.6919742791820379 0.5409801316139257 0.014387588345456663 0.050342224004501 
3 0.525857194707186 0.5387531725131651 0.03738811607856249 0.05265835491161429 
0 0.026044784553435077 0.613246964269133 0.052089569106870154 0.20607245780208183 
0 0.8578093628978527 0.5799492726409052 0.04509073414907462 0.13514297019182284 
3 0.6794145401766261 0.5889734111299597 0.11697022675907022 0.1159467755725277 
0 0.21357288437367355 0.5832862228891602 0.05987391945485307 0.15654916987969916 
0 0.41379418164962944 0.5255341921118175 0.012404181734868304 0.049227234469761294 
3 0.5482926458153649 0.530043767452144 0.03652588168347279 0.04236929197001397 
0 0.9817645768160737 0.59408649499541 0.036470846367852944 0.08248701291377396 
