3 0.10205911498316766 0.5935969945616207 0.20411822996633533 0.27976796325164005 
5 0.45411580892324166 0.5376544499113636 0.05909812350424602 0.03730251496739729 
3 0.39432053486772617 0.5445610565117918 0.09611984380781237 0.054942080735802326 
5 0.4187270580909687 0.545547771464921 0.0916995402283029 0.051344191925071274 
0 0.49902558356269566 0.5343423020365455 0.004119237243074423 0.0211171764208918 
3 0.2224719257676566 0.5763200331902857 0.23400151015722764 0.12458011055356798 
3 0.5421365768063038 0.5483520436340498 0.03161852997155002 0.04855785966288339 
3 0.4458523627082127 0.5467319848792106 0.05614220931786356 0.032532940033944 
3 0.2617595269722943 0.5535787955889466 0.07398572827399288 0.041249862269416945 
3 0.16817898664180791 0.6072080263798169 0.28222421311772233 0.15207832587053993 
3 0.32170979375866865 0.5575824842656123 0.142410737913 0.09139402049317483 
3 0.3532703016495389 0.5472035168085916 0.12633233235429756 0.07849605825779785 
3 0.5887248379772638 0.5376217313640664 0.0294420563254117 0.020690111266460524 
5 0.5547497628159633 0.534934110445701 0.009827511007514219 0.016694256087664408 
3 0.27379831424885215 0.562205589256355 0.1963369505781075 0.10859629765477476 
3 0.3785405777477472 0.5485992821716311 0.11525999568756995 0.07122800079288273 
5 0.9248628669060264 0.5753787411318487 0.15027426618794706 0.3092099739762627 
3 0.7585433230712554 0.57865544137249 0.10585947667892896 0.10099115815719711 
5 0.4302897179616006 0.5387422952448756 0.07627552794741775 0.047423212456889005 
3 0.4639138096559033 0.536374567261369 0.04434861419168243 0.030399062325205364 
3 0.07327573468520303 0.5688149466287791 0.14655146937040606 0.08256959269769008 
