8 0.20713678874107455 0.6010431576422631 0.08462614883372382 0.06289220035869776 
3 0.5624896543119056 0.5441940801465702 0.03411498074715325 0.04173736346146067 
8 0.37917309459725895 0.5654761860565045 0.0194871051129158 0.026581939863832595 
3 0.5406632128993758 0.632101476469014 0.21123599401566878 0.37028979594779077 
3 0.6838179999416042 0.48209250966174044 0.22672352128520018 0.4190834410024448 
8 0.308065552374461 0.5856180087329911 0.03966895617737119 0.03947600448364464 
5 0.8143553683718417 0.4654239306871755 0.37128926325631656 0.9100707171929528 
3 0.389925345773921 0.5507620458901483 0.049916579298505466 0.029939696079985905 
8 0.2692558122436093 0.5887504888001538 0.05712129278663547 0.04662794562543025 
8 0.10599024606452609 0.6067499458106148 0.12337158017194519 0.07448135155876533 
8 0.33310798654510015 0.5855972810446961 0.031959133592599866 0.03487280560370923 
3 0.597561921231363 0.5523106098059594 0.053186876307832524 0.05783846849159551 
3 0.5228292316779334 0.5780434632231269 0.08531813760073512 0.11437624062002542 
8 0.023413820834926293 0.6012835434315161 0.046827641669852586 0.07716823013170136 
