3 0.4654828207046846 0.5461845092243407 0.04512447868185553 0.031479987168990156 
3 0.6350022960470507 0.5563996496759762 0.0358003469726885 0.033897992938285534 
3 0.6494363021452183 0.554944568372925 0.04075043453958806 0.04449259834892492 
3 0.7085630137763905 0.5527348412477625 0.09008530345585697 0.10086560857011244 
3 0.6198751399127589 0.5548863642909746 0.02545621211818933 0.027774681781572337 
3 0.9172250074354139 0.6203996611624041 0.16554998512917224 0.1939706644914433 
3 0.24826949193325581 0.5615857975376707 0.084139362562303 0.05039760008281714 
5 0.48768181971451724 0.5440134539037199 0.03359038627550305 0.019575983514888484 
3 0.04744517634168375 0.5827405971719174 0.0948903526833675 0.09450681815944006 
0 0.8572521197376383 0.5625981231887003 0.034126928047813296 0.09153999118534305 
3 0.5438028351341381 0.5546971694543115 0.028788478581806203 0.04421645384945931 
3 0.6684143340207295 0.5576447704274674 0.056072220798281766 0.05846914751652624 
3 0.17395536551072194 0.6080532388178396 0.27323067561083825 0.1509611919271599 
3 0.4771012263181389 0.5487276173329001 0.03599941362877921 0.023121765500358216 
3 0.3911540541227171 0.561604065870364 0.08894508476531528 0.050064921302976836 
3 0.11552308145142498 0.5772869304536017 0.12648733137349133 0.061358825759934475 
3 0.4814071255546621 0.5419340928536036 0.0332178977211526 0.022399648944213355 
5 0.22236575982487708 0.56616696650384 0.09207972453824613 0.05310767929749192 
3 0.24738589195413466 0.586352598306619 0.21160876702114756 0.13197759453732272 
3 0.4741028677305967 0.5456463443293921 0.03959317648902278 0.02417230353059046 
3 0.48439136783634873 0.548104831092239 0.03318921139879237 0.022091806224212925 
0 0.840060622215386 0.5635678942809728 0.030105275062671952 0.0946854401785709 
5 0.6060664937684304 0.5420750678412943 0.030017973805359477 0.04257825206133987 
3 0.3630912447257045 0.56297312567701 0.11974394627304999 0.07440941636269435 
3 0.43123269276409204 0.5513101534705772 0.06699257353969613 0.045191097448062954 
3 0.8221944246304815 0.5903544468134997 0.14641928251562078 0.10649532826898306 
3 0.5940911163029479 0.5491201846886093 0.0182374292305758 0.02521593037032864 
3 0.4227041262736873 0.5515498273639821 0.06786476903098254 0.04161243820913518 
3 0.1965064288312499 0.5706522361690469 0.09491144581815875 0.04799002176463931 
3 0.285041741266149 0.5626091800678273 0.06640545011276626 0.03517144947778629 
