0 0.5362048466845614 0.5312226734120147 0.007449145091059109 0.02780664142454504 
0 0.4800018579215899 0.5130711930295925 0.0071323725995613785 0.02797144678278654 
0 0.39964217799287777 0.5318790110083456 0.015154487288536132 0.057161001065891434 
3 0.5268197723659594 0.526875787697158 0.017586233789407543 0.02415156624147073 
0 0.8278008483805297 0.5944503699387277 0.03346941229303482 0.0829574139103181 
0 0.517506884491897 0.5284544221770168 0.004906245853198712 0.027516169043084345 
3 0.9422726501869713 0.6021271282784018 0.11545469962605737 0.10294560807426194 
0 0.5059150760635894 0.5274457968678639 0.010013868674710977 0.03414715920196001 
3 0.6535220522627401 0.5569855450145779 0.05026114189477639 0.05041830098340357 
0 0.8460394485373877 0.5977901898150739 0.030289677414525613 0.09278786904811416 
0 0.5490695637023604 0.5289650915957995 0.00934505195086345 0.03060895294750878 
0 0.5182583306481613 0.5323095119805267 0.006240304097616943 0.02808325071042298 
0 0.4679907137608327 0.5161611182994363 0.006516584482874635 0.02762421059729042 
3 0.3827008090084221 0.5789966673242652 0.10749021441755688 0.10969081189059675 
0 0.5042540611111679 0.5286525670170183 0.007389319572159395 0.030919564050461062 
0 0.6632118721931457 0.5424270641977035 0.009454628106313265 0.0241657030052701 
3 0.9253753793554214 0.6751743818903188 0.14924924128915748 0.24680870411812295 
0 0.39086169118434655 0.5302400145333476 0.01478943805629264 0.054941116148585316 
0 0.3660203024473097 0.5487699714021212 0.02246806985954386 0.07288372487937364 
