3 0.4897095449724209 0.5360483121905785 0.03799936403113563 0.02687338268770658 
3 0.629684681243011 0.542331203070218 0.027365801502837572 0.027392261138645797 
3 0.6689051257605286 0.5374463012773664 0.054375597438100415 0.06855729450133935 
3 0.6194339868960428 0.540479720772967 0.020240861557781004 0.023149262010723152 
3 0.7684611674578844 0.5663116031012086 0.11071807650206225 0.09302859186325116 
3 0.32773250113766134 0.5470802968005034 0.06126508797148038 0.03876056364059574 
5 0.8753073896636431 0.5871025033611409 0.21554877905817876 0.15436672637743173 
3 0.08847458517841776 0.59622164279994 0.17694917035683552 0.10587955508694348 
3 0.20962918565678165 0.5599513754834038 0.09919325362938924 0.06109394644317408 
0 0.7727836074679975 0.5448051732626202 0.020714974374595272 0.06382380245993179 
3 0.5552479164161536 0.5465672969664863 0.0307304492188662 0.0471841330529059 
3 0.6487314992008323 0.541776546561992 0.03852301727768264 0.04360198926747178 
3 0.3678450244473809 0.5618365996724904 0.11898963278093963 0.07277292517642883 
3 0.44513581500031635 0.545968098377244 0.06227280381002537 0.03619050810108806 
3 0.25624566867029763 0.5583516632811039 0.07898455432338483 0.04240859479681906 
3 0.3838954736460102 0.5505244843596079 0.10798453247865247 0.07248737999919569 
3 0.4961392893600441 0.5331216021768606 0.034033555115108104 0.021067286898012044 
3 0.5045307409644019 0.5376741048367252 0.029070201561948252 0.019537836048681166 
0 0.7603868501049477 0.5433035554215017 0.01890453988986948 0.06586503445494296 
3 0.9541721865921946 0.6348341224186209 0.09165562681561085 0.1803029458582086 
5 0.609332618161084 0.5301960965129615 0.024470736067972256 0.036155297291131455 
3 0.42722851230404074 0.5460974143171081 0.08075110355332563 0.05201706390799744 
3 0.4675503605304989 0.5419414470087879 0.05146512254763657 0.03554495477916659 
3 0.71953353428967 0.556374044283586 0.0693079725791226 0.06158029495424709 
3 0.6003918081362903 0.5372354939357161 0.015420428006970114 0.022091101758300626 
3 0.46120583419217115 0.5382747615023779 0.05142328760428733 0.03233210160225964 
3 0.29860876440969164 0.5530213619433283 0.06553362955609825 0.035305519598306696 
3 0.3501750803222006 0.5490156394553637 0.050382388097996084 0.02797643502460561 
