3 0.38839821510027533 0.5529721099130456 0.09802602270496713 0.06403468811917075 
3 0.871867198855941 0.6206106150362223 0.20914963681896837 0.13375404873623356 
3 0.9519842403583959 0.6258508128280944 0.09603151928320798 0.19773803586506744 
3 0.7429503249810049 0.5893049554468374 0.09125994488673002 0.07456818349613924 
3 0.2362320826529043 0.5658127349876263 0.08380478968874015 0.041395417481484176 
3 0.2035514599273223 0.5659637421242366 0.09460269526976746 0.047893681294781026 
5 0.45999126994023004 0.5483892284892464 0.053483527738391747 0.02975807857136475 
0 0.5032742598827585 0.5438074661413945 0.0032201552720321305 0.01673038720613489 
3 0.5395923560965261 0.5586926183376859 0.029814080867081715 0.045658068915385 
3 0.4715071091224502 0.549184853995377 0.03667430618265215 0.02109218695472881 
3 0.08507474822830116 0.561651281386986 0.13474397387630252 0.07323340590697505 
3 0.3545698894166672 0.55374920291635 0.04447774305139234 0.02572704734980094 
3 0.4156754911313793 0.5612469724224728 0.0747266851311322 0.0447686941961394 
3 0.4328983733784273 0.5524666972614323 0.060492775635006525 0.04042645907897243 
3 0.44153708185598634 0.545621835716008 0.058614421174621616 0.03749507925320794 
3 0.04568225658161092 0.573655338651234 0.09136451316322183 0.07906211951995866 
3 0.5440713298614845 0.5466149053894496 0.016203371769192714 0.014980796916318834 
3 0.02306986603137067 0.5757779305844153 0.04613973206274134 0.09555286916828695 
3 0.4222896897181565 0.5513909380208802 0.07470584636661066 0.04308448061811608 
3 0.4495845267680205 0.5492140913115195 0.0570977865463059 0.036063778131137696 
5 0.6809182938746168 0.5555808432808088 0.0807477664321496 0.0935001936980923 
3 0.7093872512754911 0.6186413464331643 0.15542318833423316 0.15105731269929853 
3 0.1185466417220378 0.5944911202660862 0.2370932834440756 0.21166346887142676 
3 0.6364758879118911 0.5640180698937253 0.035999886499584126 0.044516007082567755 
3 0.04893375103120179 0.5945481032601926 0.09786750206240358 0.24633769841036635 
5 0.4645342245844519 0.5448721097891646 0.04721753008533391 0.029291658813015525 
3 0.2989675161914253 0.5569270884217762 0.0640815146868616 0.03973046733281276 
