5 0.4062165287030219 0.5468449745658754 0.0896867873101467 0.05657753858288831 
3 0.21886466612473843 0.5729644707385508 0.2332977392993903 0.12614268557548952 
5 0.29944409223672275 0.5686683223926329 0.19484037326032566 0.10598249900205511 
0 0.4827630701838399 0.541773690502909 0.005308599469178077 0.02621328253496093 
3 0.5325284724803138 0.5523440334519567 0.03375009173155768 0.05195279535962199 
3 0.387282791789628 0.5622196077522456 0.092760801155098 0.05308085025226331 
5 0.4157661118137411 0.5488782796209637 0.07706744998135008 0.048195137313903666 
3 0.06497208802469913 0.5804762392422987 0.12994417604939826 0.07367554508257393 
3 0.05836145683444829 0.6195767974351338 0.11672291366889657 0.2991648700933653 
3 0.6225116206423449 0.5433275828359653 0.03810929309989426 0.026711234980566018 
5 0.550925901733428 0.5407140026539602 0.01723731942009792 0.022730497288977428 
3 0.13819073140887903 0.5854850887678014 0.27638146281775805 0.1753139695532151 
3 0.1277837132685852 0.6021059184024175 0.2555674265371704 0.22556325635538915 
3 0.6655519716582435 0.5424349265639397 0.051530251075934286 0.035382857409765364 
3 0.3329939794038085 0.5657199113175431 0.14048969152242535 0.08343919098863763 
5 0.34374906450256737 0.5549212160527242 0.1406445278162727 0.085151756326175 
3 0.4281330946215273 0.5451535182966846 0.06266176347641433 0.04291426245016655 
