8 0.20717038962008122 0.6016575841028134 0.08461493553874355 0.06291462508630831 
3 0.5625407009688239 0.5447071671893734 0.034137376095884304 0.0417657016568459 
8 0.37919734248442466 0.5660400749354085 0.019486475674089194 0.026588110738582346 
3 0.5407025016011724 0.6324910834530912 0.21099372130442773 0.36988836346678 
3 0.5187079252787635 0.5536689417994618 0.058321539201828115 0.08297091352352595 
3 0.6838324041238377 0.4826005763957715 0.22674725387627107 0.4190155211154529 
8 0.30809238509120734 0.5862037234110237 0.03966580228832445 0.039488650090454484 
5 0.8143400353348486 0.4659910065032284 0.371319929330303 0.909804512664531 
3 0.3897929759916927 0.5513271735540337 0.04992689047399814 0.02995913352994061 
8 0.2694116212446042 0.5893662626193694 0.05711645276446852 0.04666110777803201 
8 0.10603494900176295 0.6073961585604201 0.12334885524647898 0.07451041733521833 
8 0.33313356021654456 0.5861754888306198 0.03195724083180853 0.03488327844947927 
3 0.5975801850521293 0.5528034590572731 0.05319290938565736 0.05785169697247328 
3 0.5228465114401939 0.5785601668871616 0.0853244321558902 0.11440108665847971 
8 0.023436232605330138 0.6019614562374762 0.046872465210660276 0.07718481465044862 
