0 0.559393296354999 0.5355669003986573 0.0052428718915241744 0.01919728411963263 
3 0.03735713709493202 0.5065602269007005 0.07471427418986404 0.09622256568824665 
0 0.45061153448906405 0.5322542250770119 0.00932235713593272 0.035656565112618575 
3 0.06371059109579098 0.5202009268746598 0.12742118219158197 0.08626443953580153 
3 0.5294849480583409 0.5316963354160135 0.012912454500082974 0.017300609309280617 
0 0.5452779247666503 0.5350395952492487 0.003513675766324269 0.019127568982239797 
3 0.6771253225728419 0.5601564132863707 0.06305738200837183 0.04268416053551385 
3 0.6038942129183845 0.5483578798447795 0.024540959748556405 0.027706818335674496 
0 0.5675018150481167 0.533805876238917 0.007002820593231718 0.021088511697401044 
3 0.13236466975467323 0.6737301453637553 0.26472933950934646 0.3168529948070962 
3 0.733123909753052 0.5818387052009596 0.07743792796809756 0.07196996519697198 
1 0.8764535833688407 0.6184567164600392 0.0639604117130034 0.09858579799620985 
3 0.47758999557406784 0.5506010799746455 0.0299924520337364 0.03969033633534833 
0 0.5393394488993665 0.5311807997753779 0.005117587631105067 0.021412398923619347 
1 0.8892867943771913 0.6217849504615155 0.11056369463240216 0.2033836263341653 
0 0.36225933343939515 0.549147925285921 0.02173425374807259 0.06890148967903321 
3 0.2203167558966132 0.5441224774295825 0.11088842991397019 0.08750293205956167 
3 0.6871328395429445 0.5645525034664994 0.07206089671233983 0.0447631739845707 
0 0.4430787794943061 0.5330146877518762 0.008626071836397315 0.03397557677565304 
3 0.11312917485204374 0.5322331375365216 0.144322862349393 0.09584692790326724 
0 0.4622491955265781 0.5424390389199276 0.008857805855488295 0.03275328455924479 
3 0.8097249128936423 0.5917284661773407 0.12891138108773859 0.12014334817417244 
3 0.00011805594028193536 0.4703724935601118 0.0002361118805638707 0.014942407612089014 
