3 0.4427348308945186 0.5358564614828941 0.05442496385224494 0.037273749430095725 
3 0.6523442211300495 0.5513955829497462 0.04898151742719101 0.04359737370270131 
3 0.6770087112111577 0.549915578850892 0.059586956880286264 0.0598270478156884 
3 0.8125220577298883 0.5531186559452501 0.18879703779325893 0.1780109466555299 
3 0.6288748400074672 0.5478021753349318 0.032841024786201135 0.034016114001676166 
3 0.13320148623561856 0.5565040523842285 0.12471412529178919 0.0688663408418981 
5 0.472475520212779 0.5329854315188914 0.03807434836163104 0.021848667598622078 
3 0.5336468476770148 0.5429034987530386 0.029169759188841342 0.04476490502862279 
3 0.7139967571083787 0.5550771297603297 0.09060273887571853 0.08512217453543751 
3 0.4556141829767486 0.5382416848819619 0.043087926192458784 0.027117916123962495 
3 0.2982250140781917 0.5640620919371764 0.14463412817104992 0.07676192899099615 
3 0.464106337785489 0.5315002205717411 0.038497170725940395 0.025536458270713953 
5 0.08397266001221895 0.5614405986420556 0.1421515552068156 0.07497305387124722 
3 0.012204831793654353 0.6311465482980154 0.024409663587308707 0.30771234812906073 
3 0.4548574468387962 0.5366306572554671 0.04651723054389585 0.027911471269459046 
3 0.46800062105560286 0.5372059842076919 0.03825266396536598 0.02505372178305082 
5 0.6100229767551398 0.532699027671058 0.037230736660020795 0.05088627222090471 
3 0.243087318735761 0.5639594372389488 0.21078994542287433 0.12218743278356417 
8 0.06918130561535149 0.6135247081988309 0.03945394978742965 0.06806881957774345 
3 0.3878025463354558 0.5443372195456089 0.0913531734880879 0.05956120832415005 
3 0.9704519460363735 0.6108653730717479 0.05909610792725289 0.1746676600822403 
3 0.5932469659456965 0.5395434569215859 0.02173892022033904 0.028983467623111082 
3 0.3722101647661187 0.5438401859996066 0.09550850374530882 0.05631572202191535 
3 0.05259275902569905 0.569533891321681 0.1051855180513981 0.06977574298514336 
3 0.19937408838663465 0.5559410749739995 0.09205545833782808 0.04567915504018193 
