3 0.6000003962145468 0.5455298321699075 0.02315120428921546 0.027647669992990575 
3 0.5806170756722507 0.5357813113279412 0.013607855204325645 0.02242336564534671 
7 0.7323143368915094 0.5649335889669926 0.1622237133554245 0.15121853638522295 
0 0.6148672011666194 0.5381580051107686 0.0056776243346270405 0.02099316548084687 
3 0.5421566440674555 0.5478708275670433 0.030699201273419234 0.047197703885164956 
3 0.05135094621355655 0.5982660894606523 0.1027018924271131 0.11352462073493093 
4 0.45364263426868884 0.5299815743103299 0.08316839780625315 0.12659700710629454 
8 0.8270989334715799 0.7059286078199208 0.043707151661364636 0.115521489287266 
3 0.13372739028017594 0.595397813848026 0.17864462923673208 0.086285168990705 
0 0.8940649639922887 0.5404136334088634 0.027156451320327762 0.09432600734899128 
8 0.6772171784441392 0.58277943050676 0.012954546230714356 0.03259307762491207 
8 0.6520903871970519 0.602739917119181 0.015478116624820758 0.045090843370022005 
0 0.60813673577637 0.5382502924523462 0.0052247405180103354 0.021504229191837934 
3 0.5962736614722184 0.5446152540776498 0.016128532822163776 0.0205367165981557 
3 0.28864911333993554 0.5567808177029931 0.10193042269676231 0.0562726360325465 
3 0.0880195644707454 0.5831284609786354 0.1760391289414908 0.10829900056419813 
4 0.40177592438013576 0.5184069999953238 0.14168384782892227 0.1965306724809709 
8 0.685344407632497 0.6236354566959686 0.01832183215555503 0.05873474810255061 
3 0.32220385239069105 0.5554641979081725 0.07950093116511045 0.04960730794776497 
7 0.7986286344363879 0.5461486171209299 0.19942924496601377 0.10048117654951758 
3 0.2204473118873051 0.5677749210255993 0.1333785174993578 0.07206501393360017 
3 0.25315474024250023 0.561793913603922 0.11632848372230577 0.058589222019784934 
0 0.8481558070756395 0.5440745534229151 0.025160689164857503 0.0872926310573602 
