8 0.20723870042941386 0.6008985334690444 0.08462106277324687 0.06290941863787693 
3 0.5626792547417913 0.5439761200586366 0.03421563019018926 0.041854381070955106 
8 0.37925262364425805 0.5652782778734176 0.019489082450481233 0.02658711057696204 
3 0.5406384050929489 0.6314300694865101 0.2104635567436963 0.36892237066155714 
3 0.5187564020129389 0.5529036556761378 0.05832636104158432 0.08297462402508061 
3 0.6838933528432228 0.4817792916736976 0.22675965422010913 0.41913499938426 
8 0.30815330793083834 0.5854429926982326 0.03966953726611333 0.03948609189782713 
5 0.8143795929464769 0.4649892601168051 0.3712408141070464 0.910297355195444 
3 0.38955627710875307 0.5505731874204375 0.04995054713334732 0.029966598515941186 
8 0.26969586268688867 0.5886473755849886 0.05712746489331579 0.046696561433935496 
8 0.10611036746248946 0.6066399574440677 0.12335726361527825 0.07450385187283043 
8 0.33319384977802047 0.5854137572772116 0.03196008202605647 0.03488084632926934 
3 0.5228936479238783 0.5777962255733768 0.08533268068435916 0.11440551766285725 
8 0.023483749886704392 0.6012184209535752 0.046967499773408784 0.07719443282428674 
