3 0.6339033224284857 0.5620678941243836 0.04776131563451898 0.04988141557376922 
3 0.582404786632833 0.5397732626445898 0.01908607138902916 0.02922425187759302 
3 0.5706718930756582 0.5421577378735045 0.01051872534289494 0.013479206259276124 
3 0.5979081845891544 0.5455298739524034 0.023248591127112663 0.02741149407450002 
5 0.6058687177133332 0.5468889226421662 0.027209269996304287 0.032151130232073416 
3 0.28507398214052493 0.5599164169204982 0.08936891592213528 0.054168941874478065 
0 0.6243106157121242 0.5425879410253789 0.007266624606218315 0.027419723940960112 
3 0.5313249911649143 0.5514089719627259 0.03206879171242882 0.04923875957195921 
3 0.4670511099819727 0.5418565708397701 0.036831561575587556 0.023774328319379378 
4 0.19796520637286028 0.46859849356694117 0.39593041274572055 0.9371969871338823 
3 0.4682808835153543 0.5429282912511789 0.03685667418627922 0.025934536663381524 
0 0.6185015270752084 0.5429190504341778 0.006772961312016861 0.028156971930045717 
3 0.6118651407382619 0.5526051172012209 0.026028528675111958 0.030203741102253868 
5 0.5661330940923001 0.5356290074621922 0.013548277138388869 0.021994482530186904 
8 0.9842152168927083 0.6454508926508535 0.03156956621458349 0.07923786253852982 
3 0.4722148753741566 0.541027724338002 0.03581287314585694 0.023491441054761013 
3 0.011774908288929901 0.5873427281280837 0.023549816577859803 0.1325795019539588 
