3 0.4034397192625753 0.5479464690187129 0.08443465984121304 0.05554399532934238 
3 0.7785609965629675 0.592763156769142 0.13060745040849994 0.09294704062408073 
3 0.8939505277154856 0.6094757706180597 0.21209894456902903 0.1671904094739853 
3 0.7017415640832241 0.5766322496607287 0.06791771315360037 0.059611403156025505 
5 0.4611518847444745 0.5446003656253816 0.04945557061103266 0.027525336714203312 
0 0.5003867533140872 0.5402205218134836 0.003105706562617101 0.016073951619802327 
3 0.5360975843481459 0.554359947405058 0.02956528084778448 0.04527441643613334 
3 0.9794076017426128 0.6202195266013828 0.04118479651477472 0.2265910069666701 
3 0.47123395839326004 0.544989655889028 0.03434858295403103 0.01976229019104595 
3 0.14987337173629478 0.5559387783163948 0.10982515419237734 0.06165262148498231 
3 0.36115290950431006 0.5487167338768998 0.041378542007470286 0.024029994286526885 
3 0.4258838767540701 0.5543792990459628 0.06511425410033794 0.03927890057275704 
3 0.4459259209585946 0.5417237175568576 0.05303024301553471 0.03402436899093535 
3 0.09827783709491353 0.5663177589899877 0.12459228519174205 0.06517908487759756 
3 0.06587072125254967 0.5648817589152415 0.13174144250509934 0.07928735732168908 
3 0.4297930252724183 0.5463911478748125 0.066589026968757 0.038530455103531834 
3 0.45273580140934 0.5459166168233116 0.05193919654756769 0.032896625513625016 
5 0.657105012841008 0.5504843839596929 0.06560534834664423 0.0797591013623993 
3 0.6192771577282011 0.5726787332867253 0.06342836096706812 0.07121613870310076 
3 0.20170163854971918 0.572613611203281 0.24183910223507865 0.1397988822197914 
3 0.622847269804943 0.5579582292905744 0.03144211185160728 0.039924004159549324 
3 0.12947306320909746 0.5719903176033564 0.2589461264181949 0.15486239668010102 
3 0.03462582956753724 0.5721117841455718 0.06925165913507449 0.07773671670913895 
5 0.4649557323490998 0.5406048509358066 0.04395617090847253 0.02727807694582749 
