3 0.4877739542729721 0.5291146795369349 0.03303842042929901 0.02402264683610175 
3 0.6057087986821073 0.5312967297416428 0.021580701996431202 0.02297239796910901 
3 0.6275848592766188 0.5277182318789512 0.03697337726168542 0.05133985869734665 
3 0.5984998169586464 0.5305977218814862 0.01659955691828266 0.019855516291133628 
3 0.6764524984396862 0.5420339285023266 0.057874551544919516 0.058146578691262156 
3 0.3573701657538533 0.5420977147214081 0.04933655526681292 0.03265214301357781 
5 0.7108202529763079 0.5483107299607181 0.08463915500980448 0.0785973747750946 
3 0.25544676458540694 0.5716136485514818 0.1115425681810337 0.06397890593329969 
3 0.28578302868929284 0.5509751537645026 0.06952113461407834 0.04629313268968802 
0 0.7033404590147643 0.529787703607927 0.014195378738245097 0.04767113343283938 
3 0.5416336764929796 0.5411475762860104 0.0330143678356631 0.05093129063098622 
3 0.6169519684130672 0.530866357500847 0.028346519630567144 0.034594205286216935 
3 0.4165516736369264 0.5470816790288117 0.07625198661420945 0.04941008529850346 
3 0.45700038947985294 0.5396577997494817 0.04824867921070215 0.0292150548764246 
3 0.31129486601539663 0.5515780679334825 0.05877791413222223 0.033960397269662886 
3 0.42106016057956863 0.542571889517751 0.07292502703318376 0.05138651674592217 
0 0.6944404345047513 0.5300558108692658 0.01323301363645001 0.04922636695671738 
3 0.760427052943179 0.5680088492016009 0.10666370061826229 0.08947020828291771 
5 0.5906909436729523 0.5222290350822599 0.020259155727967056 0.03138650992693335 
0 0.9618904997416488 0.5509571986271341 0.05405161056101818 0.12381531435870519 
3 0.44424207952131334 0.5380378535195752 0.06145657690430326 0.041141149613653547 
3 0.47328052798931297 0.5319355311255844 0.04216023639877243 0.030114935859525772 
3 0.65593452229813 0.5380528315928499 0.0420629523511937 0.04290557033263004 
8 0.06602429626529016 0.6192445365010409 0.04250334435360653 0.08576467376763705 
3 0.5845077944485809 0.5290349324893099 0.013266467755215316 0.019654092575671852 
3 0.3383328014470588 0.5482759896579854 0.051310633973769594 0.02931181031502509 
3 0.372890106264601 0.5441596525093162 0.04150947966667616 0.024250064955186997 
