8 0.20723807956936735 0.6008354385581175 0.0846136733984951 0.06288072295652708 
3 0.5626369806995102 0.5440365688078121 0.03417224331649557 0.04179862397655818 
8 0.37925118790905205 0.5652819300922143 0.019485871583248056 0.026579420860498682 
3 0.5407111161185066 0.6316422696139566 0.210699859904621 0.369336408801208 
3 0.5187613719748959 0.5529636762063207 0.05831553224090968 0.08295111702934807 
3 0.6839017789756264 0.48190037941080444 0.22674021104315237 0.41912565220475984 
8 0.30815141925046546 0.5854180777774797 0.03966503626244172 0.0394704383449436 
5 0.8143985877397556 0.46519524955634284 0.37120282452048875 0.9102584899225417 
3 0.38971187607554647 0.5505767859189296 0.04993497090267383 0.029942788685968745 
8 0.26956819147046956 0.5885891207838444 0.05712102235092512 0.04665969921251025 
8 0.10611197355505997 0.6065341302692762 0.12334759929838932 0.07446471396658606 
8 0.33319102325952926 0.5853989437704435 0.03195627783681054 0.03486827311900754 
3 0.5976353279299041 0.5521298357771898 0.05318779743137512 0.057837412103363656 
3 0.5229012641688375 0.5778579683219721 0.08531763628674263 0.11437118984138901 
8 0.02348278494747388 0.6010759666150505 0.04696556989494776 0.07718080377087928 
