8 0.20727083030316643 0.6008973160286705 0.08460991088824837 0.06288720829055819 
3 0.5626813317696912 0.5440693910019567 0.034197375188767296 0.041829499554568515 
8 0.3792763185739848 0.5653254513522289 0.019486077480099697 0.02658133450441072 
3 0.5407457415803082 0.6315707335615564 0.21052329635837638 0.36902702805036736 
3 0.518782522659627 0.5529906095033347 0.05831836497941446 0.08295781693744225 
3 0.6839246570760915 0.481911517392261 0.22675240809566255 0.41912697277824984 
8 0.30817915398461515 0.5854695117660129 0.03966435309386203 0.03947423213182573 
5 0.8144036001262077 0.46518978620183227 0.3711927997475845 0.9102699502022098 
3 0.3896427433642633 0.5506217863716361 0.049941568333049705 0.02995061967213221 
8 0.26967346743368853 0.5886584926538716 0.05712182860302825 0.04667723266414795 
8 0.10615162494716483 0.6066078044432177 0.12333926066011922 0.07447303881219808 
8 0.33321797593377134 0.5854475047835215 0.03195595431657782 0.034871357543594286 
3 0.5229217387355675 0.577884164504522 0.08532155572233073 0.11438089720565743 
8 0.023505136520746307 0.6011645564024662 0.04701027304149261 0.077189683482238 
