3 0.3665154934236128 0.552388044384398 0.1172418062659569 0.07672865821442966 
3 0.931216407647865 0.6388957313646989 0.13756718470427004 0.17733470601104545 
3 0.06655497821792083 0.5672910667364817 0.13310995643584167 0.0804120114799855 
3 0.8080145780896143 0.5981720500885715 0.13528035277349632 0.09955182472402732 
3 0.1987543290419818 0.5668152649834414 0.0976463546200278 0.04815765934627159 
3 0.156777128358989 0.567754898987787 0.11172581539418923 0.056264292507802655 
5 0.45801496646125983 0.5451053109386697 0.05841901530256394 0.032900103976805706 
0 0.5061299994493912 0.5398419931064743 0.00339761678746072 0.017484257505178232 
3 0.5433894755502204 0.5539135052860389 0.030267970997462257 0.04640544844363414 
3 0.4713329369014838 0.5462454427909427 0.03946188480327471 0.02295552303344203 
3 0.037271343745120665 0.5651125025109276 0.07454268749024133 0.09067620126128045 
3 0.34567918669457276 0.5514754154446648 0.048152253183222485 0.028054288658216946 
3 0.4009694274829886 0.560119898211721 0.08798820132472869 0.052843309614521494 
3 0.4249412853259031 0.5507050120756561 0.06847009796274847 0.04599839245559685 
3 0.43532897806134613 0.5426959276580485 0.06575989452842436 0.04235809552802481 
3 0.5546690347922842 0.5421834112398193 0.01745992164268216 0.016004232671239845 
3 0.41178014016790754 0.550172793332484 0.08538452612729039 0.04963041661955382 
3 0.44499648119807533 0.545495696357535 0.06362546017776474 0.040491425352761325 
5 0.7135445036300148 0.5521547397667982 0.10456082005100484 0.11398617921623883 
3 0.9542712985548377 0.7491952099147952 0.09145740289032446 0.3869834767404975 
3 0.006370733827025366 0.6187350324607664 0.012741467654050731 0.29934787198654333 
3 0.6531164166991773 0.5620876649759353 0.04225942896058875 0.0506467206042742 
5 0.46349260905281453 0.542107551297443 0.051174508224792206 0.0320835595284887 
3 0.48254479923598537 0.5398094406167311 0.033798838232733386 0.02318132096505053 
3 0.27774053718014813 0.5568232402348083 0.07208503190711764 0.044674398486718905 
3 0.11291272503382763 0.5819159073166841 0.13416376865768131 0.06897377797390922 
