3 0.2725021903371516 0.5643139127487231 0.1957406802175107 0.125819518991913 
5 0.4683193276537162 0.5403349403019542 0.05036663770918317 0.03239366697958436 
3 0.4285414721690931 0.5452405709999746 0.07364512922716579 0.04345997686091639 
3 0.9631600117084212 0.6298446297035483 0.07367997658315745 0.1654192019218336 
3 0.06904834712656356 0.5818288189412549 0.13809669425312712 0.07125516810851733 
3 0.035204125450277624 0.5855770887395879 0.07040825090055525 0.08489746577749695 
5 0.44421824736527454 0.5448288583713047 0.07200827949283557 0.041449649195879616 
0 0.5055796232422903 0.5364567298190179 0.0038150123185897657 0.019239836130865974 
3 0.35073499378106104 0.5628621614098973 0.1297393038725511 0.07457991058951216 
3 0.5459768470771463 0.5495279748960648 0.031247235223875052 0.04805350312327802 
3 0.4627941032040315 0.5465552484422863 0.046700584592003054 0.027758467809727246 
3 0.31354748011058353 0.5537145512376609 0.05867950540852139 0.03431620575117121 
3 0.3388050869434013 0.5742395150445216 0.13768536692779523 0.08180683891773072 
3 0.3914514394980917 0.5537606864294302 0.09372379658087297 0.06314862502890163 
3 0.40800683471738824 0.5439245667526553 0.08754091997567336 0.0568208297227436 
3 0.5729479084045138 0.5377376811619471 0.02199979851387887 0.01854460325231634 
5 0.5572525136626973 0.535783218572197 0.008240151285673463 0.014681862340666815 
3 0.36884626454162095 0.5550894697356239 0.12073654477100294 0.07065041310677733 
3 0.4226659447690895 0.5460750748829315 0.08290602150716737 0.05331174078320859 
5 0.8324434013243882 0.5540822828811909 0.2225748826490032 0.2011702229967899 
3 0.6943326920279629 0.5640835610805435 0.06317943251801139 0.06913964505469784 
5 0.45246394345774876 0.5396272726080026 0.06174218247128657 0.0394279850244349 
3 0.4760612215275992 0.5372575679664604 0.03863487629698021 0.026962550277517608 
3 0.20520082039249374 0.5637173507621352 0.09852671826289174 0.05957520616659022 
