8 0.20713912314132066 0.6009742712736631 0.0845990042247006 0.0628005002088091 
8 0.37917141003347965 0.5656211638552113 0.019476164025638454 0.026557394282791177 
3 0.5406913182251176 0.6327476314600179 0.2116427122693081 0.3710097690906522 
3 0.683846234730282 0.48262175767041854 0.22666144686970413 0.41903522180643366 
8 0.30806259515299184 0.5856714988179249 0.03965316683054976 0.0394260656727978 
5 0.8144141842642678 0.46625435014954475 0.3711716314714644 0.9098737621923729 
3 0.38971518172610303 0.5509260610017458 0.04991851167168825 0.029880711974264562 
8 0.2690352677608571 0.5887209770238914 0.05709507941338465 0.046533566635723424 
8 0.10600203613353268 0.6065439971564452 0.12333439439776246 0.07435594779407666 
8 0.3331016942231675 0.585683175676947 0.03194595145683394 0.03483276731837293 
3 0.5228557140905834 0.5783738862722487 0.08526868296245348 0.11426591328770004 
8 0.02341352694231874 0.6009607931610175 0.04682705388463748 0.0771255497768224 
