5 0.432183496292562 0.5400230781922836 0.07297970036602365 0.046330756332847174 
3 0.3308250235274933 0.5521351203687566 0.14314311203254568 0.08076553879057542 
5 0.37249575428512144 0.5540991192011284 0.1302336560893377 0.07269392289602511 
0 0.4907579533038862 0.536556895271777 0.004728634280015171 0.02369066289981586 
3 0.5373794105835292 0.5485928890335438 0.0328552291063177 0.05054042916998463 
3 0.4196823614355415 0.5525695412099463 0.07200112669200678 0.041777557830060284 
5 0.4368311011534085 0.5412892834791458 0.06445927467321474 0.04049135911111547 
3 0.17499167245194322 0.564752823106288 0.10247399763853254 0.05518571842694428 
3 0.13508315899707196 0.584743843765612 0.2701663179941439 0.18492143542581427 
3 0.2142600032484748 0.5681176902492844 0.23897758666164634 0.1405215583214053 
3 0.604980435153124 0.538622532927083 0.03404347277498765 0.023808019804949745 
5 0.5515509278225971 0.5359783170602712 0.01104976360072989 0.01969757125761368 
3 0.2944781291471741 0.5615640472836271 0.16410812090431687 0.10254620796138877 
3 0.09058277494812575 0.6094273977308455 0.1811655498962515 0.26662964094878033 
3 0.2783851966212998 0.5647135035098547 0.1978373971291844 0.11751090159155732 
3 0.6802086473715158 0.536760725917705 0.045889746051266514 0.031104089889953647 
3 0.904847268385648 0.6206543362941814 0.19030546322870406 0.20205977642861417 
3 0.3909085007095689 0.5512666076398174 0.0983710958715772 0.059867679081688406 
5 0.3933995619873929 0.5446937550409866 0.10249600805673233 0.0634136507684244 
3 0.44639942797147514 0.5388370338147983 0.05300803247424078 0.03649290582521467 
