3 0.6767133429738971 0.5719794150021572 0.07731349558908016 0.07317751292876279 
3 0.5889214523067983 0.5377212867067888 0.022095945272126157 0.03325378663460861 
3 0.5746879899576055 0.5402840011255451 0.011760234069048608 0.01478649381021531 
3 0.6092994949284932 0.5450720199901007 0.028127469652703498 0.03222083528708652 
5 0.6192878108961909 0.5485773055544202 0.034297511641552134 0.038617272947537154 
3 0.08264246676057328 0.591215569525252 0.16528493352114657 0.11310794761196323 
3 0.19041336942653544 0.5655491710242431 0.13251222546862534 0.07580914904854075 
3 0.14429222301477934 0.5692953327982756 0.16662219367729936 0.08826937953705649 
0 0.6375539299029925 0.5417843527389224 0.008239978479954857 0.031234658589819823 
3 0.5312426165789694 0.5497794956954374 0.03239062065541866 0.049745853515111786 
3 0.5841745527419181 0.5400236402339661 0.018275946687586284 0.023612343398875357 
5 0.13901954545200923 0.5483146020759964 0.09227009204039213 0.055202238549824374 
3 0.45522116159282794 0.5424159279599791 0.04340015085491217 0.02782024806378596 
3 0.4587038361531798 0.5422453969062805 0.043002202898171686 0.030100437232392713 
0 0.6308997899732737 0.5414774560950064 0.007793147175899549 0.03203339471498718 
3 0.6293299324305428 0.5553617614544711 0.03379595715044111 0.03729868783225129 
5 0.5692734225140995 0.5332149276029144 0.014891073456570893 0.02397539801777637 
3 0.46489771315588685 0.5396964852094782 0.040727722087942626 0.026639622989592212 
3 0.6022758037467011 0.5443146827881373 0.022663676001937107 0.025752711303470684 
8 0.3638754053237871 0.5610998282734269 0.01017453434215966 0.029059956745977805 
3 0.5652174600488972 0.5395398408209822 0.010221136761754934 0.015558299135897692 
3 0.03800008617996501 0.5971031364312254 0.07600017235993002 0.13971413506762428 
3 0.0974381651916171 0.5872630513382993 0.1948763303832342 0.09565102591413506 
