5 0.35892827691812673 0.5476005828621654 0.12304488200323292 0.07651634557405872 
3 0.03601816350974094 0.6240643277792186 0.07203632701948189 0.27410200528041545 
5 0.13469055236723398 0.5966487196123583 0.26938110473446797 0.2204293413091013 
0 0.47302290062466634 0.5373816293428968 0.006227778050669173 0.029994981304194666 
3 0.5265127704811183 0.5466994300858092 0.034827637279740815 0.05364788561378443 
3 0.3195890960129601 0.5691326818317697 0.14058569958666883 0.07783394088382453 
5 0.3804283530699087 0.5473772312254297 0.10031512807499518 0.062141235150144906 
3 0.6560241018796978 0.5380815742463506 0.04361247041190076 0.031288632738681044 
5 0.5576250340132891 0.5364099602233842 0.031060795243815918 0.0275054108149397 
3 0.6486079954908003 0.5382617966696516 0.05632021844019839 0.04232375573939338 
3 0.165476723222324 0.5822734433340753 0.28073901282289276 0.15523116064788217 
5 0.2190451615153715 0.5659900571639694 0.24926826200101004 0.14271414309652444 
3 0.4001391984702885 0.5429608524399592 0.07984814993688176 0.054161845088978186 
