0 0.5320065369170274 0.5243462441417408 0.007893846825706844 0.0297067627397873 
0 0.4764659763470334 0.5054367244031797 0.007495149887192554 0.0292033789076415 
0 0.38968122160387775 0.5233537848450551 0.016986847486397495 0.06220350874626838 
3 0.5282288927311268 0.519783893554984 0.018552803609225423 0.02560993976796188 
0 0.911623237446028 0.6031145154858254 0.04756428614835613 0.10621396285563454 
0 0.5104308220743906 0.521215316172954 0.005240122559246103 0.02934405047306983 
3 0.9836800209053249 0.6085135090546478 0.032639958189350296 0.1187642855189537 
0 0.5130058161902237 0.5219449746048558 0.010647482549762444 0.036224452755069796 
3 0.6694225719332598 0.5535698174742545 0.05868101360640509 0.056972897748322315 
0 0.9430248433960862 0.6074344379864435 0.04417149256105944 0.12127229845725822 
0 0.5450015205137801 0.5222417003138989 0.009485108958336498 0.03270279788188734 
0 0.5126118868602584 0.5253278551536875 0.006764000224269182 0.030020027514132658 
0 0.466211190577619 0.5080507176599985 0.006767575018725083 0.028845594077767676 
3 0.33970917183658006 0.5865674773957198 0.15364895333875506 0.14579746072288507 
0 0.49757387917948037 0.5216888981542751 0.00792739230560322 0.03300426767788824 
0 0.6725972896292653 0.5369429177694159 0.010185636335432093 0.02569983340598709 
0 0.38002241275906473 0.5226672574390809 0.016286045046157938 0.05992316556710793 
0 0.3312303834372111 0.5452460543726945 0.028566910801477087 0.08846494955038964 
