3 0.5904581795090195 0.5504357067280314 0.018816381387755498 0.02306091308884264 
3 0.5777464214783864 0.5421438957822206 0.012086671104496816 0.02025056460267428 
7 0.6568756126956885 0.5609508167810096 0.08169259690672313 0.08681518683249534 
3 0.1494152097752248 0.5707664392407944 0.16116682396261706 0.0871951430576395 
0 0.6083368911196279 0.5453441382160525 0.004903717236308935 0.019002316335446242 
3 0.5412869578005247 0.5541352809910175 0.030061897034004303 0.046072243144781484 
0 0.836561456297643 0.5598687410281172 0.019879663328493537 0.0761453489306073 
8 0.8877322924477451 0.6782302860330891 0.031579861123035756 0.08289417405299988 
3 0.2078725483617947 0.5734764880698399 0.13412320920272464 0.06471927446961445 
4 0.4747361758808754 0.5372703402507635 0.0577122578495586 0.0914508425082428 
3 0.07565453041787518 0.5895338950059436 0.15130906083575035 0.09818021565855051 
8 0.6561970432828094 0.6125992436570639 0.017426644961559674 0.04393133988768088 
3 0.272215022619051 0.5683993788242847 0.10835308694854444 0.0535466650778796 
0 0.781397076292256 0.5510993166478235 0.017931965089351253 0.06309524956302072 
8 0.9848956821579091 0.671771216062823 0.030208635684181927 0.08185027291776527 
8 0.6088313385806317 0.5852252355300179 0.008834841450636758 0.027722629019170882 
0 0.6020211852515428 0.5430209974944866 0.004591923133426477 0.01950475716037646 
8 0.9968266644464939 0.6526653735904617 0.006346671107012298 0.07520783573336151 
3 0.5892858302466187 0.5504933621920096 0.013772237692489782 0.01791306357491755 
3 0.24387341484549852 0.5648230793192152 0.1197540482576819 0.06504736264445139 
4 0.44799503738012003 0.5304937155641996 0.08165236890506407 0.12133734126636132 
8 0.619926545230057 0.5932938155998612 0.010768766561983086 0.03211836646787383 
7 0.7240030847107073 0.5539517630020311 0.13741710723346814 0.06870921591615235 
0 0.7494325942728807 0.549714560630379 0.016507457035150566 0.05918712529284941 
8 0.7248882123301911 0.6449051529138627 0.023439798001342212 0.06256096029855598 
