3 0.6073082764013537 0.5545038909186248 0.029729494406826477 0.03415634328993242 
3 0.5795171732528291 0.540399391450063 0.015606458002134858 0.02495937534772281 
3 0.5712751088870902 0.5438607223943218 0.009204633705916478 0.012064100822995681 
3 0.5911054197349044 0.5452908005505887 0.01848834089792362 0.02265720573351334 
7 0.8714477511704452 0.6294673595386472 0.25710449765910964 0.4116573403413022 
3 0.3635768019864256 0.559808086453712 0.05916082237829784 0.03865143912396421 
0 0.6166063545127161 0.5427487015568961 0.006610602227384206 0.023382309881194423 
3 0.5370097007781157 0.5529964355950672 0.03172962614699252 0.04886357830908587 
3 0.006408597442615597 0.606503999267118 0.012817194885231194 0.11809880515156433 
3 0.4840568785622867 0.5450628669674973 0.03003487288117192 0.02004162662416958 
4 0.4006282806676068 0.5297606161337496 0.14563661167072794 0.20663315623352144 
8 0.782520587012076 0.6274478774169885 0.025306806488299145 0.06027790986912085 
8 0.8346757786659217 0.7279743720434894 0.054150384921489804 0.12787395817509983 
0 0.6099472163841311 0.5427698900696368 0.005835331971527822 0.02389093927759619 
3 0.5994779925839084 0.5503623200437358 0.019298496368010946 0.023843403303173936 
3 0.15631153668857956 0.5801088974461216 0.16941091207873782 0.08743522536917131 
5 0.5678587947044932 0.5379609749060509 0.012018825019778348 0.019781282770362812 
8 0.7209968711364354 0.578410210623457 0.012467338173136824 0.030431845960636614 
4 0.2148203713360654 0.5236450320204931 0.4296407426721308 0.5260447658561657 
3 0.2313225185976139 0.5710120242547383 0.12017766177443069 0.07100213502071073 
7 0.8989436196068172 0.5565034653078774 0.20211276078636545 0.17511774229547333 
8 0.7540779048804618 0.5773125342743012 0.012810408645113682 0.030721899313349215 
3 0.05776368394272402 0.5951380971146115 0.11552736788544804 0.12174509603325608 
3 0.09164626541285228 0.5863068371861002 0.18329253082570457 0.0951636133347189 
