5 0.26399209158666664 0.5647420478065254 0.19620642540665056 0.11715980107559612 
0 0.4616516283321441 0.5442805966144135 0.007389744335680106 0.03510884422343376 
3 0.5197742805272706 0.5523432637913154 0.035307999760361496 0.0543127794471696 
3 0.14294026005155033 0.6063576642133357 0.28588052010310067 0.14467753756850021 
5 0.3191758992182593 0.5564494041480322 0.1438845575987926 0.08659930737055233 
3 0.7134407302241417 0.5448053576663691 0.05248628742985517 0.03736175572210963 
5 0.5793778961508066 0.5431791231643035 0.04898684453574994 0.03353363177009593 
3 0.6390760253036157 0.5476099357156492 0.05856980824345804 0.0555530839447976 
5 0.043904669800995874 0.6150964900890555 0.08780933960199175 0.3218997125606508 
3 0.3526432081181915 0.553235548158934 0.11028271894295198 0.0727276246165593 
