8 0.2072852547999061 0.6008345014704711 0.08461476566271568 0.06290447789714158 
3 0.5626912408821219 0.5439180020096243 0.03420460006445076 0.041842993550543627 
8 0.3792884799539 0.5652199719741752 0.01948840105632989 0.02658604049056616 
3 0.5407382893541347 0.6314204258001961 0.2105614195376905 0.36908788014964417 
3 0.5187893910954318 0.55284881288975 0.058325923251814515 0.08297331043621531 
3 0.6839316780738842 0.4817230965804787 0.22676773476994705 0.419150426649953 
8 0.308192695091926 0.5853822842956756 0.0396675050137582 0.039483723523453904 
5 0.8143986985268328 0.46492252838734605 0.3712026029463344 0.9103679189045146 
3 0.38963211232689776 0.5505141355435907 0.049945463932629865 0.029963675514664233 
8 0.2696931880150897 0.5885816722121368 0.057126595633569366 0.0466896873634757 
8 0.10616655300947962 0.6065724595672185 0.12334524350020315 0.07449660266000263 
8 0.3332318996350182 0.5853537262382676 0.0319586035685905 0.034878932065191624 
3 0.5229267420553906 0.5777414661880664 0.08533230737035816 0.11440340426794668 
8 0.02351535981852889 0.6011549005803847 0.04703071963705778 0.0772003905717897 
