8 0.2070655575779573 0.6010215170055422 0.084620749292108 0.06284238383975232 
8 0.37911648579019 0.565579109512845 0.019481703115672603 0.026568213492024345 
3 0.5406907386703498 0.6325741444374275 0.21161363581400103 0.37096077934412636 
3 0.6837769730425944 0.48242694059240826 0.22667229501024358 0.4190410298849302 
8 0.30800263535136724 0.5856675527635997 0.03966298891351162 0.03944834615434205 
5 0.8143641564128243 0.46594510100431696 0.37127168717435133 0.9098852337827846 
3 0.39010729514232706 0.55086639472553 0.04989315097852987 0.02989634944003165 
8 0.26902690142107544 0.5887426330816554 0.05710838044739699 0.0465666875451741 
8 0.10590899868125324 0.6066482344896205 0.12337010049755594 0.07441414347892306 
8 0.333045229709012 0.5856659627051278 0.03195373757175826 0.03485061302087798 
3 0.5227942963443367 0.5782569373162043 0.08528866757836454 0.11431100004739961 
8 0.023364309081479965 0.6011028586246474 0.04672861816295993 0.0771322582425872 
