3 0.613783953759988 0.5545267932571828 0.03408859327321252 0.03793933747047207 
3 0.5800420089196809 0.537939449882055 0.01656808932957219 0.02611370113721869 
3 0.5707334800914782 0.5409437611454606 0.009571089699118858 0.012406100683608277 
3 0.5927419513127317 0.5432481117018473 0.019800972959887843 0.023904831659870007 
7 0.9467765481447848 0.6118204984501684 0.10644690371043027 0.3086360899636781 
5 0.5985015265250824 0.5449588487426771 0.022602580523630705 0.02760762159833424 
3 0.34187294302803295 0.554553211914134 0.06686959404652079 0.04208473599930642 
0 0.6178958920735248 0.5407342471825776 0.006870798170488754 0.024510571903143413 
3 0.5347363592813109 0.5497463560772382 0.03174844069431941 0.04874263789151466 
3 0.47917305002857064 0.5401120457875571 0.03197598198988949 0.020788646026627285 
4 0.34735295410498573 0.5159079872903093 0.21974644075689145 0.29352298535953447 
8 0.9323312148938198 0.6885926275883246 0.04450189294297431 0.10171829027394097 
8 0.7866369711768724 0.5891265958609696 0.01692916869221577 0.03871145094969039 
3 0.4788760831543778 0.5405850667146442 0.03223322387247322 0.022808827204115183 
0 0.6120807836290136 0.5409158301437049 0.006004132424179361 0.025140300808673587 
3 0.6026260042123738 0.5489860592901558 0.02109706640043626 0.025486805843017223 
3 0.07656918544206742 0.5822916497068603 0.15313837088413484 0.11148873375946759 
5 0.5669883716353316 0.5348143995758614 0.012429490916777369 0.020348847539260646 
8 0.7672474424780807 0.5894670659854467 0.0165002181719953 0.0384990640284722 
3 0.481409337922562 0.5396410923354553 0.03193953639324988 0.021038044411414172 
8 0.8247957467278911 0.5860341091002644 0.017954414041062846 0.03900676574052151 
4 0.18725511803811612 0.5100636646662555 0.37451023607623224 0.9662152804677115 
3 0.15780254182204861 0.5683769228229024 0.15727086658049103 0.08624552682715578 
7 0.9557899125637311 0.5712276032519846 0.0884201748725377 0.24620701413927767 
8 0.8070550146440322 0.5884974796372631 0.017004139965310968 0.03874922343012018 
8 0.9157216000458804 0.6372165380792735 0.024495868266170645 0.06538302758611596 
3 0.028825385104552695 0.5856326428993037 0.05765077020910539 0.11982707611074292 
