3 0.6515182038077546 0.5651660758957364 0.059505884215625575 0.05956323709946256 
3 0.5851804189921666 0.5380669304658221 0.020518152030419047 0.031163335261724368 
3 0.5723291920750002 0.5403105985778647 0.011082355345505305 0.014128601396304374 
3 0.6028936052951012 0.5441764837766792 0.02550661992924219 0.029685027566528358 
5 0.6117715626840906 0.5468281328174239 0.030447770261588476 0.035170694564684545 
3 0.24422416911370134 0.5620587811688337 0.1073338580809185 0.06354144006910492 
0 0.63026679913191 0.5414059401852268 0.007532651999524944 0.0292645440449037 
3 0.5309155939887641 0.5500388723474451 0.03232987182178846 0.04965910309346491 
3 0.46134375101413044 0.5413946756733092 0.039913156161953366 0.025737314576616214 
4 0.21218448519986793 0.5044069595638634 0.19515846318739918 0.4315702917269599 
3 0.46343280831673866 0.5420747284426555 0.039764375309937566 0.027964206889012203 
0 0.6240742022803802 0.5414467279681067 0.007268229933086374 0.030013144499098733 
3 0.6195306518663393 0.5530009678692734 0.02950127874505128 0.033465769747832864 
5 0.567323482165215 0.5337956851579103 0.014208281606073712 0.022977800729021284 
3 0.46838416144075057 0.5395342558587634 0.03817134719454245 0.02505518421430477 
