3 0.6020765089813294 0.5557855300670632 0.025995987500594994 0.0305353174391441 
3 0.5790047855915897 0.5443263317292355 0.01455542488267895 0.023627061221768348 
3 0.5717518970589367 0.5480513890737808 0.008779830899878292 0.011575627298200098 
3 0.5895462839255032 0.5487680546015943 0.01714585855978804 0.021233956339022357 
7 0.8196916670682586 0.5900376126088084 0.2805604239290071 0.23449383088566175 
3 0.382646474350115 0.5626184488706222 0.0524442205661768 0.03478109118399901 
0 0.6147021983021314 0.5463900694195644 0.006123213532612368 0.022096842854839576 
3 0.5390998805212385 0.5568672053453677 0.0312708320333558 0.048165691366906585 
3 0.08252237639163258 0.6005232897488821 0.16504475278326516 0.09883628197367916 
3 0.4887355930479534 0.5497278436364568 0.028099090428010457 0.01882761447480075 
4 0.4331119643080584 0.5376256871137577 0.10495123570774602 0.15582423181667113 
3 0.060996154056815834 0.609209505519094 0.12199230811363167 0.11225846712308794 
0 0.9884402222075238 0.5456723491649615 0.02311955558495228 0.12252909726028191 
8 0.7122476575351518 0.6043895645400094 0.01706990882635509 0.041823659018354345 
8 0.6981818291008911 0.6412550243925943 0.024096327058347244 0.0654674386563896 
0 0.6078789681673621 0.5466005227301676 0.005547105431000574 0.022601601424986042 
3 0.5966144173552841 0.5535589425323801 0.017566316775681514 0.022070939967128424 
3 0.2373231125668972 0.5741260555716017 0.1264350650353946 0.06858985179365112 
5 0.5686955100867739 0.5423304950711516 0.011509461047580985 0.019021039474672978 
8 0.6888191024540063 0.5751779163687653 0.009739287600770297 0.02476023136021221 
3 0.017182864532570803 0.6089145028111438 0.034365729065141605 0.13487491601647264 
4 0.34999150120026673 0.5245334546407875 0.21285080305034346 0.2815451001990693 
8 0.7787720827135368 0.6968130017104869 0.034029825897056866 0.10022702267093261 
3 0.28497116092468 0.569849830107921 0.09514661108463969 0.058537142274032145 
7 0.8614809058987917 0.5540088068780004 0.2570554651136585 0.12889876935305242 
3 0.1381918562700038 0.5875645735982311 0.1762305469789809 0.09228937904959347 
3 0.18843585320442813 0.5797975018638972 0.1477213402687784 0.07294151602611773 
0 0.9386244267882603 0.5506027749873194 0.03390953760850422 0.11386988697454734 
