8 0.2071519966554967 0.6013870860829986 0.08462040276109964 0.0629049311606079 
3 0.5624756671533258 0.5444651408166894 0.034092216582460824 0.04171370334705386 
8 0.37918389486102255 0.565791804750397 0.01948680458294696 0.02658542156610982 
3 0.5406092347103004 0.632311436909674 0.21108178036312147 0.3700330784294943 
3 0.683823190632462 0.4823771811729992 0.22673604998974853 0.4190447790895159 
8 0.3080775311869586 0.585945848135859 0.039667357215708174 0.03948315315903718 
5 0.8143455284511127 0.46574198462378236 0.3713089430977745 0.9099184921041125 
3 0.38984220595506475 0.5510785036530895 0.04992295701032177 0.02995073269458841 
8 0.2693448140322889 0.5890980495696179 0.057120836543944516 0.04664926535353737 
8 0.106010898415975 0.6071116716731664 0.12335988654561647 0.07449791386080948 
8 0.3331193641222069 0.5859209273764641 0.03195819189634818 0.03487872248191094 
3 0.597569573382797 0.5525866154264846 0.0531901690181077 0.057845793978263046 
3 0.5228363963375476 0.5783327795440953 0.08532163372728675 0.11439009909811382 
8 0.023423928296525186 0.6016624848840296 0.04684785659305037 0.07717695113359166 
