0 0.7294521455190989 0.5541328120851791 0.015510624671327236 0.053757551764201585 
0 0.46057274615203575 0.5226337679077341 0.008039910571452964 0.03565518236460144 
0 0.44394267455985625 0.5254255096920986 0.013505586830197274 0.048195311033555364 
0 0.4091375729487007 0.5498373289731898 0.020265438807688482 0.06021714309278284 
0 0.9834087852434348 0.586673219696006 0.013275380631379364 0.052644524561758194 
0 0.45346641732532234 0.5239078663894704 0.007765557815001856 0.03856388487080671 
0 0.6320688478641462 0.5358461434926021 0.00922361936211992 0.0329306818606049 
0 0.279859611707251 0.5655887186823793 0.03617977739626898 0.11585358100379911 
3 0.5339542247909996 0.545417957037239 0.030412280569412007 0.04330678935544831 
0 0.9564137160100491 0.5795699352329126 0.011958313699030044 0.06375600068901191 
0 0.3719748535505861 0.5483379859686109 0.0165243983072979 0.06326694191220673 
0 0.9670081209299531 0.5770028081659397 0.021070215565081013 0.07166420357567599 
0 0.6672644104532911 0.5544161916315649 0.01865404857397209 0.06473207003732398 
3 0.9993451170655147 0.6760763090767403 0.0013097658689709135 0.1636228842544319 
0 0.41577702845021963 0.5433292508384647 0.02190202265119062 0.06240001596633571 
0 0.3891342840230111 0.5550708720461144 0.01702818823846819 0.06626638339832704 
0 0.44540103639428125 0.5249312743740073 0.009457911764955399 0.038217404550971994 
0 0.3686617726514277 0.5468145898846998 0.019813105423711265 0.0745656452921328 
0 0.7836191126125975 0.5725762579472846 0.019811965221236676 0.04551194917576159 
0 0.743402208059145 0.553866012828864 0.018234328677128105 0.05870890351846924 
0 0.2494652176724951 0.5598759396136246 0.03997541061754831 0.12274485872840413 
