8 0.20720445234554702 0.6006865533606482 0.08461981981888098 0.06287529738837672 
8 0.3792258378880742 0.5651481542792354 0.019486252545035825 0.02657779258806809 
3 0.5407633783054404 0.6319358967547775 0.211522918956819 0.3707729686797228 
3 0.6838783630116904 0.48178759519212583 0.2267280243331272 0.4191373257505106 
8 0.30812343146862536 0.5852777549124772 0.03966678688603999 0.03946719330934943 
5 0.8143941385654219 0.4650748842604809 0.3712117228691562 0.9102990657874175 
3 0.3901116844393303 0.550432263940069 0.0499038259104983 0.029927432129441375 
8 0.26922224119893484 0.5883844831933676 0.05711220289781462 0.04659855719909331 
8 0.10607025568122605 0.6063756299836371 0.12335990243056344 0.07445801167909116 
8 0.33316405997554394 0.5852609639330834 0.03195740957354762 0.03486558170343616 
3 0.5976130041618682 0.5520184045076022 0.05318546719400395 0.057832918474714584 
3 0.5228795284262897 0.5777390173940339 0.08531527481085462 0.11436337745093346 
8 0.023460004118612234 0.6009043700353971 0.04692000823722447 0.07717224437454895 
