0 0.5562091762512091 0.5355444546362335 0.00549187217057927 0.020112724943185438 
0 0.4463600435145172 0.5336480555799011 0.009618599033486035 0.03764866642288275 
3 0.027533764132299864 0.5178143473401174 0.05506752826459973 0.08903432045006525 
3 0.5288680308242062 0.5312057783061244 0.013441985950714965 0.018087802129899855 
0 0.5416471759192125 0.5339663873507464 0.003681997559864243 0.020021698281720055 
3 0.7109467129758139 0.5660089674765798 0.06977664296608638 0.04685042339358126 
0 0.49137376682552936 0.5328249913394877 0.007621201277296877 0.025398803624781294 
3 0.6079884169961434 0.5492642501644002 0.026572091349134724 0.029770817428644895 
3 0.18749351465525452 0.5286044921599904 0.10437591122952627 0.06760282834967382 
0 0.5666391699984525 0.5331341108676306 0.0072457167755130315 0.022115476517009888 
3 0.039674386600190445 0.6882498537178738 0.07934877320038089 0.3436706802199061 
3 0.7649154151711041 0.5907341831292579 0.09707855381925072 0.085837691148297 
1 0.9732807980855833 0.647584719328946 0.053438403828833574 0.13040389051205542 
3 0.47181607804067344 0.5518600441016526 0.03423098434399556 0.04385134405642734 
0 0.534871466912062 0.5308827511217274 0.005371471597463682 0.022424064279120696 
3 0.8063916414560728 0.5672760959338703 0.06476035060722993 0.04670285365009552 
0 0.340651879953564 0.5499388370906049 0.024997820468787568 0.0772423831875539 
3 0.1539129300778807 0.543918736818682 0.15046602002871812 0.10792189050464926 
3 0.6885461415063128 0.5676493945115089 0.0762463094724579 0.05134867873942078 
0 0.43779341570155894 0.53207019257868 0.009489052476241398 0.03597225252196779 
3 0.061801387240142294 0.5302432071352036 0.12360277448028459 0.11330532716266242 
0 0.4548659667197974 0.5444088692833239 0.009803584077830295 0.03569477600962273 
3 0.8774341679740465 0.6111094149710903 0.1827159190323043 0.15546553652445166 
