3 0.1631643494657785 0.5723384573574039 0.291608529502883 0.1771253011219638 
5 0.46089523001197213 0.5386829872485058 0.05460870575750732 0.034508211357886266 
3 0.41200163808148105 0.544247418663699 0.08404920642565891 0.0483823228913883 
3 0.017992573497127726 0.5832743149988202 0.03598514699425545 0.08266298167617234 
5 0.43167578080328795 0.544606288937625 0.08123465274326862 0.04567716277943103 
0 0.5018502011933437 0.5353342549154012 0.003928774703056561 0.020173413400600755 
3 0.29820102126427606 0.5667405991486439 0.1702511962172464 0.09374564300569445 
3 0.5437415935350937 0.5491742129662412 0.031394417459683695 0.04819806780648649 
3 0.4540797311101942 0.5462663945936648 0.05124483829718663 0.02979305281734115 
3 0.2880026116602749 0.5522224628055076 0.06593192795557372 0.03732830621319743 
3 0.27225712994959844 0.5796474382205317 0.1906951614401662 0.1078040785526769 
3 0.36034338777299624 0.5543546525369948 0.11452234325422353 0.07488479221761743 
3 0.3829339631024382 0.5444860912683435 0.1045781994402003 0.0659561835535906 
3 0.5809499820917466 0.5380958072162629 0.026352945396598812 0.0196580236972825 
5 0.5555985515466355 0.53561779952455 0.008890750342562797 0.015627282281076748 
3 0.32799730501286795 0.5567906184615821 0.15187288882919947 0.08584039123090918 
3 0.40203691883242015 0.546470745735255 0.09739531988577554 0.06093532990301159 
5 0.8859830637059619 0.5764679195005048 0.22803387258807617 0.30994833014898515 
3 0.7222472283533977 0.5716967988851998 0.0808331902097288 0.08274155299431982 
5 0.4413430518959812 0.5383659500474091 0.06864306287575325 0.042879856903526525 
3 0.46959406918945107 0.5365417545066938 0.04143051932936423 0.028443032462863015 
3 0.14444198846831402 0.563623579129455 0.12066519621211633 0.06938061923330029 
