8 0.20715571880738234 0.6014772843365483 0.08461794221159494 0.06290502634793912 
3 0.5625106034722258 0.5445693214513367 0.03412191970176274 0.041747029265735085 
8 0.37918641720984086 0.5658822311392481 0.019486329343000222 0.02658546408625903 
3 0.5406196290966235 0.6323711719219788 0.21101400482445584 0.3699182257821389 
3 0.6838253994970376 0.48247341562419177 0.22673719897589883 0.41903269882091737 
8 0.30808028085795564 0.5860362060523063 0.03966637236665332 0.039483258610020285 
5 0.8143449387256232 0.4658582976324039 0.37131012254875356 0.9098706645861416 
3 0.3898044927348666 0.5511701987611379 0.049925611940302164 0.02995190559829363 
8 0.2693923841946215 0.5891923497513256 0.057116800689094485 0.046653293749941566 
8 0.10601630903940251 0.607201626786159 0.12335553355761356 0.0744978223661408 
8 0.33312184605895817 0.5860113483494287 0.03195747208966519 0.03487885690361477 
3 0.5975717180206727 0.5526769973403801 0.05319037307936029 0.05784573563131251 
3 0.522839054083848 0.5784229643228921 0.08532077908934134 0.11438980650525467 
8 0.023426304836451185 0.6017527075042847 0.04685260967290237 0.077177671818496 
