8 0.20724397944846437 0.6009196827629604 0.08462079788348102 0.06291222998657632 
3 0.5626722002413367 0.5439797556951498 0.03420993874815196 0.041849349260711634 
8 0.3792567968664163 0.565292478263592 0.01948927895435041 0.02658788936037562 
3 0.54071179116574 0.6314529757059544 0.21050198904112527 0.36898959674059706 
3 0.5187595913614047 0.5529118284629937 0.05832744925066109 0.08297712184789911 
3 0.6838967331774481 0.481781704504533 0.22676310999022392 0.41913521723382763 
8 0.30815788968742736 0.5854601774805863 0.039669647900774305 0.039487665023580754 
5 0.8143792015536404 0.46498550012593365 0.37124159689271913 0.9102996232293064 
3 0.38958271679358436 0.5505865061369013 0.04994930743914708 0.02996832529672247 
8 0.26966879693540213 0.5886660073361928 0.05713204664834137 0.04669815427115364 
8 0.10611661543327575 0.6066655497737302 0.12335632753878649 0.07450759185224962 
8 0.33319836245038836 0.5854298798414743 0.03196022098591715 0.03488211941788121 
3 0.5228965810543442 0.5778041882221839 0.08533420487496471 0.11440919145952598 
8 0.023487309929341504 0.6012485641566796 0.04697461985868301 0.07719669968307863 
