3 0.6219170232514812 0.5601997197526026 0.039507928384467025 0.04280007111065168 
3 0.5810580080129157 0.5413735810945713 0.017693808244573433 0.027508069083495016 
3 0.5706849547010966 0.5441156189844193 0.010003742055587708 0.012900545002092688 
3 0.5949717913889724 0.5468577069445167 0.021310852659500057 0.025456712263186507 
5 0.601669865937405 0.5483992333283109 0.024594781650372044 0.02959874788565293 
3 0.3185085185686317 0.5597103039439058 0.0758788213036873 0.047108676832364214 
0 0.6205660147142669 0.5441361638740695 0.007062720405599236 0.025805433211427208 
3 0.5330263129616708 0.5532060536770324 0.03202232517496789 0.04917869642858578 
3 0.4747553104533068 0.542946154208115 0.034059420041458566 0.022130130484565913 
4 0.24336697898907347 0.504331768288038 0.3861966833070582 0.4791281043495385 
8 0.8618621366359358 0.6105514821565822 0.02422250491743796 0.05121577913739783 
3 0.4741859797440239 0.5443660813835246 0.034258649403705446 0.024221287971980133 
0 0.6149022176364463 0.5443839994748008 0.0063585963026825 0.026481406760433528 
3 0.6065634712757942 0.5531380154773433 0.023200550384244352 0.027533322414768753 
3 0.008845893162433132 0.5978897325905056 0.017691786324866263 0.13134528507884832 
5 0.5665752096541885 0.5378094253724772 0.012944467787067425 0.021105858599267814 
8 0.8363314034959077 0.6109740898372577 0.023601688215794354 0.05088159584083794 
3 0.4772977234230297 0.5429987292921147 0.03365561233654851 0.022164853511952236 
8 0.9113608562661442 0.6050049884492061 0.0251962059832843 0.05153334453780328 
4 0.13159676118757466 0.5431185719603061 0.2523819821010396 0.49034707161652136 
3 0.0816675895626602 0.580714930562663 0.1633351791253204 0.10906317958397772 
8 0.88824335836313 0.6096330980624758 0.02458324126804172 0.05118852426549817 
