0 0.7409255413849573 0.5599614924842733 0.016462677315313527 0.056628264772674144 
0 0.45837635227327045 0.5274279138775521 0.008454710115159329 0.036936204372007765 
0 0.6076697327096965 0.5390564266871241 0.007935418658615561 0.03006551083547145 
0 0.43821256636082767 0.5327383497105574 0.014722675246959156 0.050478621386416005 
0 0.39926223129013944 0.5584707885129826 0.021310712261351342 0.06379135074213776 
0 0.9993038439301657 0.584787900567414 0.001392312139668519 0.054201916076502245 
0 0.4510868716183668 0.529501631083513 0.007921233026382453 0.03893423840305805 
0 0.6353327837820523 0.5414344830907103 0.009464222192238693 0.03385331795466433 
0 0.2754770282678203 0.5711788479903421 0.03625096788212101 0.11715924098689609 
3 0.5334077701170127 0.5496635830555182 0.03122574552586727 0.04365569845330495 
0 0.975707522534747 0.5838932000148374 0.01275777258440158 0.0665263164128465 
0 0.3624566185248142 0.5558132618635215 0.01712598946816698 0.06701561446295544 
0 0.9846165113221054 0.583065815017638 0.022316937404146985 0.07468289740940381 
0 0.6817786860513633 0.5595799120376442 0.019378169130705346 0.06698047019996466 
3 0.5437496752390792 0.5344444291268583 0.026594483911140117 0.029093037459011272 
0 0.40298330844186 0.5498702822312808 0.021992578535011874 0.06592672086093967 
0 0.37871346599363137 0.5646489055903052 0.018584550365536714 0.07103337862415174 
0 0.443888157953394 0.5288251335012938 0.009560134330082733 0.03854198918759759 
0 0.35677753466924017 0.5541680755157975 0.021186763039642002 0.07957188472361124 
0 0.7910809686139791 0.5790945902440776 0.020464851320530927 0.04690412981509496 
0 0.7559899956139478 0.5576184442321337 0.019351164594364718 0.06187778297181764 
0 0.2426579288452398 0.5681201552801497 0.04122389787349647 0.12595296745730258 
