8 0.20717531838480113 0.6008913939100082 0.08462033454778276 0.06287906506994317 
3 0.562539053803018 0.5440990203120454 0.03412598318179399 0.041745992025429925 
8 0.37920278757220455 0.5653494321775033 0.01948592604573463 0.0265786337912871 
3 0.5406913929248998 0.6320271486709574 0.2112895080343653 0.3703754991485436 
3 0.6838531692053086 0.48199808336316147 0.22672403248119452 0.41910468363227155 
8 0.3080980853748522 0.5854805698828736 0.03966660336569909 0.03946908766249237 
5 0.8143787498259206 0.465328771243553 0.37124250034815864 0.9101628227898747 
3 0.38997713614533325 0.5506365213813574 0.04991297347457483 0.029931744553471414 
8 0.2692778665974548 0.5886041926760036 0.05711575935348297 0.04661619258440857 
8 0.10603667502058127 0.6065824300468751 0.12336152641615629 0.07446316246439033 
8 0.3331392623850574 0.5854634337913833 0.031957265473521235 0.03486719770579018 
3 0.597591071545806 0.552215965954762 0.05318541020048329 0.057832997358336795 
3 0.5228590502762047 0.5779375617055631 0.08531400794829608 0.11436428953977933 
8 0.023439934275147026 0.6011083641949518 0.04687986855029405 0.07716888410999666 
