3 0.4233425812631901 0.5285621743719223 0.0667938123015351 0.04483613987180307 
3 0.6932771516253642 0.5505122582456553 0.07434981965600684 0.05922755755451678 
3 0.7413541165052877 0.5545474878482733 0.10055770762085488 0.08864466213430376 
3 0.9472972240333064 0.5640289413678721 0.10540555193338719 0.2911196810317521 
3 0.6535330168046951 0.5447547563851376 0.04479861053788326 0.0432003061470247 
3 0.022022763084379934 0.5547064521895242 0.04404552616875987 0.09749138037240218 
5 0.46410032571715887 0.5259109158010479 0.043264861729706325 0.02443139760407045 
3 0.5322529332020118 0.5359328334299198 0.029538305280246674 0.04527623556677611 
3 0.834947068505866 0.5689956742629465 0.1904607367334026 0.14934798025232707 
3 0.23130942805616755 0.539465985995468 0.08058981466427578 0.04781086978371863 
3 0.43998892610042056 0.5341839308287093 0.05228898399870602 0.03223061005019929 
3 0.11615467824415164 0.5904848816614943 0.23230935648830328 0.15024169054997452 
3 0.4528247904999171 0.5251734207840856 0.04491658514472597 0.029288233784456313 
3 0.2008143821245174 0.5483912513623418 0.08835751270829617 0.049233222149315324 
3 0.17813264022037165 0.5418753221180598 0.10518197032729601 0.05783530082296308 
3 0.440814811327504 0.5276430681984883 0.05518899437582526 0.032501214724668125 
3 0.45793592998754745 0.5302501921157786 0.044341687112620674 0.028547279877473353 
5 0.6278440411893359 0.5255571942916486 0.04818165093850894 0.062338691759007234 
3 0.570956707136592 0.5368395290535314 0.028209568081102105 0.03499375459978934 
3 0.07691893345394674 0.6004192791746417 0.15383786690789347 0.2888256853060043 
3 0.32721893805215213 0.5434960127128486 0.13532511839595898 0.08418497808657883 
3 0.6029880482041595 0.5344789268179451 0.025475675643276505 0.03371088961347665 
3 0.2943236397877022 0.5423296374840716 0.15000869537711253 0.08355834489959427 
3 0.0756969636957591 0.5552985336662508 0.1369188082673336 0.06247171764278878 
