3 0.4342367343802577 0.5418699931967932 0.06009819814783704 0.041224137375162145 
3 0.6705011215843173 0.5580059167465385 0.0597599240184428 0.050647897314383766 
3 0.7040575341960553 0.5583296268878447 0.07584841503609382 0.07201920228777339 
3 0.8901940872383719 0.5747514007444329 0.21961182552325612 0.2796276528938529 
3 0.6403097899369591 0.5547782863103055 0.03815114887412527 0.03834714136810754 
3 0.06659355301250591 0.5686862211810563 0.13318710602501183 0.08293871417916364 
5 0.4689136430383718 0.5387908260587803 0.040570873648299324 0.023421087700797455 
3 0.5333182998798912 0.5488347435859878 0.029492716261054996 0.045308109780337356 
3 0.7601590642643467 0.5658635741908612 0.12556685463024295 0.10943922434795379 
3 0.26480540358642546 0.5536567373717718 0.0700763344351266 0.043179063117769374 
3 0.44880707520732116 0.5456088010193623 0.047342125927303656 0.029860739163766664 
3 0.21908007398705276 0.5848727501619361 0.20107554739407085 0.10364717776345402 
3 0.4592187083249926 0.5377298420504633 0.04153780298683501 0.027645136992460823 
3 0.2407088711860162 0.5622137513774218 0.0758948968916107 0.044133164515125334 
5 0.03751678981210824 0.5747991458386956 0.07503357962421647 0.09055023388732934 
3 0.44870523982816574 0.5391345430439806 0.05057279661498455 0.030457744567733144 
3 0.4636774907311522 0.54310739881505 0.04115186275273722 0.027051907912251635 
5 0.618547853232065 0.5371141846104626 0.042284908697861 0.05637617869696138 
3 0.5630293883585693 0.5448828399407017 0.021982762483162048 0.02798973444109158 
3 0.14184635793082775 0.5853478381660931 0.2836927158616555 0.1754666714447033 
3 0.36301433214311063 0.5536944037686035 0.10931436903057726 0.07070729081992681 
3 0.5978740954601206 0.5451445947316577 0.02396782593725675 0.031357654161854626 
3 0.3406968102936607 0.5530427223114369 0.11710490546198539 0.06828875343467568 
3 0.14699437370713148 0.5673439830341618 0.11033762492198196 0.05364492471096892 
