5 0.38417489255485093 0.5467179668019247 0.10476687754775889 0.06555088731557772 
3 0.12402162044470588 0.5927830951848878 0.24804324088941176 0.18889455154506166 
5 0.20813182652452733 0.5783043330927952 0.2810799819601995 0.14786498797646055 
0 0.4776254520224534 0.5395203420842102 0.0057492649361169865 0.0280860025545008 
3 0.529125037029242 0.5495528886018372 0.034322868101161676 0.05284344400570818 
3 0.3570957280595797 0.564619237157847 0.11326997147543892 0.0637477708053923 
5 0.39881634810220234 0.548806934199009 0.08787444334841453 0.05461129295278252 
3 0.016876092025707525 0.5854601180951787 0.03375218405141505 0.08471661259122067 
3 0.6372910505471658 0.5412500868346074 0.04089031785203538 0.02887977729740347 
5 0.5537568773879344 0.5387277178186679 0.022144909877373706 0.025097691806731114 
3 0.06344019196427152 0.6124874290146918 0.12688038392854303 0.28707041685245843 
3 0.004509761022504323 0.6285312360762797 0.009019522045008646 0.31677879281030075 
3 0.6537259871963756 0.5405710377945978 0.054306330824394705 0.03858722873449911 
3 0.26802394946572256 0.570908310173656 0.19171774071102618 0.11043579287962271 
5 0.292364055279686 0.5584678162921319 0.183278990512467 0.10817905397813206 
3 0.4144923793307154 0.5438029448122519 0.07073760910611356 0.04815225375818323 
