8 0.20720424115807654 0.6007884139715485 0.08461967369324501 0.06288221992626922 
3 0.5626353450358113 0.5439996184237083 0.03419134635758368 0.04182000996133063 
8 0.3792254003047703 0.5652347660228894 0.019486580822451458 0.02657964218162047 
3 0.540697991942031 0.6315342419697274 0.21057361789303372 0.36911547858663746 
3 0.5187378538137624 0.5529174970976465 0.058315684335730755 0.08295088933351641 
3 0.6838752853736163 0.4818530266984359 0.2267328076352893 0.41912655090701656 
8 0.3081230923752872 0.5853709153743296 0.039667032335067416 0.03947099270164238 
5 0.8143878189255551 0.4651405962939416 0.3712243621488897 0.9102557239241985 
3 0.3896103173841051 0.5505312518148503 0.04994159232252976 0.029944278852927938 
8 0.2696013228908995 0.5885521353563722 0.05712480368950004 0.046670215003080925 
8 0.10607039865226607 0.6064871534710636 0.12335898111358433 0.07446729459282665 
8 0.3331637661078493 0.5853518571616606 0.03195770302307352 0.034868679718205536 
3 0.5228776899283286 0.5778120307168274 0.0853178349865901 0.11437090252882652 
8 0.023459916991482612 0.6010240674357799 0.046919833982965224 0.07717549765539199 
