0 0.8790256257378041 0.5906938926119354 0.030831203219173063 0.09317909620052571 
0 0.43923140128579713 0.5364141636805247 0.01274429013096082 0.04896179497161648 
0 0.6379567542940329 0.5515366786204648 0.0104063298851338 0.038530152541294896 
0 0.39027081082882775 0.5465697194406014 0.02376560470029837 0.07637822074422161 
0 0.27026709626536793 0.5895548797735286 0.0443922278188413 0.11984087490426967 
0 0.4361994692566431 0.5382129236147204 0.009948235946476132 0.04538610861216272 
0 0.672513594452979 0.5535471266508615 0.012541458076921686 0.04414560850371553 
0 0.08659146655049157 0.593396643671003 0.0786517241550395 0.19724789686760258 
3 0.5292046173021213 0.5524572918771535 0.03616051245352424 0.04954246787565599 
0 0.2106085067941636 0.5894051156673589 0.0385413397395353 0.1283653938415513 
0 0.7842464885254842 0.5856564979745443 0.032586539441800684 0.10310335269377882 
3 0.6162182050641224 0.5746159066177633 0.06570157017495604 0.0680165856755383 
0 0.30682765638009135 0.5766262727102014 0.03932685960770822 0.11115563115511622 
0 0.21055565743490165 0.6124341007736361 0.05179001052013582 0.1509820119834967 
0 0.4258084109357965 0.5379300526335912 0.01080957761483539 0.045042404469034014 
3 0.5349870393006715 0.541690476054283 0.03089769144488642 0.03429940387598334 
0 0.17626796719676968 0.5864900205851308 0.05381669442895674 0.16057702369574264 
0 0.9021161482789001 0.6026778643061587 0.03216403497389564 0.06741353086398275 
0 0.9046656686036059 0.5824298400484372 0.03613432936551263 0.10207753939521745 
0 0.01654359014161866 0.6037208509674084 0.03308718028323732 0.2225377437010146 
