3 0.48345926185101706 0.5482577051671988 0.03981985721627886 0.027700926890792756 
3 0.6314966455526662 0.5573908441760063 0.02953143669397939 0.028897056823063722 
3 0.6415468795138495 0.556334977875007 0.03242698134673241 0.037066091668155284 
3 0.6786076776864073 0.5533250689032555 0.062280656288237854 0.07570774783952175 
3 0.6200521208754635 0.5562712756332072 0.021548711821361834 0.024224115627196674 
3 0.8098362882542967 0.5921133143489211 0.14474581369291373 0.11251528337683497 
3 0.3077307256932673 0.5583465225854292 0.06662283074588811 0.04106357148133144 
5 0.9083510199927171 0.6224722114008695 0.18329796001456614 0.2016966433692984 
5 0.5020490598339616 0.5461062271727826 0.030763407723629684 0.017783804521267446 
3 0.0404047063021424 0.6181010393208356 0.0808094126042848 0.13203635549138368 
3 0.16425311831368397 0.5723139890608034 0.11556926025836664 0.06798128182399145 
0 0.7934554921985617 0.5635432743916572 0.023645381062370775 0.07026963868580582 
3 0.5529112396089418 0.5588079067128512 0.029710811060439327 0.04553052215535596 
3 0.6540539711203758 0.5576673138754046 0.04274176893652694 0.047020454178200013 
3 0.3325360349147817 0.5787149437007977 0.14396125785052122 0.08511093872136238 
3 0.43255069720781036 0.5584764633751331 0.06842543913034042 0.038833967761330225 
3 0.2230997210004219 0.569461281141724 0.08923948286417009 0.04592554865537813 
5 0.2899341278934482 0.5628769901507065 0.07165987066015869 0.04261324013044221 
3 0.35668093494676517 0.5656631764929598 0.12685448759761556 0.08280891387642308 
3 0.4904369018276373 0.5461461754163709 0.03547808604466731 0.021536121172759787 
3 0.49929544281832566 0.5501605591090313 0.030147223915580598 0.01991435654312454 
0 0.7798964404504868 0.5639888347322267 0.021366232585330068 0.07257076638372868 
5 0.6088883255478084 0.5444170549756562 0.025918517997467846 0.03769005917750822 
3 0.4121352284336375 0.5590774900840068 0.08947155765658928 0.056368065997427705 
3 0.4577459988144804 0.5543096147340997 0.05545570365143391 0.03755379230302828 
3 0.7414963082390227 0.5767915535684752 0.0837905621588564 0.07032635957702149 
3 0.599219446214969 0.551386339790435 0.0161320792206687 0.022833240647900904 
3 0.45162226294072955 0.5507802079182973 0.05540328621580095 0.034104339000050964 
3 0.2735644159146935 0.5656614782741826 0.07225091185247387 0.03766033719739514 
3 0.33346352835646187 0.5603598942438873 0.05424053812174968 0.02930691876136153 
