0 0.5217852207215499 0.5305042998399299 0.009195637152512504 0.03398729255533068 
0 0.470105131912198 0.5097213143400792 0.007869908273939573 0.031719351166570015 
0 0.3691232404258134 0.5250643778917721 0.021180313176759568 0.07365249024615568 
3 0.5315586271453622 0.5259315823780701 0.020695067129292893 0.0288475914841545 
0 0.4935123657685054 0.5262806266361557 0.006059169910394218 0.03341988010966721 
0 0.5299287779843925 0.5284681367707043 0.011984380385025944 0.04074180627131145 
3 0.7108909818326107 0.5706153219130804 0.08310985610690665 0.07523041161551039 
0 0.5355042039220489 0.5289723386899471 0.010153424615085883 0.03727309125112918 
0 0.49899493879800555 0.5310084664484194 0.008079239540146688 0.034349705642751346 
0 0.4630215321497322 0.511198159198003 0.007392003179817479 0.031304042402933746 
3 0.17100698479991683 0.6853183377357385 0.34201396959983366 0.3653284102703964 
0 0.48102879129973075 0.5248775104399033 0.009255633088045556 0.037647913588956944 
0 0.6929158971669535 0.5474703840934932 0.011801246906549495 0.029126647526776486 
0 0.3550240789840905 0.5257286476716118 0.0203923337343619 0.07173647473237768 
0 0.20129431681582308 0.5630691763359991 0.05572215937212732 0.14681527320212323 
