8 0.2071090613422124 0.6012211234591087 0.08462797785173283 0.06289881665081819 
3 0.5625232008195424 0.5443693391313881 0.03415760321746163 0.04178500792772436 
8 0.379151451248884 0.5656434919307248 0.01948726244659085 0.026583555130424655 
3 0.5406251011054058 0.6323571281596828 0.21142551525964912 0.37063082512139595 
3 0.6837931896248318 0.48225424114057774 0.22672151207705094 0.41905694783418057 
8 0.3080417344617028 0.5857898830166385 0.03966950149282223 0.03947945482133573 
5 0.8143390608160672 0.4656123236616102 0.37132187836786545 0.9099595978520902 
3 0.38998456431524103 0.5509262038761331 0.04991075596997064 0.029940694397238114 
8 0.26916748277403574 0.5889141289295583 0.057121785414225704 0.046622278762558395 
8 0.10595776379028385 0.6069344567363802 0.12337507618711666 0.07449042941317821 
8 0.3330848538401844 0.5857677163421199 0.031959580571510104 0.03487565457809056 
3 0.5975409428697893 0.5524646030837644 0.05318740844685813 0.05784045896941873 
3 0.5228086967465857 0.5782019294096845 0.08531881076756022 0.11438094048403318 
8 0.023394790234089507 0.6014693930615499 0.046789580468179014 0.07716642325805247 
