8 0.2071392320386737 0.6007617327622254 0.08462857078910851 0.06288078407474232 
3 0.5625800679925571 0.5439961779226724 0.03418524957809304 0.0418127735807775 
8 0.37917566612928194 0.5652186412251727 0.019487097119071137 0.02657890322857731 
3 0.5407279320327184 0.6315500020271457 0.21059687426991489 0.36915939678797033 
3 0.5186937312907355 0.5529123727278127 0.05831388429620112 0.08294653297786933 
3 0.6838259088963907 0.4818602238202465 0.22671653722084834 0.4191176215416027 
8 0.3080682912512062 0.5853501788576376 0.039669520005308885 0.03946971836033785 
5 0.8143689149933789 0.4651638348245961 0.37126217001324213 0.9102082727354349 
3 0.3895834420828779 0.5505151151542372 0.04994216011896881 0.02994072543279843 
8 0.2695305522803757 0.5885250918027398 0.057127367835840596 0.04666537700595332 
8 0.1059914408265998 0.6064535371949662 0.12337680852134661 0.07446623823635667 
8 0.3331107696802744 0.585332940604388 0.0319593693985199 0.034867620084744685 
3 0.5975663292536141 0.5520857211943649 0.053184501505547245 0.057832631427313826 
3 0.5228340015869416 0.577807556254788 0.08531525140090508 0.11436478381919087 
8 0.023415616684309852 0.6009748776141725 0.046831233368619704 0.0771632913263367 
