8 0.20717448727549467 0.6015220905925162 0.08461057396311823 0.06289256925255775 
3 0.5625130373339718 0.5446659069970258 0.034108473170643167 0.041728651484630175 
8 0.37920009611484407 0.5659545250813369 0.019484408380535428 0.026582228745633138 
3 0.5407164057709541 0.6324860603944366 0.21102439022326444 0.36993831665212584 
3 0.6838431661978508 0.48259684245657075 0.22673337830604395 0.4190218501991323 
8 0.30809519661068363 0.5860967810995039 0.03966300094230921 0.03947662734601882 
5 0.8143577535322927 0.46603057453543517 0.3712844929354147 0.9098298739099803 
3 0.3898362557865953 0.5512435701125076 0.04992097492106943 0.029942941963705227 
8 0.26937075616127243 0.5892456068012838 0.05711565802442671 0.0466437094040472 
8 0.1060408310913852 0.607228806941538 0.12334350179420472 0.07448044018108628 
8 0.33313569011029076 0.5860760484301206 0.03195481534537158 0.03487357652419569 
3 0.5975856711999437 0.5527853258783696 0.05318849150500356 0.05783898359569662 
3 0.52285536440741 0.5785182302689471 0.08531404342363345 0.1143757174050003 
8 0.02343874357323163 0.6017675616014946 0.04687748714646326 0.07717516416319484 
