0 0.8140588426706321 0.5774683886577875 0.023596312340041125 0.07587836488430053 
0 0.44712172626101293 0.5324549354381172 0.010846643538834187 0.04400691044097313 
0 0.6259578752631327 0.5456128951488758 0.009373069576516712 0.03508217672474713 
0 0.4103375406481077 0.5417466907028882 0.01925162516560995 0.06507058000078952 
0 0.3329455346450799 0.5755718621584556 0.031633207495479106 0.0914419810565949 
0 0.4415007125505675 0.532810785232398 0.00926605700441229 0.042559871123042145 
0 0.656696970316951 0.5472739427747796 0.011178065044086622 0.039767799994694174 
0 0.187692763489898 0.5829767360886885 0.05258432039321722 0.152099874751929 
3 0.53033966030413 0.5497190280442076 0.03326592948423951 0.046921319858163946 
0 0.28751529957563426 0.5738557536474269 0.026260365221182306 0.09692369445974659 
0 0.7420779630009534 0.5732030103572103 0.02601911418969351 0.08584498006017156 
3 0.5865455956410509 0.5540519711048434 0.04349245630036755 0.04884483291787307 
0 0.35118691914247846 0.5654803081620352 0.030203147114564857 0.0890046652612502 
0 0.29998285407165376 0.5873063325147799 0.03290077225806264 0.10814012334152974 
0 0.4334477660983626 0.5337946180519857 0.009922748380335734 0.042039887187815324 
0 0.27024853458150566 0.5723706758801447 0.034720092349885226 0.11759605887437563 
0 0.8511274857926872 0.591312934391953 0.026526747426770497 0.05790593725838341 
0 0.8365062603833358 0.5702667632818864 0.027818804453050208 0.08325685780063383 
0 0.12631771663625943 0.588487386106822 0.0626931106260769 0.1708907592887511 
