0 0.6838569325923 0.5395648070891397 0.011204813341741442 0.04234373245213823 
0 0.4668042874734418 0.5149418865603315 0.006722621021665702 0.0302290464320476 
0 0.46423086016352627 0.513966963195384 0.009707973758195366 0.03858980400705314 
0 0.45910267590424414 0.5381936337157903 0.014446069655910634 0.04701797047871051 
0 0.45775328350596733 0.5163565029934347 0.007736016236725192 0.03723332707209187 
0 0.615532773384038 0.5271920470195142 0.008058902024373609 0.02872927878763177 
0 0.3058744722028796 0.5430635610572206 0.032678962351667167 0.1067355816097392 
3 0.5335875690844485 0.5355447855815921 0.027489321707984758 0.03792123837624192 
0 0.42411871926523304 0.5362430225511354 0.012295298039506691 0.04848829590554803 
0 0.5925836208654837 0.5405579981706846 0.014694489663522674 0.05508401361582982 
3 0.9027746231073842 0.644345542142289 0.19445075378523172 0.1939333577897496 
0 0.4795985492366408 0.5396908344441276 0.014321671412622692 0.05173561993331513 
0 0.43438891563112564 0.5415619758712806 0.014828510716638377 0.049547533128938365 
0 0.45089537380567585 0.5167793974471954 0.009149029414168553 0.036612485207172654 
0 0.41435117925658965 0.5344713391772612 0.015639939188730096 0.056120869341849206 
0 0.7482428573196928 0.5607288555656241 0.016522707715491265 0.03900385018435031 
0 0.6940105230613289 0.5382383314251596 0.013272925129264052 0.04624507519657603 
0 0.2666124397378593 0.54042244143943 0.034819291154660446 0.10951884123248495 
