8 0.20715844408419698 0.6009896251902238 0.08460061259174868 0.06281520432936216 
8 0.3791867299967288 0.5656000378762712 0.019477724109534335 0.026561436482505328 
3 0.5406976279618497 0.6326562660074168 0.21160814981984374 0.3709467947415305 
3 0.683856962559652 0.48253355735971293 0.22667620254392012 0.41904596168467806 
8 0.30807965987851693 0.5856660060313333 0.03965489999007961 0.03943421967787041 
5 0.8144109184957945 0.46611367105274176 0.37117816300841094 0.90992090048411 
3 0.39019054698424627 0.5508910110762784 0.049886024928579575 0.029880612358664394 
8 0.2690971613352316 0.5887267949320045 0.05709424997321016 0.046546515627117126 
8 0.10602406463631717 0.6065827859724647 0.12333493115824197 0.07437579130530568 
8 0.33311873371079226 0.5856720881016537 0.031947519095170344 0.03483931430961819 
3 0.522864951443913 0.5783203942612941 0.08527720246487369 0.11428495397004876 
8 0.023426982835173825 0.6010224608101725 0.04685396567034765 0.07713587150616603 
