8 0.20714334799122508 0.600491565855941 0.08463083019560898 0.06287043489274399 
8 0.3791795612394672 0.5649696728471861 0.019487164613139995 0.02657616799616701 
3 0.5407169275036562 0.6318089583974261 0.21157987168685743 0.3708687295471066 
3 0.6838340129978654 0.4816321819332016 0.22670976374409685 0.4191507262409219 
8 0.3080724547649394 0.585092079820382 0.039670116287598346 0.039464037864262815 
5 0.81438168880067 0.4649063859823511 0.37123662239866007 0.9103414853687344 
3 0.39010610913752025 0.5502534245436568 0.049902838192257236 0.029921172864576042 
8 0.2691234300197279 0.5881914659629445 0.05712061330352487 0.04659149253809567 
8 0.10599472629175846 0.6061701021685096 0.12338152382972212 0.07445253001966105 
8 0.33311496471216046 0.5850779207159581 0.031959655059164406 0.034862927395943946 
3 0.5975715953836713 0.55186562474113 0.05318233266128381 0.05782750756970333 
3 0.5228390634677996 0.5775777252024696 0.08531283367508585 0.11435462465065528 
8 0.023418616043716912 0.6006809221139565 0.046837232087433824 0.07715910769709625 
