3 0.14953422627229393 0.5086915286112793 0.10376459608248008 0.07422104282639926 
3 0.009112621949361726 0.496070770481243 0.018225243898723452 0.08143301822850067 
3 0.19801543626450993 0.5208213737518598 0.0839995399529222 0.059686519138881206 
0 0.5504932494501074 0.5372115117779767 0.0032638376209619224 0.017248383181491755 
3 0.6199764362761482 0.5530321967173626 0.05198912211111953 0.036501325540359 
3 0.594328320998919 0.548685349593856 0.020631212483190494 0.024071922466933415 
3 0.3494674338492933 0.5825390336215545 0.10484315803768259 0.11429555899386501 
3 0.6810172241736739 0.5718221415678618 0.050168762317592694 0.0520756208723034 
1 0.8620115255444881 0.6520936745356872 0.27597694891102365 0.18207612561235686 
3 0.48779514841451416 0.548296157132647 0.02447493897417303 0.03235152095157534 
0 0.5468337937520639 0.5320157412622654 0.004666645974230619 0.0193153289951597 
1 0.679065527662967 0.5697388598623474 0.028557457523870226 0.07834414424325296 
3 0.09266292264856288 0.6708069372949585 0.18532584529712576 0.40650927021507555 
0 0.4010407100432667 0.5444816737564276 0.01611475084489143 0.05365718883035129 
0 0.10207212160467974 0.5698882275496931 0.06434270243661643 0.16823779112310408 
0 0.45557937809682947 0.5330251804257531 0.006750726621354204 0.029749951932540614 
3 0.24038236997827844 0.5299064925730893 0.08062210725636187 0.06542830352595565 
0 0.47474125044895177 0.5380480623528733 0.007494139240153288 0.027408357569783687 
3 0.7181533409296877 0.5734697199749726 0.07017021140541971 0.07789566702930976 
3 0.21934328878642895 0.6043142951077891 0.26525581315639546 0.2477594283759893 
3 0.09110358619906152 0.5037433200279103 0.11882482843714262 0.07570741119140267 
