8 0.2071509568322618 0.6014297881288349 0.08461821893112503 0.06290055854885344 
3 0.5625406881814103 0.5445596361848919 0.03415365530711377 0.041782087831276724 
8 0.3791826906814436 0.565845265904088 0.019486057271124083 0.026584244446864632 
3 0.5407090273908538 0.6322658976434122 0.2108505539055392 0.36963043736955403 
3 0.5186973441576543 0.553502829026072 0.058317182715186176 0.0829595710738587 
3 0.6838232011300233 0.4824530238818324 0.22673282422588045 0.41903543269338417 
8 0.30807617200742243 0.5859947177789786 0.039666199685044784 0.039480778315953244 
5 0.8143470744237812 0.465843430895078 0.37130585115243764 0.909880385953304 
3 0.38972488081780043 0.5511356480827093 0.04993044712529319 0.029950213426739147 
8 0.26942589243891335 0.5891611445956101 0.05712283419457481 0.046662002776540264 
8 0.10601057433490155 0.6071474218084788 0.12335664264321208 0.07449186016497644 
8 0.3331177816158061 0.5859714522064546 0.031957260975426144 0.034876843023732625 
3 0.5975689010637146 0.5526545432925482 0.05318926653920194 0.057842934965756536 
3 0.5228369478871605 0.5783954278249871 0.08531868084214878 0.11438437847151482 
8 0.023423087515773218 0.6016921096601835 0.046846175031546436 0.07717472360297147 
