8 0.20715847096829465 0.6014358033680964 0.08461575433952032 0.0628963028741268 
3 0.5624587370898982 0.5445475476943363 0.034073017514588105 0.04169026516463216 
8 0.37918823857938394 0.5658604441509922 0.019485439330008562 0.02658314599307213 
3 0.5406944217599294 0.6324159557291018 0.21109711938386355 0.37006242919184856 
3 0.6838301131840301 0.4824845703106188 0.2267316728751272 0.41903317959611375 
8 0.30808223447712363 0.5860059890287166 0.039665094382367413 0.0394785191745786 
5 0.814351933119192 0.4658891616568748 0.371296133761616 0.9098724421098667 
3 0.389869006906946 0.5511479939739736 0.04991980404150901 0.029944467149723868 
8 0.2693377379654294 0.5891501764661221 0.05711574626380624 0.046640215607083695 
8 0.10602020378004186 0.6071475765478087 0.1233525753046774 0.07448592437885243 
8 0.3331234648172127 0.5859840896223405 0.031956390813804025 0.0348750395903679 
3 0.597574463395557 0.5526816794359841 0.05318864666091358 0.05784071664516388 
3 0.5228432024394997 0.5784182387446039 0.0853165149079571 0.11437970592378387 
8 0.023428113181656943 0.6016883672001145 0.04685622636331389 0.0771740585645185 
