8 0.20711425029104394 0.6008650078572664 0.08462743327414429 0.06287364202227587 
8 0.37915589369979474 0.5653424069745601 0.019485925457980002 0.026576852783164278 
3 0.5406249667737916 0.6322029802764207 0.21159086442650918 0.37090682538485475 
3 0.6838073935947732 0.4820300582937505 0.22670529333073966 0.4190933909865301 
8 0.3080463564276355 0.58546517397183 0.03966822928299738 0.03946567783152394 
5 0.8143632300217897 0.46538957526410285 0.3712735399564208 0.9101061183110695 
3 0.3901053062079815 0.5506256812345101 0.04990059003340541 0.029921319189637516 
8 0.26909035240663254 0.5885624126108775 0.05711720269867659 0.04659152878777251 
8 0.10596298513928021 0.6065434789933922 0.12337649475510123 0.07445658890485207 
8 0.33308908430128187 0.585451177078559 0.0319582411186623 0.03486442965854249 
3 0.5975487393867517 0.5522381563260321 0.05318223701005479 0.05782667694099656 
3 0.5228187231474761 0.57794960167784 0.08530931463469671 0.11435357946606182 
8 0.023398294237722734 0.6010496446768123 0.04679658847544547 0.07715548568464214 
