8 0.20717306989075154 0.6009687008022959 0.0846228824927174 0.06289191032740077 
3 0.5625797586177197 0.5441310455958758 0.03416389702923233 0.0417910549244108 
8 0.3792012601416241 0.5653976230205354 0.01948713340335168 0.02658205968493083 
3 0.5407271588127024 0.6317942369065949 0.21080066923052804 0.3695217798997359 
3 0.5187146464741691 0.5530664387666323 0.05831754425360146 0.08295628238157993 
3 0.6838470900615164 0.48199845978213934 0.22673227778259097 0.41910124983729713 
8 0.30809655310367423 0.5855412314436054 0.03966823882684174 0.03947608962557038 
5 0.8143685539078742 0.4653035112416305 0.3712628921842516 0.9101491001095233 
3 0.38970270308236454 0.5506899989016625 0.049934541248048706 0.029946971374282486 
8 0.26949098289891404 0.5887093175245718 0.057123179489865804 0.046660667059242086 
8 0.106033410422165 0.6066783126968656 0.12336466246380934 0.07448062348108679 
8 0.3331381198209568 0.5855197206743497 0.03195868080127195 0.03487284709994495 
3 0.597587974567132 0.5522248530263966 0.05318799882770321 0.057840412396906044 
3 0.5228540643954247 0.5779603295058005 0.08532008151222335 0.11437908524732071 
8 0.023438576465242295 0.6012197478483609 0.04687715293048459 0.07717453532441786 
