0 0.6918573773135609 0.5381035664946372 0.01174866094386502 0.04466701697448937 
0 0.4649706571898527 0.516945115655021 0.006864677985542329 0.03139067189738714 
0 0.4594447600714739 0.5152537473548608 0.011011959528485634 0.040554290152855846 
0 0.44420290505447313 0.5389788070030673 0.016976096772013206 0.049700316288261395 
0 0.4557396215957006 0.5174191982663847 0.007957740035392007 0.0377661796460199 
0 0.61821777585864 0.5282903707364208 0.008298645303413324 0.029655324699040003 
0 0.2970786254413542 0.5477513227927663 0.03385094888100522 0.11066616477309828 
3 0.5339588589708418 0.5364053912525393 0.02826690114575328 0.03936022360427867 
0 0.8979816676336257 0.5656556578250355 0.00930150298947865 0.05506828881609269 
0 0.4099384003317712 0.5375500739374086 0.01334122007269805 0.0516817104665971 
0 0.6061684850979379 0.5431209840117914 0.01526493044198027 0.05745855363344257 
3 0.9195656514585855 0.6492685830223023 0.1608686970828292 0.20087620233095954 
0 0.46589245692984393 0.5390863913445587 0.015018127630083526 0.05423815815493684 
0 0.42371363546586693 0.5438542033429564 0.015100051995766748 0.052861857658216736 
0 0.44853499456541374 0.5175568705588924 0.0093630938167896 0.037172784976688716 
0 0.4040612004840356 0.5377557028647815 0.016161331489322067 0.06001691787482255 
0 0.7563098273349155 0.5628694685583808 0.017332229864930042 0.04065040534468936 
0 0.7026281544748386 0.5394103108049192 0.014110580835201888 0.048759948385141264 
0 0.2562788855501054 0.5444980104281589 0.03710938261476944 0.11469374114639423 
