3 0.8927054752840263 0.5332398646962867 0.0940638100914218 0.04958065550381623 
3 0.14910765735120352 0.6560198575612893 0.29821531470240703 0.3151295035377484 
3 0.3937138849820701 0.51421804594778 0.06911771236181273 0.0490459409656121 
3 0.3765652656618853 0.5847097742899603 0.22518798125602554 0.1636721461672925 
3 0.199263291950701 0.5498079637902249 0.14665584006480792 0.11919435879424435 
3 0.5315322315815451 0.5188995446493704 0.08503212143546116 0.06151358108778128 
5 0.49513030311801 0.4974740654910675 0.060513094476260965 0.055140268537239634 
3 0.6923246871416585 0.5237296930660243 0.07507145776211814 0.04531940387933976 
3 0.3680583627236676 0.5194428626296911 0.06318852921205867 0.04219597771575151 
3 0.5406086456464333 0.5213207927441708 0.07647646963075885 0.04717935961352693 
3 0.9114301922305171 0.5464311861542602 0.10428750586046093 0.05919079439340193 
3 0.6692418364843854 0.5271106157645842 0.0833068960008589 0.04895088179530622 
3 0.5499092974595537 0.5570967156043648 0.14117033992082292 0.09681304366225965 
3 0.08303876996950853 0.5129008698269337 0.09018181136019696 0.0735844068121962 
3 0.09003751703911736 0.5576600735973762 0.15805749778534123 0.13481693181555537 
5 0.9534460930083637 0.6143832272355929 0.0931078139832728 0.2127113717731384 
3 0.2626907385340048 0.5423316999033402 0.14192015062650618 0.09274332485082223 
3 0.65974858333507 0.5265042753835035 0.09126391353728089 0.055743873912822435 
3 0.9331574268390778 0.5473997298763724 0.13368514632184458 0.07848852837704082 
3 0.49680693114287056 0.5261740539689957 0.0830616373355906 0.05835405766396921 
2 0.8357930147736065 0.5077887983304855 0.027972764058147137 0.023616931019568597 
3 0.9340194482148695 0.5668640973525034 0.131961103570261 0.07740930634898764 
3 0.6176089665136568 0.5375241054239555 0.10022676031559755 0.07028664771117045 
4 0.6584952944128889 0.49339835495179934 0.11386867535729586 0.057770427858434406 
3 0.3125509770155608 0.523168457540438 0.07326238487850383 0.046357708141899504 
3 0.6479702285853641 0.5344458311582686 0.07981745979207397 0.057126271757079385 
