8 0.4582157752641581 0.5839394387522341 0.006168316508254393 0.01684291650461483 
8 0.4514562749934514 0.5812245943006478 0.013757073177711519 0.02694269659888025 
0 0.4988984440354119 0.5685205147496514 0.012883116119241223 0.03679740538310196 
5 0.787760421176401 0.5146633352963121 0.3492222613526153 0.4763971454823255 
8 0.04304619380269771 0.6913607920959847 0.08609238760539542 0.14717652185806313 
8 0.341068547400875 0.6137250541804239 0.01807266119027638 0.03697896347306432 
8 0.23163832335996998 0.6351887163295563 0.07954578048178731 0.09118773218753644 
0 0.1577535869695797 0.5722202727349484 0.014296576236294226 0.03653160384058279 
0 0.679521770566704 0.49554455377289863 0.04282175925845081 0.10678167253007523 
8 0.112834927315433 0.6625211901862044 0.11785211963380408 0.11112743278649645 
0 0.497384176415506 0.5702588127765926 0.011792455666307475 0.03651230867412279 
0 0.4540487288846973 0.5713627836421045 0.014280579465694956 0.03824612396013075 
8 0.3113509522689793 0.6147503182452707 0.048141116817623876 0.06582817682900706 
8 0.1669435843430316 0.6533198712984025 0.10782236191287405 0.11270046532652803 
0 0.5251691650649948 0.565013049939644 0.015302239052371932 0.04377607022384148 
0 0.11813108856638145 0.5768273357239619 0.015213401654851194 0.03861950445922591 
0 0.6403233395317998 0.6138455631521924 0.04636627204987555 0.15475587455257445 
8 0.6492143208046163 0.6314479139712178 0.03939188353246045 0.1102620318744371 
8 0.44328127308121706 0.5822516450141932 0.014577350358098684 0.026869792599404717 
0 0.5019637930287576 0.569629725901143 0.014377718749363737 0.03605049528363186 
8 0.07371673058093996 0.6792448972046219 0.14743346116187991 0.14530983647435064 
8 0.014782452176715744 0.6937398106140718 0.02956490435343149 0.14605472783646758 
8 0.18593034333262096 0.6421993469521552 0.07823493403513808 0.08894305852642397 
8 0.27750850332450927 0.6241643066568081 0.05893113937833164 0.07779716985451425 
