0 0.7288388073984889 0.618673904200959 0.05813427874953078 0.1826598563500701 
0 0.5217334374137681 0.5894456926013311 0.02696268905705679 0.09422903910302763 
0 0.9957768347574282 0.5550127761749958 0.008446330485143535 0.08975565879242424 
2 0.21666729215558064 0.5809411034802009 0.019023535220787372 0.041526053842933064 
0 0.643445357233244 0.6102212843756223 0.04345806655015856 0.15247721216604387 
0 0.10161328187805493 0.6464589673383916 0.08228328463568146 0.24692509328295767 
3 0.3712331476256023 0.7105339323791362 0.26062262025114996 0.5336094285891818 
2 0.6150383906797078 0.5946001316304452 0.039682214625272966 0.09802407538085024 
0 0.7088560393087531 0.6143541508528736 0.04346144618533316 0.17779528613398315 
0 0.6929124637076188 0.5953606440732415 0.03458627316279504 0.1375924668703202 
0 0.7377207759277644 0.5922773453327963 0.06044129968661949 0.17193444640746344 
