0 0.5658289463593765 0.5693814450600092 0.008365453369178013 0.03095937345664936 
3 0.5087862775708433 0.5691743028760506 0.016389741324430177 0.02316687282166438 
1 0.5546525813970705 0.562590069178179 0.013155864235650867 0.03263753206110064 
0 0.4553934181343685 0.5772282109032527 0.021059724239710535 0.06857609550410328 
2 0.8583953353025152 0.5645033686520873 0.06200500005589774 0.12824931446772483 
8 0.2823025158565906 0.607062958380142 0.03751658383651009 0.05381803133968737 
0 0.5952572361313471 0.5673680305155886 0.025409390349666622 0.0699260173089425 
0 0.5983121137296712 0.5663346114681147 0.01731704679666187 0.048624129075682275 
0 0.5476664488820907 0.5630241639929271 0.010257152026683727 0.03214166234603119 
3 0.2268307537323797 0.5893780225931197 0.12061388441713784 0.11128405233324593 
0 0.20889168866285757 0.5943283192839497 0.026552326040017428 0.0614404541257883 
8 0.7895589299630666 0.5427617519960969 0.029083472171059128 0.023494223918431836 
0 0.6310198115893279 0.5653225711804841 0.021983176655946794 0.06713118009284383 
8 0.9275006345029144 0.5282409765321978 0.03405226920722157 0.027260944537069603 
0 0.7362974998412356 0.5614767522149764 0.03323169994543349 0.0877177822703304 
8 0.31464316939702913 0.5992948051364447 0.04485760280505414 0.05084443693259686 
0 0.3024975198443217 0.585036181101642 0.03151141832674586 0.08876396236433771 
8 0.7709144481669995 0.5438734761466241 0.029384715629767726 0.02269206103175116 
8 0.7206154944130039 0.5487168690190594 0.02768518532769207 0.022625661912278536 
8 0.8677543770495407 0.5352422422040483 0.03110666745579252 0.026154928111851758 
0 0.5569358358184776 0.5656529571988747 0.02180103308294946 0.0647490706804627 
8 0.9023718420940838 0.530880325791456 0.03216590612496816 0.028094836038683613 
8 0.2557869470469785 0.6143745911771663 0.04671488141623943 0.06450470670250626 
8 0.24890694528636487 0.6164991077594464 0.03142510445900012 0.06944169994879909 
8 0.3011125887250081 0.7937162860463393 0.07982372154163077 0.17044916961588227 
8 0.7419546865056122 0.547452449734168 0.026850108093058652 0.021728960834389504 
5 0.14637501239751363 0.5965175335001077 0.09159366784274071 0.06293214543091102 
0 0.6223033016578053 0.5632154406322186 0.02406380171365889 0.061350252567424 
8 0.8733431489319832 0.5384299162649805 0.010584548038825404 0.01698288547781462 
8 0.35549747716581254 0.5950026996785686 0.04170337993556494 0.04293118604120157 
8 0.4152840740976098 0.657788933498981 0.031568809392144036 0.07671585364272915 
0 0.1487639689884191 0.5977858838066178 0.02781627002045891 0.06317852702419935 
8 0.6983972192445598 0.5530108887531898 0.03095338280745537 0.027363499326957152 
8 0.44288411255029725 0.62272607355627 0.03354248325421878 0.079021795037334 
8 0.18765924792704267 0.6321205255124983 0.024839939106408835 0.04769244583600539 
8 0.2157344296524126 0.6056802576634227 0.027364668458067457 0.02431126657204383 
8 0.6723526194895583 0.5537207928395091 0.027761533927556172 0.022897283473162007 
3 0.5063163964850906 0.5672060249901514 0.018016244674412363 0.02903141031471067 
7 0.4028274376853351 0.5637676797209911 0.1156477954536949 0.17856742367244144 
0 0.5990636868993788 0.5647597987444467 0.01700012766251625 0.05156718527312061 
0 0.5314705095347905 0.5628607356594063 0.009162552614504023 0.031402675107221716 
0 0.21345207196512195 0.5944052985532681 0.024011178828687748 0.06535526431658677 
8 0.8915655316100842 0.531802401746571 0.031676012760690216 0.025990299259614554 
8 0.9519756528504904 0.5255764021829935 0.03199794604787428 0.027168086348789113 
8 0.4676645223250114 0.5967270205669585 0.02164891123590259 0.04694665515805241 
5 0.023174941073990634 0.5654463924861581 0.04634988214798127 0.24379963628741494 
3 0.10346095268007105 0.6077510271820654 0.14226719020836953 0.09593639383000355 
3 0.06044682891208861 0.6343241676113767 0.12089365782417721 0.1320911187716838 
0 0.6256152712141743 0.5683344294371714 0.026342921061032955 0.07139933018896184 
8 0.4590836373240812 0.6073063598400902 0.026696439561914857 0.05994684215678957 
0 0.424134725426416 0.5830675762134404 0.018226673180518065 0.06615230946963392 
8 0.19053113845357156 0.6024462194003308 0.0305843945078977 0.02658593161392926 
8 0.4522867332702586 0.614705359019512 0.02932488151191784 0.06701933852491317 
8 0.6720167887876971 0.5548378363444123 0.029060598831144376 0.028454459419027103 
8 0.4632686329823481 0.6050058274122969 0.02166858491019447 0.054328592650250335 
8 0.03923565416519165 0.6677223083044366 0.03946926092245948 0.06995644675348153 
0 0.3118729949154572 0.5961171001397801 0.02636919411261495 0.09614092780685528 
8 0.4678376242285556 0.594633684748545 0.025459752220960398 0.04724951676937571 
8 0.21876752273618155 0.6673449553627647 0.055412840417355655 0.05080397617391466 
8 0.6574365457898387 0.559920267344688 0.0066967034708652305 0.016159425441199145 
8 0.4756115780620415 0.5738505322012616 0.0038765041497113373 0.01016836006867057 
8 0.4794030204169848 0.5732399441964945 0.004563374112047995 0.010765117427771809 
