0 0.20689275186716252 0.5759337731902735 0.02097640473137119 0.04665097567718628 
8 0.433935531052052 0.5847624448382862 0.03159802701336652 0.04421298248119639 
8 0.570380753978816 0.5569897460324366 0.008407823749018845 0.016950198874333876 
0 0.572246997974915 0.5522524385921146 0.009294143184364358 0.02446912183664968 
0 0.9161883309638722 0.5331150495228292 0.030914387089667487 0.06371536125892148 
8 0.41429979645425863 0.5878587077377666 0.03413422926539994 0.04727357756902797 
5 0.6836260546001176 0.5271567102077745 0.06534882769313882 0.12282237902477308 
8 0.03885975722060413 0.6515182593042235 0.07771951444120825 0.09911151205561017 
8 0.36538777732418665 0.5993606830438369 0.04866834966008746 0.056211332236199875 
8 0.5281915106228585 0.5682415676507695 0.00829415591949008 0.01632406178115433 
8 0.5029316370711366 0.5702811356013554 0.01939058698630994 0.0300896769154714 
0 0.5723762492461794 0.5500510768095016 0.008497328389361698 0.024421145852410734 
8 0.26367775691598994 0.6150088676396186 0.06709759495161674 0.07008390692152236 
8 0.3318571768029013 0.605409775483085 0.05402497549727563 0.06485876352330479 
8 0.27756005103076603 0.6203521939964076 0.025089377692997347 0.04504536715634395 
0 0.6357543759780536 0.5473238134034839 0.010974502461185481 0.02459988771106541 
8 0.5185689673192723 0.5666397333653317 0.015205007679154718 0.026524794069353055 
8 0.45112216705280744 0.581532468240479 0.02769466056682795 0.03962588438548683 
8 0.49297276713517535 0.5724429808956345 0.02175380138803668 0.03228978922082402 
0 0.5835759241225759 0.5482297118469294 0.010293655941271 0.029304442471405803 
0 0.6463005325800638 0.5566525994330095 0.0158314167653689 0.05126556766712585 
8 0.6502671851475119 0.5641654787942997 0.011403204413961561 0.037076363597606826 
8 0.5652451216486432 0.558424292188019 0.008805692440466615 0.016895587511078183 
8 0.30705721091103344 0.6066792942147655 0.05656019750636354 0.06129665257548898 
8 0.4346069391884696 0.5803852613674598 0.02912596898230852 0.04050342798386143 
0 0.5697577685416836 0.5487999877165792 0.008689193347326025 0.023771206092620976 
8 0.4810852208738875 0.575174138505621 0.024494180189825628 0.03438291094207285 
8 0.30055889243356076 0.6168892541880382 0.0234773034118102 0.04562762550261229 
8 0.4673275547552882 0.5786231812478044 0.02646958076854233 0.03759561393591835 
8 0.39207710482594704 0.5932777428149631 0.03920422560607875 0.05072177170902674 
8 0.39394603939407985 0.5939945326453522 0.035794764550968736 0.04776978068299197 
8 0.511309056128347 0.5686235638271366 0.016457388683137352 0.02869382568382548 
8 0.45076082769528164 0.5808012796981954 0.0277900751186975 0.03756160748611485 
8 0.23936054726623654 0.6237915288690684 0.020637120361217426 0.0499975512662061 
