0 0.8162847058482282 0.6197409867650088 0.07481706422390787 0.21400568337155573 
0 0.5312706956522688 0.5761357411311739 0.018447056434410386 0.05759608710731186 
3 0.11968313387859594 0.611650789645119 0.10930099679114402 0.08384610410897482 
0 0.7499686129819917 0.5648016150015369 0.030738871138180173 0.07200609420245446 
0 0.7088832273346194 0.6100336795964366 0.05074640412296375 0.16803317646596636 
0 0.2685299929928655 0.6370844793924799 0.06739293097375153 0.21025838061610494 
3 0.25345259831895456 0.5792330998716265 0.02658600791202776 0.03059025090151787 
3 0.38300215202200366 0.7078295226827741 0.2565221961068418 0.5064849302868102 
0 0.7786141767386863 0.6147955045944109 0.05204208545012847 0.1983198354576994 
0 0.7574072110228258 0.5931525635315463 0.04089442341772056 0.1521324597968173 
0 0.8122860842813845 0.5946340407532478 0.0759466078853309 0.18825247683699742 
