0 0.6341546470334875 0.5441520548048576 0.028877676697203754 0.06977182905023287 
3 0.3055290595119845 0.5828270636472869 0.1566377599064904 0.14672450337916623 
1 0.70847069757344 0.5357558172599827 0.020315694944664245 0.018305923574023254 
3 0.5518630547957761 0.55220625952979 0.0892394869039012 0.08321837285778144 
4 0.49832764610606417 0.5139266980135052 0.035614209845604636 0.07172665651728753 
0 0.2173178800073178 0.5307090297784658 0.013432159950748854 0.04161056077403935 
3 0.5015332080866807 0.5388820499712862 0.01866633798385301 0.027413125147920457 
0 0.22811063700789394 0.5589008938850818 0.014515246798975383 0.05459528802871988 
0 0.07156633103074553 0.520494294070776 0.03219851525634255 0.06324748884864594 
3 0.0319118621984026 0.6331159271564037 0.0638237243968052 0.16233205269165643 
3 0.04811664058139154 0.5665824358685355 0.09623328116278308 0.07629342677815341 
0 0.6409174105428239 0.5257919338800392 0.009497635123736928 0.026297537641138242 
3 0.8009774892155226 0.5586616638076585 0.07807848298486363 0.0470908007196043 
0 0.23371973023737325 0.5458420286330987 0.014792630251422346 0.04579621083131687 
0 0.9321909594921007 0.5746027245252667 0.05895458243263079 0.16862393034278203 
0 0.265099767119993 0.5481139579880842 0.013564588308200847 0.042466554779326704 
1 0.7152534912309818 0.5343140947797653 0.023010742077455574 0.023679452409966377 
3 0.16722935122501878 0.6086643585020491 0.18608246537863055 0.12244499479740675 
3 0.09909750163579667 0.5643895216505687 0.19819500327159334 0.24611860783096537 
0 0.2952848939825956 0.5394591468940343 0.010864129012376047 0.029941419006418894 
