5 0.42888695102270247 0.5456409610336636 0.016868121765241783 0.022181954533360543 
3 0.010561305299292669 0.610514865749392 0.021122610598585338 0.16338672336706508 
0 0.5623104791776341 0.5544842751146856 0.007047199362571703 0.023225475390400638 
3 0.46943548438845545 0.572983227660405 0.04335456185484091 0.05773715776871957 
0 0.5777103139975127 0.5567371108655441 0.0094191511452118 0.030371051974659558 
4 0.3937650964752318 0.5272656909591791 0.02427834495474656 0.05271844873099332 
3 0.5172049949754322 0.5583014570334923 0.029894126057624818 0.04571465907845878 
0 0.2892895996844989 0.5603159308844442 0.007394808295291178 0.040198941248729754 
3 0.3620015100490227 0.5451546304061627 0.01827071082940698 0.026531815298129813 
3 0.48951521834761386 0.5523049456754394 0.019581378815168478 0.030283682180608416 
0 0.5677703864706232 0.5491935888981967 0.008451115189820797 0.027692893008986818 
0 0.10455025217650966 0.5453372390556098 0.014669188263464772 0.06064269737670473 
