0 0.8318855979623032 0.6254132901278799 0.0785839332071258 0.22077272821606136 
0 0.5306569228808299 0.5749339026208241 0.016267000441169303 0.05395863998980461 
0 0.7236887605864974 0.5688817763485253 0.03161663260999717 0.07415567753422168 
0 0.7187233038794909 0.6097197488805051 0.05219916420522438 0.17168150043848945 
0 0.37431022238373757 0.6283099483833451 0.05336924556304155 0.18116953180129314 
3 0.2729795308596907 0.5835792301270862 0.04119235735800185 0.04289943260959654 
3 0.2314259039289858 0.5828889565784625 0.03655847817427862 0.04099491920394194 
3 0.38291010890457655 0.7128446138593848 0.2676079233767615 0.5280857164507047 
0 0.7977170171156663 0.6187220340409844 0.05460802499419174 0.20612073859199104 
0 0.7719361475838403 0.5934346158482368 0.039914589833002626 0.15599502295162457 
0 0.8343244415815849 0.5951069696728015 0.08053012244503763 0.19553921792250833 
