3 0.6453197032989624 0.5710012826770089 0.10651350705910993 0.0626411318348135 
3 0.42286141863537013 0.5689225947510379 0.08506435252710375 0.04839318711364229 
2 0.5279098084085065 0.5485278770518246 0.029264195555751656 0.030636013118486984 
3 0.01810952308729335 0.5905621201166312 0.0362190461745867 0.1675550862785271 
3 0.6159885734717713 0.563438155681699 0.07030666974880369 0.04265867556079968 
5 0.04410670873568237 0.545581860538958 0.08821341747136474 0.10820857744050184 
3 0.36781114632091255 0.5788512817369628 0.13363281766195795 0.07899777234200933 
3 0.053234393825618266 0.6014829956312385 0.10646878765123653 0.12147406609730543 
2 0.5274366970011959 0.5494413409694834 0.02387581936474625 0.02950986372063849 
3 0.7050566943777498 0.5874727148874366 0.1414925188673193 0.08679859001523539 
5 0.013819010761123253 0.5627933459800548 0.027638021522246505 0.09490803629245173 
3 0.31300578616818336 0.5988908144639588 0.1807271772959544 0.10073791445256006 
3 0.27113285438085394 0.6145250920171866 0.22686566135954084 0.1314753660206908 
3 0.8022915344578878 0.6061746814275939 0.22889366206516626 0.14844854054447826 
2 0.45938965421847455 0.5349702931800702 0.01977892418168132 0.027355290164648903 
3 0.6236806089773957 0.5681742891629912 0.07164658876774653 0.048466470868036265 
2 0.5598243490609426 0.5480726826786281 0.02777235165930158 0.027376349125756417 
3 0.8588825668486504 0.6408935401024305 0.28223486630269917 0.16573214955081683 
2 0.4592306831192895 0.5444979908052296 0.02361832537080815 0.02696994820064232 
3 0.09748006372259863 0.7135228457994853 0.19496012744519725 0.3292426805227653 
3 0.24173248895058166 0.5714756478807004 0.10528042493649029 0.06231449419342861 
4 0.34544358232725564 0.5330276297106369 0.16285260969554255 0.07951394282172904 
3 0.39627019065187635 0.570781239421361 0.10185968382499595 0.0624362451045961 
3 0.20456882873317866 0.6269272894482576 0.24486722782979925 0.1558562806031168 
