0 0.5340465144588585 0.5902312548848286 0.02902842575773853 0.11345750066791577 
0 0.5642222293967996 0.5797725514841819 0.017670436210819887 0.06850377852072628 
1 0.6799304427566952 0.5735921026152596 0.031312524461607726 0.033190263836748383 
3 0.8894483396980708 0.6521419463304177 0.22110332060385843 0.2942003786776472 
3 0.3361171906471168 0.5632521098999057 0.039674728094528364 0.058958255406903894 
0 0.5264665593645378 0.5769379879904838 0.02298577437721349 0.07418131672295886 
0 0.5585537030464055 0.5906474427073504 0.02223928699294767 0.09507496678275111 
4 0.2828173218330637 0.5173883716194323 0.06126729093598659 0.1423370641507719 
3 0.27318910386734196 0.5608429323827328 0.04873550923865125 0.058917664563034454 
0 0.4192442957738719 0.5709997995827831 0.013126329101986656 0.04898644630643168 
0 0.5009158998920056 0.5520131503436406 0.013333628991818216 0.03753714383129136 
3 0.036600107782392 0.5830005909136319 0.073200215564784 0.10024878166793807 
0 0.6233855654806572 0.5633089398454036 0.01380394616905754 0.06372327062277919 
1 0.6929283504793358 0.5715693333540792 0.034858164764099656 0.043226681753843525 
0 0.46586195850515766 0.5742510819281981 0.01631870958289369 0.08597077060370452 
3 0.3410341499910261 0.554265513605968 0.03200498172172992 0.04363323429576326 
