0 0.8450652396660178 0.6301323658687908 0.06511548115098237 0.22756829387558297 
0 0.5247321990560098 0.5745251482887244 0.014382765451530234 0.04909796510113905 
0 0.6833967786745904 0.5791631333042694 0.03130534420610246 0.08058177412358311 
3 0.28885693559987446 0.5799065548257909 0.03155492303340093 0.04196588420062982 
0 0.7280656958367848 0.6085898897376627 0.05340307926454258 0.17422654875751245 
0 0.4958575640493081 0.6208515526235018 0.045191827740264257 0.15605749293208904 
3 0.17032139232643295 0.6195511605732067 0.12001783997615727 0.10635585253910196 
3 0.14431610975763734 0.607447293693825 0.08831933899141785 0.07853070594927626 
3 0.38715153931521806 0.7132120090752448 0.2665379907085799 0.5256056305783329 
0 0.8106542617544932 0.6228527502291559 0.05752276079964773 0.2100182436710943 
0 0.7737354092508442 0.5942124820071171 0.04114714999217142 0.15153110757530605 
0 0.8530201459169439 0.5952669850669209 0.07685282066361239 0.20492464084089704 
