0 0.7231169125652366 0.6187875255079229 0.05751332885449912 0.18253745642079733 
0 0.5189460598983615 0.5895822283347663 0.02478743099672144 0.09119478990719378 
0 0.9827189993306453 0.5552681144061656 0.03456200133870951 0.08957011850683702 
2 0.2035938135264795 0.5845574969525619 0.023020341062727462 0.04849080325383562 
0 0.6435814914197355 0.6102688619132988 0.043482225866919536 0.15252497372110294 
0 0.10204658737608839 0.6469896822310488 0.08220840716149695 0.24689913506329308 
3 0.3712419324391311 0.7106348429474446 0.2606291828470709 0.5336190126876381 
2 0.665883491595352 0.604626115553816 0.0493195830388737 0.11214916038603241 
0 0.7088693091773294 0.6143874502099145 0.04347233035982057 0.1777991268468783 
0 0.6926871303345763 0.5954108667679426 0.03464345297250063 0.13781239967069236 
0 0.7376196014232326 0.5922306509547459 0.05945404499630243 0.1689405774538038 
