0 0.9002286840722828 0.6331885889267833 0.10653856970685724 0.24964323837270727 
0 0.6661264828382011 0.5902719510097366 0.031080164939204877 0.098804292725584 
3 0.09405384587158068 0.6552466362300395 0.18810769174316136 0.20943893362440152 
0 0.7390018325670772 0.6103508312842284 0.05538409632695974 0.17931121218248045 
0 0.640134812735715 0.5990378903774288 0.0423612425055839 0.1365249837780384 
3 0.3877251019776753 0.7156200884385648 0.2713249308025863 0.53458333085805 
0 0.8177965246071398 0.6239619347422576 0.05776926530495032 0.2128776049984614 
0 0.7797735077648725 0.5904552825441461 0.04183461471267492 0.15311308794135225 
0 0.9264071521488209 0.595175448074599 0.07454872823537542 0.22033656455359726 
3 0.26726165884123515 0.5871950085553299 0.04946946558956647 0.049044285726042684 
