3 0.9407480898095498 0.6869047605489298 0.11850382038090032 0.33343939464971173 
3 0.23155032379086873 0.6372860133330189 0.3035913184389583 0.16839263767217838 
2 0.5669205420384309 0.5631054701319622 0.044299679750854394 0.05074349049582433 
2 0.43726586932120093 0.5469977501882586 0.04541284407961186 0.046205053862848455 
2 0.7499206645478128 0.5696457364194727 0.062168737536434975 0.062013396279237375 
2 0.558000069881996 0.5513424691081878 0.05353896708757809 0.055881678534950144 
3 0.8119684288817515 0.6004352634259261 0.21798557853976405 0.12016158890918145 
0 0.3572113046670565 0.5210403799579337 0.02297889927156497 0.06431232543790612 
2 0.559983257236661 0.5544190286667007 0.045622907967362285 0.05613146027917739 
0 0.34460566211608834 0.5276066017821792 0.01763996985877064 0.06349964924495143 
0 0.35813462990251865 0.5252789789993298 0.01691443750452372 0.06609258959822784 
3 0.91097594441219 0.6426122295805752 0.1780481111756201 0.19472058129672437 
2 0.4335436439495699 0.5401885868200856 0.03718112905304686 0.050584807912912436 
3 0.8737826142226188 0.6142510855853972 0.2524347715547623 0.15552266507521426 
2 0.6167976506247298 0.5536441311951699 0.053112812699957955 0.051462777683853204 
2 0.430685402787649 0.5582916823700013 0.04497634731894927 0.05084941463465011 
4 0.19607938572242423 0.5106293903581154 0.33496234694154875 0.16401932352660292 
3 0.10274585608299054 0.7644232225213032 0.20549171216598108 0.44934391866776474 
