0 0.777506839527307 0.619602576791584 0.06776836066486226 0.20189621828131338 
0 0.5131655133142246 0.5773568512098172 0.020247576515312674 0.06005404268119005 
3 0.1649522709510923 0.591801657913676 0.06142102099011666 0.05353851716578573 
0 0.7514503249641925 0.5652765395095148 0.02937723652947895 0.07119985925671787 
0 0.680263437570403 0.6103537282640683 0.04786804615254852 0.16282456427499217 
0 0.18940800100999472 0.6447714723437523 0.07628016742764998 0.23229997085433474 
3 0.23770312278697425 0.5784227351814789 0.024799564583135307 0.026694639981986054 
3 0.3634931234117233 0.7023950125832241 0.2469566182120752 0.48731895402194964 
0 0.7428350360538771 0.6143174210595689 0.04793571559958196 0.18910487984549296 
0 0.7255032855505289 0.5942481045320858 0.03809587224433173 0.14645132382800058 
0 0.7791990879117546 0.5949078701964098 0.05264335026738565 0.17430992978269727 
