0 0.5632112246549934 0.5662712940144232 0.008988127078768145 0.03326418958550555 
3 0.5021113362815263 0.5630633445658758 0.01719063063691763 0.02445427275372765 
1 0.5507534951289352 0.5583536615631003 0.014127326985790063 0.035045884051064416 
0 0.4390290021529489 0.5741846365492042 0.02465364271739773 0.08065731462520812 
2 0.9725916180732871 0.573081932658407 0.054816763853425814 0.18784249618677185 
8 0.2296442726864617 0.6116520573348311 0.050282308294706514 0.06540253230773677 
0 0.5675373373484598 0.5680589619484413 0.0266316648386902 0.07744981217934051 
0 0.6006724021185401 0.5628055352219252 0.01948802059556243 0.05476244436077612 
8 0.9942826198134216 0.5198638457781988 0.011434760373156792 0.027781721138137337 
0 0.5432783330149815 0.5576973668256611 0.010999028763509956 0.03452922390765398 
3 0.15710320758682958 0.5908205241319385 0.16444625286270223 0.13802338311286533 
0 0.19074374265554897 0.5944736579946136 0.031315442405518396 0.07080438396615617 
8 0.8067198298284446 0.5358973747726349 0.03168180447587872 0.025447165096888526 
0 0.6005823061222251 0.5635341657817895 0.02440372059881696 0.07432649762453927 
8 0.955299533546428 0.5207768174871577 0.03720496226111493 0.029491427050648944 
0 0.7787659291239442 0.5592620687163862 0.04225623665054414 0.10780018961769644 
8 0.27214178867387373 0.6023144938806996 0.05527310507244557 0.06035718029997838 
0 0.2511956228582523 0.5961931511616991 0.03419209160606361 0.11371405591994188 
8 0.7831252562460711 0.5370089438625735 0.03201223129601615 0.02460486788739748 
7 0.16504540679775964 0.588663528725665 0.0595444610601246 0.04776503351027714 
0 0.6122836855003311 0.549410302739067 0.010506790529014296 0.03295083346671068 
8 0.7324515362472882 0.542473963942138 0.030196094221869318 0.02455617331515277 
8 0.8907353400026393 0.527531008496339 0.03381509736344697 0.0282793973036148 
0 0.5560431061558306 0.5624590501165698 0.025310101496878235 0.07516181646536123 
8 0.9286384942622032 0.5231328123633144 0.035094071373042796 0.03041592080152788 
8 0.19011101953847717 0.6196614280227067 0.06546053282068988 0.08032055099367515 
8 0.1692531570927947 0.6259589316490436 0.03214456672421031 0.08927776947943951 
8 0.7554668472604732 0.5411283557984685 0.02929230157021962 0.023566980806228408 
5 0.10163602674638643 0.5937059658167778 0.1034915398921339 0.06907833311790303 
0 0.661595947686385 0.5611019378538207 0.031208421720441637 0.07489559819805656 
8 0.8974345026200746 0.5316484715933675 0.01179324326545995 0.018418952509890056 
8 0.3224756209056748 0.5966050646821242 0.049314298875035516 0.05036999455502951 
8 0.3549516146836562 0.7050724688611727 0.05183554477741104 0.11984999796760323 
4 0.02115275685032176 0.597363055766749 0.04230551370064352 0.07945203189142894 
0 0.12728326476097693 0.5939874561167865 0.03249418004908506 0.07221346132836143 
8 0.708279311241728 0.5474457574453843 0.03380225155319565 0.029787418030595064 
8 0.4092951668176138 0.6428975828569405 0.04976084742798662 0.10964952498374322 
8 0.07531493143999976 0.649067056954234 0.03689023875609539 0.06344236833351602 
8 0.18222946715960717 0.6037807808056981 0.03048254043256268 0.02655841032522782 
8 0.6799954180113247 0.5486733130369148 0.0302974157593205 0.02488106390651549 
3 0.49901675083859043 0.5617860840884723 0.019161624159261807 0.030858891169248687 
7 0.3644558899311338 0.558482193891566 0.15438601596774265 0.23053760936895729 
3 0.4450096575847212 0.5674818841995282 0.019626593119639893 0.024677400487170757 
0 0.07947619964149533 0.5977073408434127 0.031860614533813704 0.06986767969863011 
0 0.6027848108833156 0.5589433400185018 0.01925322119124438 0.05782468472589699 
0 0.5258897054679039 0.5583908184846741 0.009793923172790216 0.03366860411938919 
0 0.19740454030917431 0.5918856915845915 0.027993628146363678 0.07487324198753319 
8 0.9162486492818769 0.5245771905601693 0.03446163078285963 0.028077019781079696 
8 0.9091565748779723 0.5285515703458491 0.012266555829014437 0.019746124972789717 
8 0.7232791169884132 0.5498895339750622 0.008208631665842035 0.019171161773361846 
8 0.9811607151831976 0.5179959981011583 0.034919419153673914 0.029373459286402597 
8 0.4507237346928317 0.5996886913579419 0.026930293841956113 0.056577363927084054 
3 0.04770309944733474 0.6100208847051782 0.09540619889466948 0.10751929603635688 
0 0.5952636792351528 0.5660612981104977 0.02968233911073206 0.07891178090441076 
8 0.43690055647658627 0.613215508266062 0.03528833878962587 0.07566787810315279 
0 0.4022087091197334 0.5809037386304903 0.021032330967025673 0.07736854752054241 
8 0.8786489709064006 0.5277314058688685 0.009144905311697897 0.01955252672129278 
8 0.15451332237579743 0.6008279651749473 0.03414213202949641 0.02906562275124745 
8 0.4261119945038122 0.625411516177382 0.04065527672818746 0.08800983514593289 
8 0.6799404915605481 0.5515316963376109 0.03179795347495428 0.031012996273956144 
8 0.44433027487592197 0.610166353186989 0.027892601367707996 0.06697613361067851 
0 0.25789247058897374 0.6002642613297764 0.036123996182348996 0.11995529568052057 
8 0.4524215240775278 0.595915509490264 0.028955901858707733 0.05565769567749877 
8 0.07365553443116347 0.7139296040356768 0.10609376069328931 0.08332780749117862 
8 0.663536285683619 0.5543448116430026 0.007385156983214643 0.017613722890493098 
8 0.46774357517676846 0.5689828140031963 0.004093837304488588 0.010693075573913436 
8 0.47100709314486855 0.5682999489427775 0.004813020753486797 0.01129193799409734 
