3 0.3062306839013296 0.582163584562725 0.07752280202418252 0.06016159718340753 
3 0.5304722907054154 0.5481088494041153 0.015437266520304931 0.02003496225151385 
3 0.3821519375671485 0.5653514902621041 0.02743996638874748 0.026408125580196295 
3 0.518192091249144 0.5561266406768137 0.04299928260228107 0.02955606227226844 
3 0.562274827744637 0.5515801277675895 0.04210237207942882 0.03196188177610673 
3 0.2846393664759789 0.5801260109177462 0.06875680231394775 0.05716728024201593 
3 0.5436845877106061 0.5491589528978521 0.022989543814960316 0.022941826608044127 
3 0.6275084245098081 0.5524873796263344 0.04175925822696051 0.027470980342384526 
3 0.04997573432025412 0.6165779859759764 0.09995146864050825 0.1306848525722087 
3 0.41160814524150524 0.5642656910658983 0.03533357117082751 0.03267443565323453 
