0 0.725568006770939 0.6187784432664838 0.057846520741984764 0.18279474273563476 
0 0.5181272815168908 0.5882370728729944 0.023404771076221492 0.08788188011425437 
3 0.2351162175094926 0.5723268987523538 0.013736582467667305 0.017119918651872203 
0 0.9625261352614325 0.5562163367659944 0.044012288714595796 0.08785821745959052 
2 0.18537765288600674 0.5894973998112967 0.028990547574475303 0.05826478299984463 
0 0.6436357450592106 0.6102678894646594 0.043495175887869664 0.15256237974626918 
0 0.10256083999758485 0.6474071534074105 0.08211698264708751 0.24686365455435477 
3 0.37121811091622314 0.7106438226651683 0.2606353004690536 0.5336304648082582 
2 0.7264500273372955 0.6046009483764521 0.062171993749532105 0.1296095811062445 
0 0.7088455561641345 0.6143801741569139 0.04347223880942352 0.17779616469211026 
0 0.6924658362322534 0.5954193032193689 0.03469723392652369 0.13804488710132778 
0 0.7400752433438862 0.5921418247498182 0.05904213773941905 0.16757368487650695 
