3 0.2349690448673012 0.5971195036213611 0.1130693514042904 0.07757347542653716 
3 0.16558442909285603 0.5998887149230288 0.09174409275256254 0.05790125787220682 
3 0.4572100202406496 0.556356967168174 0.01658863980901316 0.018454450961499006 
3 0.42563204079232336 0.5617273874744637 0.027767589197543074 0.027351950066296617 
3 0.004950861439017399 0.6414053381885222 0.009901722878034798 0.14501667127077136 
3 0.5393420090114819 0.5492014232044318 0.015292978976072149 0.015572968470632165 
3 0.35956565334705204 0.5664847461893201 0.03289014447346233 0.027267421217316422 
3 0.3817526436587255 0.5745317391939009 0.04416090892696225 0.03964476530948591 
3 0.43956940893401486 0.5599397936210282 0.020074352329987024 0.021788880783967103 
3 0.3468475993769525 0.5698610262239202 0.030711133560670376 0.030182410472606686 
