0 0.24829577911769535 0.6207875292831477 0.05062856651994164 0.17557177510818228 
0 0.2782079592157158 0.6083016853325848 0.027337211096516326 0.09562714275083194 
1 0.44039480159214167 0.5823284178167316 0.03314365163593244 0.036914099436264995 
3 0.7344679409300149 0.6577800877386777 0.14430989224424537 0.2540670361618076 
0 0.20987797627818658 0.5958331009373564 0.036359631944027165 0.10858877848056529 
0 0.2872268671285755 0.6183906023441438 0.03437669202610447 0.13596932145095472 
0 0.08590081991866329 0.5884112399550996 0.02568478838861915 0.07398979696743342 
0 0.2127398546740871 0.5605751777813073 0.019490594098401814 0.04623348008154197 
3 0.7821054474389729 0.654212404611584 0.041709877415489136 0.06483205402899495 
0 0.9054864128327808 0.6602481340154435 0.0460094455313245 0.16474331565831968 
0 0.38207732685647006 0.5750715197330789 0.01676081192926155 0.07456726318374264 
1 0.45398556209044755 0.5825079457937027 0.03595574123646927 0.04762059750538394 
0 0.08029697854222959 0.6007959471547588 0.03936435937435347 0.13710160405616975 
