5 0.43234290462957875 0.5483025418362493 0.011400555873555618 0.019371088846293422 
3 0.25527633599021565 0.5883696309196045 0.10833130622457311 0.0842341039862203 
0 0.5553777962743565 0.556011001482752 0.00629360646517128 0.02136687112772304 
3 0.16260107119065798 0.5883213142947178 0.1421689401704623 0.08757811977944098 
3 0.46294420821102633 0.5857680908999381 0.04701442594646295 0.06054119600978778 
4 0.39610401264160094 0.5344958948281466 0.021596632318395308 0.048961545681989314 
3 0.51278162102707 0.5643895913022308 0.030081110811039695 0.04576034737346163 
0 0.30887517615653637 0.5710323280271394 0.006147723389672777 0.03609295159719106 
3 0.3711552046486922 0.5524402921951722 0.01567612502260026 0.023917409007707863 
3 0.4844295342318729 0.5593838981701988 0.02091903166269887 0.03157194232562454 
0 0.5598557609123064 0.5502921131245913 0.007447223433660213 0.0251772647324643 
0 0.16563955208504105 0.5589047095900587 0.010970356502229741 0.051095128564759056 
