8 0.3421988270815199 0.6132652976274446 0.015648285193977644 0.03926701864381205 
3 0.3573713120577491 0.5912718255728979 0.06697695861522206 0.05913438980229317 
8 0.27839416214549345 0.6350468737130914 0.06238011588204841 0.08689002074957683 
0 0.5410966725210368 0.5883518861142764 0.027321999026859275 0.08534104405024752 
4 0.4521599219533502 0.552359299315465 0.03182172402925858 0.055717677224233104 
0 0.5448352340796564 0.5870296589071345 0.025101058014124576 0.0830563401538743 
0 0.03683853168558584 0.644587174436014 0.06734478489160182 0.11894505440333344 
8 0.30431106712427647 0.6329641918153189 0.018190781355498942 0.04728843338249956 
0 0.6202903783955729 0.5810228984653488 0.03946760514723643 0.10673539728745343 
0 0.015753907091203504 0.5788039052526508 0.024566231036650708 0.04811273926587931 
8 0.2547205749839127 0.637578996648141 0.06681574147516915 0.08671809080300616 
0 0.55404017261951 0.5917874770629642 0.034075951805617566 0.08714088532402609 
2 0.5816078869161645 0.5866300610785725 0.020337939311835525 0.04204679141147949 
