0 0.5624233727339301 0.571101106481602 0.00855649387611578 0.03166350463294476 
3 0.5041159914595528 0.5699868880140152 0.016647256937382764 0.023583118777821648 
1 0.5508479552950687 0.5639836747901174 0.013452180723325569 0.03337408570540068 
0 0.4479634996887012 0.5789834106049792 0.022121159543149176 0.0721402673169979 
2 0.8927588948193844 0.5676471878640729 0.07875107854007027 0.14412663239711831 
8 0.2639288370306187 0.61117095683403 0.041146476647127665 0.05729047815054236 
0 0.5825071278052799 0.5700470091137951 0.025890801029342683 0.07175517591080974 
0 0.5958891478892083 0.5676130103572948 0.017967925432854984 0.05048115759897845 
0 0.5437838225863735 0.563757950141644 0.010485865475425413 0.03287373940618421 
3 0.20350772002207965 0.5926375712557012 0.1330698493481308 0.11921101180531095 
0 0.2001443244694381 0.597242284480904 0.028057066013856515 0.06443933623754668 
8 0.7914613365384503 0.5433655354775112 0.029731497128330203 0.024031751561878863 
0 0.6187712273510098 0.5674252277977333 0.022674531515743012 0.06920974372779604 
8 0.9314991445959941 0.5286189334020952 0.034751207987272326 0.027829356198751865 
0 0.7450548813350464 0.5633409847670123 0.035621179386031654 0.09314390330990806 
8 0.29922526515998654 0.6029402508754946 0.047967464520684046 0.053744364031910616 
0 0.28608472147575825 0.5881438594844692 0.030713569266276757 0.09581123080717961 
8 0.7724957093587966 0.5447155127815937 0.030063679509184312 0.023218029923139056 
7 0.18460448318296657 0.5933677526247743 0.054930622989811884 0.04524583832149738 
8 0.721219563280857 0.5494298055359131 0.028348770735214687 0.023177431660501624 
8 0.8708597000338025 0.5337593064227489 0.031731777630894555 0.026735136889817948 
0 0.5540070896130549 0.5673414259029342 0.022819898487870915 0.06777742034764382 
8 0.9062669321185135 0.530798647244642 0.032831999045222486 0.02869991272395023 
8 0.2338438096770554 0.6186514556158953 0.051908428101839876 0.06916261472374118 
8 0.22338058427729998 0.6213787907290157 0.03198524334225542 0.07508166590060607 
8 0.22556159642280224 0.8716679228414385 0.11455700690123223 0.23592911066644548 
8 0.7429563027947159 0.5475407109223328 0.027483949476756066 0.022256223157884846 
5 0.1285947650804206 0.5986699489715099 0.09583365586053313 0.0651423240210514 
0 0.6303884852758406 0.5651923776840871 0.026182272655783195 0.06518069886137451 
8 0.8768186775977654 0.5389657091096566 0.010891001314174531 0.01736128403309124 
8 0.3429250761114118 0.598230886843306 0.044033024443375125 0.045208024163161 
8 0.39782688261884347 0.6717346255454802 0.03624209992903772 0.08705962412580485 
4 0.03484328100313226 0.5979658756388015 0.06968656200626452 0.07784137872967499 
0 0.13845512839621654 0.5996035096719252 0.029341440586455506 0.06616607252936269 
8 0.6986322728175537 0.5535859826654652 0.031723003408405503 0.0280603671237646 
8 0.4312126290701008 0.6306340374489289 0.03761240080939672 0.0870556860038289 
8 0.15352838735487276 0.638972693866217 0.02800447009515949 0.05208089881151131 
8 0.20188340274081895 0.6080751972882464 0.0284656183552946 0.025108519491587912 
8 0.6718218929284495 0.5541899449147263 0.02845613788863389 0.02348293110176529 
3 0.5014665533044191 0.5682358327676845 0.01837751532551067 0.029615609994328464 
7 0.3895002035894 0.5649521546690114 0.12615438159276054 0.192928154648065 
0 0.597503170597809 0.5656041662487695 0.017659136487833463 0.053406314149428084 
0 0.5269482718146017 0.5638055028733685 0.009356684796365257 0.032105738194694595 
0 0.20536943277900477 0.5965097811176133 0.025263832191472595 0.06841544562463785 
8 0.8950898800644049 0.532225602056698 0.032308722846886864 0.026531827031607804 
8 0.7122849327430852 0.555682189080456 0.007624671781233303 0.018046968858524793 
8 0.9562002539118696 0.5259266882360824 0.03263066461567945 0.027720905671116295 
8 0.4601071114376215 0.6002385431023877 0.02314044277169593 0.04974920112147629 
3 0.07404166700724059 0.6128945578474408 0.14808333401448118 0.10281634670291447 
3 0.03829694204269674 0.6369790098985242 0.07659388408539348 0.13061193547095992 
0 0.6124933746316212 0.5681226245623069 0.02691653251489612 0.07382321002628613 
8 0.4502431322792151 0.6117179735305445 0.02901606751242305 0.06438174101243438 
0 0.41500665503081535 0.5851119668095837 0.01907050804452446 0.06950719706921038 
8 0.1757470625823382 0.6049434815093597 0.03185049860800895 0.027470480669739648 
8 0.44242358655390673 0.6201674874928378 0.032293019711125054 0.07273926911043228 
8 0.671718793823714 0.5572153055077945 0.029818758838431592 0.029202980242781174 
8 0.4552036329448175 0.6090944260696319 0.023383799726451073 0.05794121528960343 
0 0.2936639259468082 0.5999956006319301 0.028888194788159256 0.10301268055932693 
8 0.4605154749787627 0.5966903689516133 0.026519820009764033 0.04972017429624985 
8 0.1789344189167668 0.6817556651736777 0.0668791445423695 0.05864085112031729 
8 0.6565117092081928 0.5608228256842367 0.006894646529867572 0.01658340044779474 
8 0.4705533063786521 0.5750804268703404 0.003946932975955449 0.010341305842409838 
8 0.4741681085011102 0.57444170664165 0.0046444310826707635 0.01093929605174531 
