0 0.5628297651968381 0.5727552872018787 0.00873953854761453 0.032432747111472884 
3 0.5031447613657865 0.5704001831908841 0.016893256064110743 0.023960526428755253 
1 0.5508276194263061 0.5652205606081693 0.013752003537339661 0.034173908420613595 
0 0.4437728241958754 0.5802069095981041 0.023210837642851062 0.07613296928669135 
2 0.9462283313412109 0.5732283988968933 0.10503689258654646 0.1668982374326481 
8 0.24776703751122361 0.6141548236152692 0.0452048400852285 0.060954330081803065 
0 0.5756537807081032 0.5731034567773249 0.026287028218020085 0.07428471350328064 
0 0.5982138131744017 0.5694210293086976 0.018661107581717715 0.05251860375134533 
8 0.9877667665211507 0.5283183655155077 0.024466466957698572 0.028158048519931703 
0 0.5435647942615317 0.5647506110000168 0.01070494775107207 0.0336615193857562 
3 0.18191855697015513 0.5941420199615491 0.1470331994841168 0.12772524609866873 
0 0.19562403196078812 0.5984938558908534 0.02943779601141113 0.06743476236044425 
8 0.7989240850813819 0.54472022089226 0.030681653289133522 0.024612753377610437 
0 0.6100413079886152 0.5697135478460968 0.023456638380219275 0.07163904177064195 
8 0.9430976635677302 0.5301776590754329 0.03595785666514985 0.02851102872697336 
0 0.7607770903576545 0.5660158743500814 0.03866956639503272 0.09988562184469976 
8 0.28640215084914195 0.6055546705641226 0.051271190269317195 0.05670033942743784 
0 0.27079130328190176 0.5916900210322874 0.028359062861329675 0.10392546577804043 
8 0.7777082764148855 0.5457418738921828 0.031011064466497658 0.023785332954609606 
7 0.17502723850818427 0.5936609510894159 0.05705591147761762 0.046308613303676666 
8 0.7267169293332038 0.5506351262899988 0.02924252988011631 0.023747855640754666 
8 0.8805612027997423 0.5358632081940005 0.032754687728287026 0.027372914409790054 
0 0.5550066048603226 0.5689057427310502 0.02393738435363723 0.07123098643976865 
8 0.9171490220778504 0.5318165937509205 0.03394386501613411 0.02942307591613264 
8 0.21343958640806598 0.6217256938519429 0.05786879561174004 0.07416633705405111 
8 0.19838524672682084 0.6251664198050677 0.03192781481371337 0.08150287508057634 
8 0.08755510947067027 0.9189288072907296 0.17511021894134055 0.16214238541854079 
8 0.7490429486409323 0.5481937147447042 0.028359186204909577 0.02280778374664856 
5 0.11544719774952082 0.5986275010247928 0.0993765569146133 0.0667595140185619 
0 0.6447508187867009 0.5675132716400169 0.028553075641145044 0.06971324740123647 
8 0.8868754861458615 0.5405747204524515 0.01133629520751427 0.0178385292843201 
8 0.3332059396059436 0.6005566719944394 0.04645209085771821 0.04751782184036744 
8 0.3794558418233882 0.6888863140861026 0.04255417841489667 0.10083157158933609 
4 0.028096546432693447 0.6010674687382075 0.056193092865386894 0.07861979334725731 
0 0.13278874264392354 0.5992972610941231 0.030678858758874536 0.06906523086449966 
8 0.7033648439279765 0.5550964370905319 0.03272653261983337 0.028801449069981812 
8 0.4213744092766305 0.6393454984413878 0.042773214299753025 0.09698642496859305 
8 0.11796088815751125 0.6457416926702071 0.03174888387034038 0.057136563134244825 
8 0.19223359861538925 0.6086555104443783 0.02939058345904954 0.025723477396422192 
8 0.6758300341439935 0.5558979696966501 0.029342824698737644 0.024063208279791675 
3 0.5002822023400209 0.5688793285128363 0.01872975699552228 0.03016948812156626 
7 0.37816444237268604 0.5651422477091569 0.13853797514548252 0.20965594069549898 
0 0.6000767447104199 0.5665050912008424 0.01838506563911835 0.05549571388136668 
0 0.526145677548489 0.5644547680246298 0.00953354638077819 0.03285237171670145 
0 0.20151746813827628 0.5969391557976911 0.026385124148046692 0.07147254981324491 
8 0.9054144526431739 0.5337413080913708 0.03336716982477611 0.02716705039205086 
8 0.8982338172375844 0.537602017901457 0.011812164180056187 0.019124237678955245 
8 0.7176610822024221 0.5574102226926746 0.007904325741956769 0.018576493312955397 
8 0.9681136920238117 0.5275566832191927 0.033757033026789146 0.028405963513534024 
8 0.4557039705689532 0.6034671668549072 0.024830615529684793 0.052884605736919894 
3 0.061645022617491 0.6143633291024375 0.123290045234982 0.107161518442857 
3 0.014069303833375988 0.6377518472818464 0.028138607666751976 0.1294186232556572 
0 0.6020394595579268 0.5718743694202421 0.02911145751371521 0.07613889442313027 
8 0.4440510034736076 0.61583157643894 0.03177585086790671 0.06950491305941632 
0 0.4089651985559408 0.5864833802058661 0.019889831154987193 0.07319632901821782 
8 0.16533477117633288 0.6055114141367124 0.032899513210308665 0.028143680577064362 
8 0.43498160453823836 0.6258743735086941 0.03591808987624901 0.07957597188025804 
8 0.6757524554578791 0.5588707465895825 0.030770266101790896 0.02999037640527648 
8 0.45010842096909365 0.6130685582681076 0.025375592059778712 0.062087110497090835 
0 0.2770870648322058 0.6029374618703985 0.031905456915270886 0.11078740763435178 
8 0.4564258920146909 0.5983923564407855 0.027609916627738186 0.052485082076036 
8 0.1331169292235161 0.6978809194836096 0.08272928371182901 0.06874052441007583 
8 0.6599577823723183 0.562021944278411 0.007124889399404282 0.01706935812992299 
8 0.4691700154545817 0.5757774969918571 0.004005877630554693 0.010504979689242822 
8 0.4726117041430811 0.5751360346977907 0.004713647491766366 0.011101287424311043 
