0 0.8327558431664455 0.612238058479005 0.06801243264597773 0.22253028627974591 
0 0.7755055116920729 0.5903282728409979 0.050306784941743246 0.15401418547831353 
0 0.6750806850300622 0.6030306212863935 0.03513315846472452 0.09105380601698958 
1 0.28949845263884405 0.6077394831262227 0.06401023528299195 0.03177173279003025 
0 0.8407419336495786 0.5835443854388488 0.06321952165280521 0.19137719025639646 
0 0.6986651184207944 0.5785374191468811 0.034049670678289345 0.11759221014839272 
0 0.6135183912761607 0.6087468053024467 0.03526745748290594 0.0863524441392981 
0 0.6701268805414643 0.5839610662234924 0.04774052523454742 0.14765779511188257 
0 0.6896483227048797 0.5908631661268211 0.04054030076300848 0.14550953149418264 
0 0.26533477214918255 0.5972849275840655 0.015526027815107995 0.04422315913590056 
0 0.8798193489758347 0.5931525964649349 0.07203803553411277 0.2129869866582625 
0 0.9443515723376344 0.5950623485529517 0.08449561747601521 0.25259899863922725 
0 0.7138815104350225 0.5904736486149034 0.043856573249840096 0.14312366837241983 
0 0.787520162890957 0.5913877866993429 0.05886961164654494 0.17910041831289258 
0 0.5941343586462412 0.5939974327074244 0.02987187989543564 0.12572687795369317 
0 0.7342693032818091 0.5926705045330067 0.04922034575073539 0.15634803669104827 
0 0.48181019252470036 0.5909353318598064 0.020609463530755576 0.04928441193346967 
0 0.6264185290274452 0.584588915039066 0.032784576315831516 0.13406901910683863 
4 0.35805338613881904 0.5577261437007546 0.26590483168832246 0.23620958122553784 
