0 0.0038227716714599276 0.5935427587804353 0.007645543342919855 0.06494457865802045 
8 0.3329061356140884 0.6060750897104751 0.046620426353376876 0.05983190157129747 
8 0.512398152475246 0.5698677847638242 0.009048335686661772 0.0185331382781486 
0 0.522251832658181 0.5644349939624974 0.009199011074237973 0.026799687241626076 
0 0.8949483160044044 0.5535441517986408 0.03370659470178083 0.06886607945845154 
8 0.30040071258224577 0.6133030591285455 0.053482882444134176 0.06655271752119865 
8 0.3070665613469176 0.6097693930850829 0.051511886814071095 0.05741429254421594 
5 0.6493806439809205 0.5358799400505314 0.085482642376153 0.1488669804648112 
8 0.20864599716311483 0.6320946537208235 0.08824788104290426 0.08727421378572192 
8 0.37922490506720674 0.5975359349339368 0.03175377607216831 0.047990791847881714 
8 0.46292629440186017 0.5850568882650962 0.00963396103683401 0.01916407163378772 
8 0.43228290991131973 0.5854371831447139 0.02418767616893881 0.03640647593527553 
0 0.521586129903818 0.5639000083280665 0.00844372649269701 0.026639694499135214 
8 0.03148562370927747 0.6676978310990562 0.06297124741855493 0.11372674019144698 
8 0.13567103034300698 0.6520125451334614 0.1105403996688396 0.1095115292343942 
8 0.013041233251633122 0.6852422958129106 0.026082466503266243 0.08160871650344448 
0 0.5544103031397775 0.5623801153537838 0.011124590804990859 0.02692719972672712 
8 0.45243193510162827 0.5800278314442981 0.018285555656507954 0.031220658111990044 
8 0.3596746585935492 0.6025116030625363 0.039064245785204864 0.0521943327110081 
8 0.4190795977522667 0.588670680099363 0.02774744646432218 0.039715575054590446 
0 0.5346197615650499 0.5603403656936359 0.01111699820932806 0.031904755972139216 
0 0.26236377542742245 0.5634225809018739 0.00996999888247057 0.026071140419624737 
0 0.6048320065201837 0.5727831831476116 0.01841518044894471 0.06135932655315268 
8 0.609474806377077 0.5827615152092798 0.013769309712645566 0.04418598702741305 
8 0.5067038367221042 0.5700401981329778 0.009526007687017569 0.018446431350329816 
8 0.092824066480529 0.6537887997999683 0.11929627436821648 0.10470516347224007 
8 0.33769070336519263 0.6039845762370467 0.041593066968716993 0.053694990000233124 
0 0.5215907519983204 0.5630229678381858 0.009781064454314788 0.02599211171681525 
8 0.40285135718515014 0.591860849631435 0.03213871624049517 0.04305268590563262 
8 0.06003438720430092 0.6751930253089351 0.04825846120440836 0.0802498189960809 
8 0.3834327094630142 0.5975873327822516 0.03588889418701214 0.04822370989470793 
8 0.2611269910525569 0.6209760936713572 0.06522469680618442 0.07432818477904915 
8 0.2707328469944508 0.6229427624613473 0.05739677800720088 0.06811646295355811 
8 0.4432027001833761 0.5843335534910414 0.020132057262715792 0.0343226409481524 
8 0.36204787357390644 0.6011875973011453 0.03818873964690447 0.04841255428864088 
