0 0.7306069939196465 0.6185974608064497 0.05851467216084331 0.18330351092781516 
0 0.5166866580613876 0.5856923286622181 0.0208833438152778 0.08193209631467362 
3 0.23255534053357174 0.5735174508258145 0.015455033010208973 0.01899898084616331 
0 0.9139608533009058 0.5584091726160817 0.03971397389711896 0.08388026865503706 
2 0.11121639340111625 0.6094254869082738 0.054433449086163835 0.09938874176528252 
0 0.6438904076057955 0.6100962954144624 0.04351849555553017 0.15263905605377792 
0 0.10351878389939448 0.6478851118097186 0.08193557832492046 0.2467903792964193 
3 0.37121168330116183 0.7104517023396572 0.2606387147817894 0.5336468247826884 
2 0.9237925523093822 0.6042136338603029 0.11119054669803817 0.18818352227910887 
0 0.7088455569121785 0.6142050783723286 0.04346415569488727 0.17779644512515902 
0 0.6920301865387616 0.5952727949111087 0.03479199872520127 0.13848889105867532 
0 0.7393168179142161 0.5943365261687905 0.05918482920517732 0.16809495279297096 
