3 0.4273083171662155 0.5564559182883008 0.025452837941695918 0.03317792956268591 
0 0.7944777929244822 0.5917720911688343 0.05208833669061193 0.17272722187726844 
3 0.5176847202552673 0.5502011123583942 0.021127014492389122 0.039029146849964606 
3 0.352753091948333 0.5771441143729602 0.060762329987063664 0.06076971218860226 
3 0.37325144372998836 0.5594650858632201 0.042411710162540216 0.055535255236753504 
3 0.438893737283839 0.5556238748657053 0.019621101696695932 0.02518286822781388 
3 0.41308402827483404 0.5623738213383301 0.028292645879338354 0.038996702095776076 
0 0.5899354589104359 0.5443995967166039 0.0068737991198597114 0.027803785724180505 
3 0.2380891750272477 0.5934696831806203 0.09900917475033541 0.07826911612140969 
0 0.5892518481245277 0.5524873806324054 0.009966244933290014 0.04176079130112302 
3 0.42441668943317723 0.5417611588706933 0.02726641711862207 0.04293652497455677 
3 0.31482864113953246 0.5695448431030218 0.04854834466068024 0.04132995375732959 
0 0.6343731364686461 0.548833361597231 0.018313114806757867 0.06340048426675006 
3 0.39816632878325875 0.5631683302389919 0.035466077663326705 0.043437025090070226 
