3 0.048410150700379795 0.6186337505756506 0.09682030140075959 0.1306974946285709 
3 0.027562683177848716 0.6061306910418465 0.05512536635569743 0.08117171422376922 
3 0.4460165257973076 0.5502901804140075 0.019176207631034003 0.020547293956941153 
3 0.40535230283948426 0.5551168382428595 0.03503682171439415 0.03270512196632827 
3 0.5387406838876079 0.5425088388061402 0.016136300274588393 0.01620216186597879 
3 0.313075948371979 0.563503408602995 0.04692025165443266 0.03515629604052018 
3 0.33055131816778077 0.572444171037899 0.0662794841698538 0.05327025735645893 
3 0.1269917800441727 0.5995683544206614 0.12493358457812104 0.07616411003643382 
3 0.42152608335825514 0.5539697124143823 0.024464629779391914 0.02506631731856948 
3 0.3024018042079098 0.564465594013848 0.042091203050005924 0.03754653915473846 
