3 0.6254514285487199 0.5630680718999524 0.08567068698196437 0.05119022660377248 
2 0.5305704643520744 0.5448611936274689 0.02595917233236236 0.027252865672402447 
3 0.1051130434978708 0.5789627986364891 0.1988877699353507 0.11647360034292521 
3 0.6054099059067015 0.5573758653003661 0.059138035571460676 0.03637559249749005 
5 0.11022649251979111 0.5431001132299849 0.12043619986747124 0.08777734861138255 
3 0.406994621857869 0.564987116377895 0.10057198786548625 0.06043695456527688 
3 0.15200964410785964 0.5839569390044272 0.16244077082454084 0.08295278968979908 
2 0.5318287388341492 0.5458251251716983 0.021048275840162986 0.026094303940450536 
3 0.6613874375073117 0.5721783877112865 0.10233778819047949 0.06439471112911495 
3 0.37626749003166515 0.5810898771161133 0.1251359741320405 0.07164729146331986 
3 0.0842146164682248 0.7644984510312962 0.1684292329364496 0.4107683151775837 
3 0.35663055995515924 0.5877402149789446 0.14719679019743853 0.08662188714395812 
3 0.7089480380848332 0.5806075054699547 0.14442838147313616 0.09642382336582354 
3 0.05934665925807507 0.6032240858145564 0.11869331851615014 0.12414719203169063 
3 0.6108638303735583 0.5606521026200423 0.05957036265482991 0.040782517066918884 
2 0.5591765115692486 0.5452938445193217 0.0245239588428273 0.024288552888199824 
3 0.7470394101206221 0.6028519664661626 0.19757698741794058 0.09725488063117173 
2 0.4700451778791858 0.5397590568969972 0.02074162642120726 0.023825609128022306 
3 0.24394327085748874 0.6169165386880904 0.22854405157251997 0.14315402715943043 
3 0.29884729198541293 0.5642812802651295 0.08185128433416697 0.05044186266968988 
4 0.37188750062266374 0.533173206304828 0.14046520286666464 0.06973365669577479 
3 0.32876685919825904 0.5943618682670517 0.14172765536665974 0.09545817163033209 
