0 0.29136758483217523 0.5348931514470386 0.022746624262985835 0.08248675998486205 
3 0.12008904213286065 0.7850140592452224 0.2401780842657213 0.4299718815095553 
2 0.5808142085790218 0.5728904416836947 0.05821590980004878 0.0660951949908217 
2 0.41661039892725227 0.550802929179644 0.05725637117836364 0.05773245559974094 
2 0.8491616210020247 0.593269806399644 0.09400177422814977 0.08854406639594224 
2 0.568197116756848 0.5537034580610491 0.06762583335574199 0.07020727468415827 
0 0.2878915878950378 0.5262180847193554 0.023060310137033826 0.07826384399840391 
3 0.9099831181132708 0.640902404709135 0.1800337637734583 0.21074477393965985 
0 0.3385376257270143 0.5175987016397555 0.0287277681533606 0.08386585121473457 
2 0.573094599587747 0.5648004072073074 0.05912240057124393 0.07233797089951623 
0 0.298687369082021 0.5302901160425887 0.023377214863161272 0.0803847911329865 
0 0.313775195282191 0.5242934381239807 0.022406189630491652 0.08288712791260802 
0 0.2664675537907621 0.5240631158495829 0.02509641655249304 0.0791825754960902 
2 0.4132072026819871 0.547118532376473 0.0477067254445592 0.0643420327357972 
3 0.9764058621007277 0.6756109232001731 0.04718827579854448 0.27401455326058033 
2 0.6438491971047787 0.5634298175300104 0.06876419661399893 0.0656653519392649 
2 0.40554492368191447 0.5703950180355082 0.0583194524760966 0.0652346263471385 
4 0.13814211210503843 0.501736536625753 0.27628422421007687 0.21577151989071525 
