0 0.2910237595941644 0.5685742047533859 0.01701410443012783 0.04044419398213519 
8 0.48528955135639024 0.5796731003388211 0.027782285930587777 0.039324181603364726 
8 0.6131367928256545 0.5558199217299198 0.008313630466668727 0.016387155661470212 
0 0.6116764716491968 0.5519452217506434 0.009408050597534157 0.023697994730431066 
0 0.9580522516616958 0.534884878436228 0.03169614088974413 0.0638141235378219 
8 0.4683987703254213 0.5817603498635022 0.029463620826313458 0.04154874861287296 
5 0.7231063467186192 0.5276472071467141 0.06060548793804671 0.11555844848217513 
8 0.17597122030545356 0.6226076650463999 0.0926331570486104 0.07682264864497775 
8 0.4278874541898361 0.590714728338431 0.04027484815836076 0.04786829120140099 
8 0.547540984572661 0.5681903404331389 0.018083586447716016 0.02788588656059264 
8 0.08897183900465563 0.638902656386376 0.12194918345083312 0.08919908492324352 
0 0.6121560480389546 0.5490069537963814 0.00858327860560749 0.023681604820373726 
8 0.3479176690133087 0.6015876634314183 0.05111210989477982 0.056820984530176526 
8 0.40127659250730857 0.5952281280214917 0.04330652323818917 0.05423100092849242 
8 0.021531809035521307 0.6446720685064696 0.043063618071042614 0.08597263738706551 
8 0.3596703252701447 0.6054660458632624 0.019772534955378306 0.03697754846084674 
8 0.5622702739994279 0.5650062986097165 0.014390784351921227 0.02485604913537303 
8 0.5003748810135881 0.5774522480018665 0.024715595367065645 0.035616401659001505 
8 0.5382687065364273 0.5695835992283489 0.020114183201292733 0.02971513452962578 
0 0.6227163263654608 0.5481365375906347 0.010006854884938007 0.028469200659962 
0 0.683591086465859 0.5563032265496589 0.015141165594395574 0.04850418688153986 
8 0.6873909800415666 0.5630405825975185 0.010692156140380008 0.035091323282114846 
8 0.6080994573945537 0.5571049035634045 0.008684136217643754 0.016313359556990197 
8 0.3806226136119447 0.5963771650860296 0.044830557648421136 0.05099969135980283 
8 0.4854368423383141 0.5742935485477267 0.025820567803364013 0.036242346139657114 
0 0.608438457049155 0.5477453699188598 0.008227835758062838 0.02300623854312044 
8 0.5273464657648625 0.5720597863351954 0.022422983667382823 0.03141396074580257 
8 0.3770423966030553 0.603648564155047 0.018698403369499204 0.03786832054696523 
8 0.514860945050002 0.5748424830859926 0.02394871559036304 0.03407456941466649 
8 0.44962360486144676 0.5860104735569841 0.033227082286444796 0.04397167101730411 
8 0.45050930725248634 0.5860904027903528 0.03060130128753265 0.04172246519788479 
8 0.5553897871516957 0.5661673197764748 0.015466666953333501 0.02673285765271209 
8 0.4996869097174851 0.5759704464313574 0.024977037718413867 0.03391769701752758 
8 0.3307277893178258 0.6069381332659648 0.015785173137799192 0.04068475528800554 
