0 0.4392859919795636 0.5734674181908742 0.011763748696743405 0.04325033067285675 
0 0.548811833336819 0.5603058963423008 0.010720319215275609 0.037157319177391124 
3 0.36139329904475387 0.5761990244354653 0.022454005996449596 0.031066142686519495 
0 0.8136302218972116 0.5165891274594372 0.01258377099526058 0.027451707416478698 
1 0.42325773292744845 0.5776480383170888 0.018533814695382417 0.04597872051215934 
0 0.5204242559988446 0.5656157282527263 0.011255140371046295 0.040612136790780115 
0 0.15881739883941817 0.6345878625431459 0.0610317013626764 0.1880115163468968 
2 0.28343636525718324 0.5862477357446475 0.018815468233386774 0.04089159590046102 
8 0.11345424753782038 0.6103309342268846 0.03329269350530194 0.028755299627833894 
0 0.2799191259044375 0.6061112532212496 0.05193352930035687 0.14669417174798044 
0 0.4990796192199139 0.5891013894753948 0.030077819880169374 0.08560867552389974 
8 0.9362090141820778 0.5212496164358498 0.03239538027034811 0.031834816724403685 
0 0.461484602069001 0.56948079107494 0.01346377569914516 0.04043737512046695 
8 0.9151427006522767 0.5246166685301326 0.03174889171709168 0.03178665072199035 
0 0.41479997495680837 0.5769042150410423 0.014579521528716768 0.045346079934047594 
8 0.08103246269668062 0.6172970963404054 0.04108801711076176 0.03295662408919864 
8 0.7300730832511755 0.5497216923331742 0.03401724922681382 0.030277680511092437 
0 0.3492167718867413 0.6020162696496639 0.04085337620588995 0.12806705136972285 
8 0.8724177658667388 0.532068562590024 0.03528220782901514 0.03223756045078782 
0 0.9422281711189553 0.5837003362576711 0.10731919285615646 0.25712997547972616 
8 0.7076023142232566 0.5496905624145311 0.03529452530598874 0.029684176254855605 
8 0.3053823301425189 0.5950580561721972 0.005959098880042327 0.014593764082189485 
0 0.5488861569106536 0.5615048532673612 0.010776449200225927 0.04014186038728187 
0 0.48359098015573027 0.5724113094470334 0.013968679137443516 0.03832518062233002 
8 0.6530579099255589 0.5575321712148976 0.034946924405329795 0.030674581940257958 
8 0.8117668423877195 0.538586660021904 0.033386032822952674 0.03193322916685992 
0 0.4267296661899888 0.5965414160737843 0.048011916313155045 0.1444858943890657 
8 0.006542374522143682 0.6281617165997323 0.013084749044287363 0.03470141044359568 
8 0.8490327220887699 0.5356322285731414 0.03392207043354702 0.0337801035551213 
8 0.6798204591650727 0.5532699937478954 0.033131490087375114 0.028944199031338436 
0 0.8858533568874282 0.5815703313758094 0.07571421620358905 0.17974951068878461 
8 0.8194682957445312 0.5421221036568428 0.012719194139453265 0.020822615147037343 
8 0.6230474666764894 0.5628084059950622 0.04044156278641325 0.03845519984583651 
8 0.5899380366191543 0.5640634019438905 0.037130250845748024 0.03249419702747016 
8 0.33930009501461045 0.5927442409850637 0.005762110724862382 0.01570361214657876 
8 0.3146484436498229 0.593329274522178 0.00690532003441561 0.013343760513922689 
3 0.35690922599668334 0.5816368688640816 0.02643304551579192 0.04032483249734753 
8 0.9568902304482838 0.5201003067777226 0.031252099591861225 0.030355841000507238 
7 0.022867415759610134 0.5745759521622906 0.04573483151922027 0.5871940172812912 
3 0.2886423645090182 0.5884835665361691 0.029292179854022108 0.03264732254193834 
0 0.4806084468256588 0.5706452353178909 0.013746249915985942 0.039264553258620494 
0 0.5282659243430521 0.5642081778830348 0.011973058196080686 0.03744713266405635 
0 0.5007614837513663 0.5789975261056293 0.02983962942250095 0.08884963419115631 
0 0.39703836580170854 0.5780822426678939 0.013061564430744852 0.04407627958933858 
8 0.8349784758525752 0.5356340168999604 0.03334496996553511 0.031201410557031926 
8 0.9910943296660014 0.5140352706672093 0.017811340667997087 0.028109728457553475 
8 0.8315718868272981 0.5385563092699048 0.012896965021468674 0.022175424550809578 
8 0.6425794047721195 0.5636007824411214 0.010231768100088488 0.024171695571782267 
8 0.9782066462873579 0.5159317317935287 0.0326383959652452 0.030576754369627868 
8 0.8944700436834049 0.5281776140319211 0.03230352506762245 0.03163252511792703 
8 0.15221028440610174 0.7029041081961005 0.11751011819944054 0.1679107115944751 
0 0.34548765389815217 0.6061308172844716 0.04785875143879096 0.13806840850714114 
8 0.03837273201434498 0.8029586203719471 0.07674546402868997 0.28028982803261593 
0 0.07113739402235916 0.6315265526214291 0.06137838260700156 0.1805597929053678 
8 0.8008140260989828 0.5428962647465624 0.009732987182468804 0.02214538767112275 
8 0.033861443311675184 0.6880157110303339 0.039420484962873675 0.06697686819990231 
8 0.3331849318681229 0.5923584972577111 0.006631546383562466 0.01800384935870132 
8 0.13839860914363927 0.6066661846606832 0.02817104111734885 0.027121101568051875 
8 0.5905111957247833 0.5680809096396072 0.03939701566989008 0.040770096206538764 
8 0.08002085854762496 0.7602618380937897 0.16004171709524992 0.2516300795697128 
3 0.2666351029276304 0.5905597568459688 0.03664413794164279 0.03705431996508449 
8 0.11846614152223489 0.6625681898394997 0.12382587661666986 0.12069478638043418 
8 0.19575177342110744 0.6750826136564791 0.05001225997597281 0.13437159454488526 
8 0.33354398236921734 0.5932925570607899 0.006055739727273704 0.01781036615517236 
8 0.5714503165962322 0.5698861015967598 0.009628919806095624 0.023013372222387023 
8 0.3246785286067436 0.5908810671434357 0.006500987134046739 0.014261462632819076 
