0 0.8536033097105582 0.6250052668647186 0.0831034672331127 0.22947481635287614 
0 0.5214073389635872 0.5747603014973528 0.012792474756330918 0.04691767502009264 
0 0.6620591094228369 0.5855713408255298 0.029631261589542674 0.0848128248985287 
3 0.26528965526443954 0.5872912683272893 0.04649793004689283 0.05781649173763968 
0 0.7295164436674536 0.6087079737071472 0.05376921466704545 0.1754548198254821 
0 0.5499747197202947 0.6188217650635321 0.04387804147438743 0.14835963357323836 
3 0.032788809951021 0.7016443892583942 0.065577619902042 0.22382309849389356 
3 0.053138636200948025 0.6365345726950586 0.10627727240189605 0.12757827954675982 
3 0.38465405464002794 0.7145125098689046 0.26862231203890535 0.5293933337453126 
0 0.8102753397516912 0.6242922562118386 0.05956883513657189 0.21042025659644317 
0 0.7722591599358686 0.591044459423352 0.04093870954502734 0.1510944145142646 
0 0.8673578528075173 0.5965236730049281 0.0651273156946445 0.20662514185338257 
