0 0.732385046007351 0.6187337680026942 0.05882542259626874 0.18388646708243925 
0 0.5057867288701007 0.5799359680483681 0.019925698611424993 0.06552218435434573 
3 0.19966408627153634 0.5818567851125965 0.03339505755106505 0.03137767824832123 
0 0.7728696244343882 0.5650725977079626 0.03099002022228305 0.07260274867496137 
0 0.6456209599234423 0.6101863345028476 0.0436378642540118 0.15285848844141836 
0 0.10239474019307956 0.6495788878282477 0.08232602111133867 0.2472382409003046 
3 0.22779518387816605 0.5724804201546294 0.017232375746882127 0.021273044994028142 
3 0.3728227496549232 0.7100548955673768 0.2594824624744578 0.5313353935815688 
0 0.706674203044677 0.614230398483491 0.043330482822994586 0.17714657122970462 
0 0.6918135225449126 0.5953357990456775 0.03468567333490128 0.13797826896681165 
0 0.7335565848592829 0.5969147252225612 0.060481531799484005 0.16836328460516697 
