0 0.9112327116955985 0.6414773382780607 0.08266342529931038 0.27229379598122094 
3 0.8455237799253399 0.7248356122063572 0.30895244014932016 0.5503287755872855 
0 0.7172366289906705 0.588885149752658 0.04582706277512813 0.11387790823504765 
0 0.7384586291949561 0.6165185283711916 0.055851005054249045 0.18289930083285483 
0 0.6663775967069936 0.5930685568405241 0.039112621864077685 0.13099252232260747 
3 0.38765685770211067 0.7157415519446635 0.2713243478796312 0.5345466993081884 
0 0.8176518721152383 0.6238909721945161 0.055981297870877286 0.21275297167967508 
0 0.779985341503816 0.5904598025212102 0.04190142469732464 0.1532750373432218 
0 0.9032849465549382 0.5959317104858591 0.09056925537782362 0.21405402831724213 
3 0.15841527553880086 0.6281376433185362 0.14596688078936024 0.11844464064741322 
