3 0.6646341172549322 0.5750481131409243 0.12235027119683778 0.07176399397890117 
3 0.4132426826853036 0.5746768181358944 0.09525546276635133 0.05452599201985 
2 0.5349901601874534 0.5567222735863724 0.024398449463877158 0.028132809562369264 
2 0.5306191871043561 0.5499548440464154 0.031398963056374005 0.032968189012902244 
3 0.6277890169482748 0.5660249633687742 0.07819855222048482 0.047450129652424886 
5 0.019306298389347328 0.550427665020423 0.038612596778694656 0.11935397687917133 
3 0.3424687807823184 0.5901070709321157 0.1599961915365435 0.09481251889640778 
3 0.00043196738803369313 0.6284260419244331 0.0008639347760673863 0.1030665383982547 
2 0.5291036212815025 0.5510902425108153 0.025725056605738816 0.03184373808971878 
3 0.7478183469768754 0.5976478222129396 0.17718895822810582 0.10707401483614168 
3 0.2625839262470346 0.6155909344065121 0.23190886441056585 0.12860290007820696 
3 0.19290563057532467 0.639122732024124 0.3091866492017204 0.17777685384615155 
3 0.8729629545138602 0.6302508452784978 0.25407409097227956 0.208259233089494 
2 0.4571597313894641 0.5371689362494759 0.021292764323818502 0.029444332312679268 
3 0.6372656822395962 0.5711983914087906 0.08035528099614851 0.05427192862949779 
2 0.5646340435021374 0.5489360213705181 0.029908388001987165 0.029535372883931866 
3 0.903056991292365 0.6974519128527941 0.19388601741526984 0.2616466961916387 
2 0.45690887037644046 0.5474104728937526 0.025447746417850893 0.02910579100807417 
3 0.20692514378882024 0.5782600348692939 0.12209641874720557 0.07150463786330356 
4 0.3336462288577549 0.5338901352559299 0.17647339621372685 0.08687185620632969 
3 0.3809043196152722 0.5774731974821137 0.11734580548801617 0.07205061765922545 
3 0.3730395717652363 0.5898407678842279 0.12756658385314007 0.07230472253299448 
3 0.12878738711406013 0.6669648323622409 0.25757477422812025 0.2302573386982317 
