5 0.27419064938042237 0.576696521764219 0.07759445364688816 0.06562412054419067 
0 0.5932230581570838 0.5725252469308408 0.012016334451941973 0.038318883931705856 
3 0.4785616409899035 0.5751594619717869 0.03391070002960632 0.04299840122748637 
0 0.6486942360476928 0.583701360355093 0.021947186071401177 0.06420487366995088 
4 0.3187616931581891 0.5506498665078036 0.05652502616971262 0.09053053472640436 
3 0.5217730450283595 0.5663066655697729 0.028167875365916546 0.0427790696972449 
3 0.4005638582866611 0.570432781453847 0.022362615377148884 0.024840954502464884 
3 0.21904578375449305 0.5903246959410977 0.05504305067184593 0.050881204267845606 
3 0.381362049759554 0.5690764843136162 0.016923894707151988 0.023440954724457078 
3 0.4887124483078647 0.5657619959148681 0.015139604723746985 0.02342505151390791 
0 0.6132237134571626 0.5730071138891217 0.016763196524955646 0.05181057237988518 
0 0.6264510747160644 0.5740198809149213 0.01666852752614126 0.050370780935844864 
