8 0.4243932887699775 0.5882761371475032 0.008468845316455571 0.022751965603135128 
8 0.40987129778834047 0.5902592607147173 0.021878910530779692 0.03928952749704232 
0 0.5092469219744309 0.5722197114755254 0.017905607805001722 0.04945315796532605 
5 0.8801745790079353 0.5275969877668983 0.2396508419841294 0.539942514570755 
8 0.03117611236847542 0.7034584004500728 0.04884463258430691 0.10406114501667983 
4 0.48083154729127414 0.5496173555702728 0.019677164551912013 0.0378536555088043 
0 0.00937703465367871 0.5714012209304404 0.01875406930735742 0.047551092141017645 
0 0.511024021869195 0.5741519056819784 0.015146147726514486 0.04900789303569051 
0 0.3671288747201979 0.580379011636804 0.021707454223168627 0.05467169189338563 
8 0.41732993554680703 0.5933993821982866 0.008139532275113126 0.023687776729679574 
0 0.5505712562028274 0.5692117092058311 0.020620290242990082 0.05990203794743309 
8 0.3981540610252251 0.5915053587635717 0.023291441758376833 0.0391729234711579 
0 0.514821691836663 0.5741739673377084 0.01924763527144208 0.049078111857378544 
