0 0.7402867917232152 0.6197684198362654 0.06817288424320893 0.18729948295552454 
0 0.5309157310329374 0.5891747378214954 0.03154294469612694 0.10106823714600852 
2 0.2342003440960129 0.5763682004105481 0.014050852549097357 0.03238979882811325 
0 0.6431677353799004 0.6103060365259851 0.04342125339410167 0.15238823172716384 
0 0.10053980979023526 0.6456627320535072 0.08248049883608154 0.2470012203450896 
3 0.37118594524741183 0.710588615284858 0.2606504182018516 0.5336604335870357 
2 0.5484593108185416 0.5878408485580486 0.027508790779530515 0.07795675953575786 
0 0.7088249128585656 0.6144570988862706 0.043455628810628324 0.17779540694656892 
3 0.01737664966729377 0.6891097872393599 0.03475329933458754 0.19550400329658651 
0 0.6933142571369393 0.5954316704932842 0.03447944471146016 0.13714295627024134 
0 0.7379275324897933 0.5925463433744491 0.06254724875453122 0.17829376676257003 
