0 0.21302564999323906 0.5789623219213221 0.020366420469190096 0.04848071069899213 
2 0.617913573229972 0.540056133424697 0.01698688265822696 0.04146844865113584 
3 0.4253893449217908 0.595630823283666 0.08570011774434924 0.10458298807748943 
3 0.4423914401039787 0.5459822305019203 0.016927347917113096 0.019886441778508582 
3 0.5106128894648803 0.5602701342516123 0.03590578901394508 0.055259564771374885 
0 0.3981012236282186 0.5686618360920185 0.0032817915020638823 0.020946932136757572 
3 0.3570084081149716 0.5801882695809906 0.10606499965983282 0.07696443814370929 
3 0.46653610231637277 0.5676199869794535 0.033555344831877325 0.04969252241896584 
0 0.7545867407219835 0.5682673727980888 0.03984111504569796 0.1135856554633195 
0 0.35740089982947726 0.5584113459467195 0.003818659949150032 0.023862585798909586 
0 0.7836750152505435 0.5653869176441656 0.040146087142474585 0.11301566072264746 
