0 0.38043394697356314 0.5759749522790948 0.012887751512788129 0.04717269100307009 
0 0.506505723097529 0.557286767261059 0.011318163200433346 0.03908237388880777 
3 0.2959994549351931 0.5803129059848467 0.02548966997466689 0.03384092189179613 
0 0.7559423379428255 0.51748488642142 0.011411482194620817 0.02707228495271017 
1 0.3623763215110307 0.5777118469920035 0.020333922913691183 0.05032699568161345 
0 0.47759492895872213 0.5629144016214217 0.011627056246630829 0.042847741133122286 
2 0.20577283307817545 0.5878724685078848 0.022604271506840343 0.04531183735374795 
8 0.008956802565291867 0.6153848893494034 0.017913605130583734 0.030323470468442162 
0 0.11459399636033184 0.6194559171701215 0.08141154849116754 0.19543369586368795 
8 0.06926544122325218 0.6131873350598503 0.00960096531881745 0.018844207818891366 
0 0.4403784980482297 0.5886863191281583 0.03493694632870508 0.09923814639554242 
8 0.8809116291549438 0.5221002740466816 0.02964092512847387 0.03111601952372521 
0 0.40792655983392884 0.5679640728376154 0.014502048926780448 0.04291209339141037 
8 0.86193510132418 0.5243924072663078 0.02925662446825328 0.031231724334256732 
3 0.12510612586007558 0.5978524100959218 0.03511180790873672 0.03678570115797293 
0 0.35302091638799254 0.5762843893213586 0.016161519023568473 0.049651655997914886 
8 0.6865603639706888 0.5465764901743834 0.033831403770491736 0.031139295226664546 
0 0.21693681033225978 0.6167808777453921 0.05744675250454424 0.16378329840449965 
8 0.8229300984849193 0.5310332569050222 0.033165279857433914 0.03203310544928879 
0 0.9772669302370107 0.5984208584062674 0.04546613952597866 0.3268930713967842 
8 0.968542535416755 0.5112410559453694 0.02654415026687275 0.027102888737355404 
8 0.6643949821884958 0.5488853214940689 0.03548042968596292 0.03071565030670077 
8 0.23153802759542103 0.5988343633209782 0.007006777498971495 0.016119448226700746 
0 0.5061959908219282 0.5579451157442787 0.011574236147544355 0.04230069984670763 
0 0.4364978607435072 0.5699358256932499 0.014513876565474676 0.04043779761945599 
8 0.6053658640664921 0.55530239335457 0.036125361781518636 0.03234007618005901 
8 0.7656398951461609 0.5378900132903448 0.032037849829831086 0.0321522876080224 
0 0.3447003244668359 0.6043139119906963 0.06117994502463326 0.18593350711126777 
8 0.8012264925489823 0.5336533205043261 0.032155582404975576 0.03377976172168139 
8 0.6365655676525677 0.5537009109950738 0.03370607263249319 0.03018965167271151 
0 0.4823722093528517 0.5629993285146828 0.012888200829451222 0.039464909258333146 
0 0.9557129307071728 0.5734838088435762 0.08857413858565451 0.22764673519959602 
8 0.773466167037133 0.5434270938966124 0.012396073670145853 0.021068504430945913 
8 0.5781654673784962 0.5619934934512775 0.04228945617861271 0.040819233987210296 
8 0.5434500118002374 0.5631078365319631 0.03933092911363964 0.03469406867295927 
8 0.2433739014748742 0.5949191074385262 0.008044033429858963 0.014611388494149271 
3 0.2891258833696557 0.581473515890124 0.03137025187639875 0.044276527804101296 
8 0.9920560535821413 0.5082499141947394 0.015887892835717423 0.024915366027470517 
8 0.8992878171112189 0.5194251507521812 0.028351689240502652 0.029517377616739837 
8 0.9528392404889994 0.509883131316964 0.027787924001384568 0.02794327502550718 
3 0.21228170741715843 0.5883662835273443 0.035445632516918374 0.036028885097251884 
0 0.43323292861013346 0.5703185963153623 0.014329606137608053 0.041572415234576346 
0 0.48448698632443477 0.5634220995040475 0.012199226105692702 0.039505788156921164 
0 0.4450086989561609 0.5826847101031768 0.03397828938895223 0.1019596779466076 
5 0.18534832616285093 0.5842840867097194 0.025492643852690088 0.030890917146675682 
0 0.3338429295855855 0.5769486907460397 0.014546493119965689 0.04834302921320809 
8 0.7874807580250485 0.534693875267188 0.031712371935542334 0.031223592775645053 
8 0.9360474970321524 0.5139551326219872 0.02923717842583841 0.028457846374618106 
8 0.7850423053066504 0.5388506304156981 0.012468287173937257 0.02237119073115985 
8 0.5989808935033535 0.5633719256823104 0.010652122787183202 0.025584216145352723 
8 0.9182764585338561 0.5180008522249674 0.02937489755912097 0.029568325280380666 
8 0.8431836622725746 0.5278180729140811 0.030075394244096998 0.031259658339222306 
8 0.001637999111337023 0.7396431201470197 0.003275998222674046 0.14232315909419804 
8 0.9827349105806354 0.5071448368630093 0.024319511271198024 0.02673612783376023 
0 0.20900781409150074 0.6157754291433669 0.07039966455014415 0.17835767911731712 
8 0.7552680072512243 0.5415509272491553 0.009478527273710284 0.0224770546091705 
8 0.26146181896260734 0.5931224473679935 0.00778090473383223 0.019894719183822265 
8 0.029146114339164447 0.6139048509600611 0.03630530586805346 0.031462221647687 
8 0.5439980797951136 0.5654968675684726 0.041820585078781676 0.043644936208772835 
3 0.18306838436783182 0.5902247372365628 0.04570855190594884 0.04161819111933546 
8 0.015111587010429525 0.7219443626727747 0.03022317402085905 0.18995210224293474 
8 0.2612405770635302 0.5936854114981985 0.007091092173933049 0.019621636519610523 
8 0.5242114048279227 0.5715803346676128 0.01029216757819512 0.02479812484612119 
8 0.25594395825800925 0.5898894495023337 0.0074800106106465945 0.015474416597066793 
