5 0.4212920441739921 0.5125185309183647 0.016681183095122877 0.02503407106978222 
0 0.5701121991111014 0.5222382521674299 0.0073902513881314745 0.02494457965525145 
3 0.4759721840872325 0.5375376915443992 0.03958752260054887 0.052588323123440354 
0 0.5888558167585686 0.5247591246553197 0.010249205503558656 0.03357247339070347 
4 0.38890850483547923 0.5016971913229832 0.026777557427739185 0.05586324320070547 
3 0.5218598811654248 0.5248916186632208 0.028753950268831333 0.04360288815396422 
0 0.2642000896550467 0.5399573454606943 0.007568008945239022 0.04496009615490512 
3 0.35027619864227505 0.5227432192359703 0.020900401856029448 0.02831499823709319 
3 0.4948429702586319 0.5202797969892946 0.018093104419850264 0.0280353904482355 
0 0.5767212366028752 0.5170055878566161 0.009029246663208 0.030217439390497893 
0 0.5821524255554849 0.5228552314143053 0.008891668839533864 0.029416489553471228 
0 0.00873845073264976 0.5374177774992914 0.01747690146529952 0.07448840162736865 
