3 0.17367872342105042 0.5920073375980439 0.13266806876862186 0.09033771214347926 
8 0.5990669717447067 0.5752082292500419 0.020307770718362976 0.017903016667411356 
3 0.39956909732698465 0.5678398793708549 0.027388194444708844 0.02539365640675328 
3 0.4390999650122599 0.5602612887222065 0.013215790525148634 0.017641106395214667 
3 0.0664225004564804 0.6070943731296959 0.1328450009129608 0.09381130140030589 
3 0.44897752481021697 0.558672108757421 0.012360497603512002 0.014094089031661889 
8 0.7219714658911517 0.6018323411851674 0.05366681585928532 0.04236858599027692 
3 0.4237836355417289 0.5656760714042015 0.019389355507928058 0.01886985397485546 
8 0.5989105577440634 0.5720323216740936 0.020552307517289137 0.018096959596851054 
4 0.3645243290933047 0.5496736541334922 0.030671380336871935 0.04893868244810746 
3 0.3892496742275138 0.5645784118384332 0.022284937336699003 0.021200593311948145 
3 0.32809297975365526 0.5776685134251368 0.05196143288858931 0.04332694160639088 
3 0.28788546583231156 0.5777366677973705 0.04957624517781582 0.043919911047603045 
