3 0.305175598125635 0.5719371775109655 0.04789663266386274 0.035571636422822434 
8 0.6844561534072071 0.5798529235764576 0.036496521794618535 0.031227333133421794 
3 0.19940308333973672 0.5977518624582148 0.12907540881018698 0.08043510540919209 
3 0.4165764750978281 0.5652010097782781 0.024949566978734766 0.02940781218270735 
3 0.3863727130581694 0.5685498280485516 0.030566666811177114 0.027806419351045785 
3 0.4456138660039241 0.5594689183078381 0.01946557236960473 0.020900977378357073 
3 0.3575852579373539 0.5755996694711967 0.04753862584312223 0.037917598087787246 
8 0.648169584994506 0.5774668161590292 0.01748764102785131 0.026609676743257624 
8 0.6857027939662396 0.5803758830588102 0.037292472409406086 0.031905903073931145 
8 0.6361827205135311 0.5776157262988559 0.015856638274946277 0.025123794067994823 
4 0.33716776106886015 0.5475121722543371 0.04960786889172262 0.06655604438474275 
3 0.4011029885366274 0.5691113601541194 0.02131841497927354 0.02120731718317965 
3 0.24313615706359928 0.5861944361073891 0.07792743741112922 0.0534725244643205 
8 0.6608353203648224 0.5772996805831574 0.019349851858970767 0.028258209143166367 
8 0.6823608982942929 0.5794079282081686 0.03577146854890387 0.030623891995490326 
8 0.6223703300792248 0.5743149741624779 0.006220288307678672 0.023550531605772498 
3 0.4549226681272171 0.5608821668128139 0.015163381632481859 0.019161183109989932 
8 0.629127555179833 0.5765542244214561 0.006634123545436524 0.023841897704612116 
