0 0.2637331773449179 0.5635952344544329 0.016321435924807483 0.04045413034812864 
2 0.6041605002911645 0.532158037589288 0.013963111922911225 0.035564995909956945 
3 0.41753195719204883 0.5954646105548335 0.09291465395897326 0.11586627357925983 
3 0.4516102347995268 0.5387917451732828 0.016191675864184348 0.017414370915496167 
3 0.5123127654114507 0.5530463733718922 0.03684222870759008 0.05674658521153377 
0 0.4059706525242829 0.5587909447910583 0.0031291741580143652 0.01973594198594987 
3 0.3897764399857502 0.5663625423730113 0.08241581129155627 0.061791794422483434 
3 0.4635072162511629 0.5617228765459806 0.035630584427035074 0.053038165532973004 
0 0.6782397661478519 0.5496528083395159 0.024174122809131688 0.07626101223578215 
0 0.3700067987356674 0.5486551586643628 0.003559535877336515 0.022151733881241538 
0 0.6976955239154766 0.5468494145034658 0.024276268289497978 0.07586629764960688 
