0 0.8389427849057026 0.6282114108662905 0.07978186233882653 0.22242235925038994 
0 0.531738288399207 0.574748763861049 0.01617172816617817 0.05264059697796136 
0 0.7212531044508154 0.5705651881469093 0.030565526999767202 0.07610036666806587 
0 0.7244587433958154 0.6093982622960824 0.05280773148822902 0.172778664505571 
0 0.41189546404159627 0.62585694691661 0.05003006608716944 0.17248983361397405 
3 0.2628118569754492 0.5885264758958059 0.04927776263818125 0.0507427802529736 
3 0.2206678589129543 0.586431385692275 0.04318892763279578 0.0470063869662455 
3 0.3871360729588814 0.7127272883869945 0.26674060420839174 0.5262944797607607 
0 0.8055023533569323 0.6199481113829551 0.055494375502670154 0.2081100488938042 
0 0.7782831173671833 0.5934885944378627 0.03753325755241221 0.15657051977001213 
0 0.8419466481556955 0.5953488877785045 0.08220410254738326 0.19807082107220664 
