3 0.4414150581694116 0.564398632680009 0.01723513368903376 0.020787805760513343 
2 0.7183261395332798 0.5544535998322494 0.04252177517928729 0.08189852582138611 
0 0.5510597571901972 0.5502656396660758 0.005034922357978502 0.016695955910763838 
3 0.4476946780528958 0.5908693233315317 0.06461919735918265 0.08079157615372834 
3 0.4188448489581252 0.5700673232363533 0.031205773062319295 0.031413880245973344 
3 0.5139069201901658 0.5694246560204761 0.033254377696595866 0.050999823336786675 
3 0.3622966298853055 0.5791868252647737 0.05187679593992812 0.05109372391444816 
0 0.37644963391620356 0.5846585173878565 0.0038802207287892544 0.02551653541381534 
3 0.084505759851737 0.6824688235400022 0.169011519703474 0.25841276814603703 
3 0.48164417177357866 0.5744249071593905 0.028576852716740434 0.04150022374453764 
0 0.3138391122220576 0.5743249059705032 0.0049718898980295025 0.030836672476983216 
