0 0.730898222864313 0.6194267760100748 0.05839843462816987 0.18308137266787122 
0 0.5019106414285602 0.5800783273639215 0.019911683546849232 0.06364967727695936 
3 0.1900997720696629 0.5845188665137984 0.038225131487480295 0.03497403093629613 
0 0.756649413702407 0.5667102985358816 0.030551137103544478 0.07109727375264899 
0 0.6463219620598092 0.6109439709884513 0.04364711763193462 0.1528103021090872 
0 0.10437083811417872 0.6495641951085102 0.07895271455654614 0.24584691666536343 
3 0.22424487862247905 0.5739381607684676 0.01883342433889652 0.022519895154875118 
3 0.3717193158836035 0.7070648650166226 0.25261925669444274 0.5148020378785427 
0 0.7044981581650396 0.6148648999163963 0.043013310512683915 0.17576289678069468 
0 0.6914269536035621 0.5961176998613175 0.03460657189383582 0.13761524898817248 
0 0.7326329954586223 0.5975494185238065 0.05551160152114022 0.16691392174009997 
