0 0.6324895603450554 0.5800343195252653 0.022698710585465635 0.0875334468659019 
0 0.9343270226447626 0.6419674089639681 0.13134595471047475 0.37252000358157916 
0 0.6741920635393543 0.5715534141701006 0.016054998410332217 0.056516267786085955 
1 0.7778550477308099 0.5698505543486552 0.032582410954342576 0.03044020959778897 
3 0.8240893461935065 0.6041828898736049 0.26204131747054477 0.21878350489129963 
0 0.13457207683410655 0.5655392749241751 0.021104372900283705 0.0645168365564423 
3 0.4732999862636836 0.5689556563132984 0.032411649898197795 0.046888600707911794 
0 0.010066346382607599 0.5532345033832213 0.020132692765215197 0.057748831161452595 
0 0.18588529789248642 0.5894956982351209 0.020617039169049035 0.06423898224892159 
0 0.6502635613469607 0.5824211446943537 0.017565413981484285 0.07485842851973543 
4 0.43214580499772 0.5335249954827007 0.047482628487930896 0.11291118542512556 
3 0.4277966243831328 0.5720388466202138 0.03166117120439523 0.04558954728327162 
0 0.5337827881313477 0.5653699264139498 0.0104106436862849 0.04040468932523096 
0 0.10542980393772614 0.5618484711361129 0.01957554029646875 0.06251260029848191 
0 0.619703984000317 0.5533737956061456 0.012743450563829058 0.035182796788551955 
3 0.2976338235490031 0.5805303101250207 0.04566019281872045 0.053538178272209636 
0 0.13087441926817292 0.5700991128645969 0.02005329658785762 0.06753020042552584 
0 0.07591206330261867 0.5598415781319634 0.020889271606491962 0.061081174726935944 
0 0.7230757805904898 0.5582935977208827 0.013040619810182364 0.05715284600361599 
1 0.790587035722123 0.5670857814372411 0.03681819290104627 0.039738122085026174 
0 0.6027069709010578 0.5718857745306051 0.01427583453327891 0.0701983569458821 
3 0.47415264347633435 0.5640236126421306 0.026761830396242203 0.036162631590410055 
0 0.10033559632228847 0.5609094175107495 0.019950238376929032 0.06398181887803003 
0 0.15602811410486278 0.5648030760860614 0.013617276132973918 0.05590021210314414 
0 0.17451970665789787 0.566714266690198 0.013174390575049521 0.050081724266287764 
0 0.19578470535202683 0.5859000797226074 0.0190321114993278 0.06205860578061807 
0 0.05962687678813346 0.5713240170138243 0.02645611580764773 0.05371109636161672 
