0 0.7318891452051672 0.618542661352616 0.058726244074535715 0.18358739544032276 
0 0.5150961936388199 0.5835455868128803 0.01960073297246581 0.07674341930634082 
3 0.22673863934159968 0.575150415408318 0.01892835000925441 0.02137522122547485 
0 0.8695198655213986 0.5604408476659991 0.036072349849138166 0.08025334747182752 
0 0.6441406173994486 0.6100204275201183 0.04354479099453428 0.15272172512906682 
0 0.10044048264156379 0.6484265711299276 0.08263121838298161 0.24761408812511118 
3 0.37128422120732835 0.7103302050349554 0.26059361099016787 0.5335615686327132 
0 0.7088971908438235 0.6141245760254296 0.043461070309090244 0.17779649489358582 
0 0.6923959792090528 0.5951887646763218 0.03480955671431005 0.13854865740818195 
0 0.7354202293978069 0.5969339462870222 0.06322498722213198 0.17053915115332322 
