3 0.8861931843249298 0.6394327262752478 0.22761363135014037 0.21867771184398488 
3 0.3002841565713716 0.6158835124606565 0.2255784002802452 0.1261190498028999 
2 0.5636595145200559 0.5642776089859416 0.03932628390847775 0.045042012977828755 
2 0.7200666371764908 0.5678558487737768 0.05282567891839918 0.05358806969681963 
2 0.5559052347265122 0.5533534814324759 0.04821864888543075 0.05023441767058349 
3 0.7597354640993663 0.5964354289995465 0.172164301526426 0.09768314739043976 
2 0.5564102610566753 0.5562924105800445 0.04069853157406243 0.05003203433389002 
0 0.37685481216055877 0.5292107831618653 0.014771204875459958 0.05960076795193591 
3 0.8732246852092018 0.6186348615423307 0.25355062958159635 0.1422061371910346 
2 0.44361567723775003 0.5417401583229096 0.03317507257775546 0.04532123487488194 
3 0.8019281749896043 0.602919440872698 0.19585196752948078 0.12071028105346557 
2 0.6086583675111643 0.5551127061503973 0.04745533506170346 0.0460130822645456 
2 0.44161513865342067 0.5578812951831285 0.040021478247240054 0.045339759085194754 
4 0.23757480843317574 0.5190998588731655 0.29138094698761985 0.14225836955357862 
3 0.1586738095535503 0.6649741731625608 0.3173476191071006 0.24549780471918345 
3 0.12486095266160428 0.7540685154997581 0.24972190532320857 0.35247988873901476 
