0 0.5602649306840121 0.5607487445999983 0.009610195908774842 0.03516557582087848 
0 0.6230351635434951 0.546997373968755 0.009473046407058944 0.03210572822843296 
3 0.496043072873121 0.5566900535055318 0.01794356778454848 0.025662896223301774 
1 0.546867120795606 0.5549195274803755 0.015030361485201526 0.037054754926782736 
0 0.4232902942404344 0.5759789311079143 0.02841859501566944 0.09236877943756333 
2 0.434620649313421 0.56553044773618 0.013437705914927775 0.0326601917626367 
0 0.00697597683805364 0.6167054291246187 0.01395195367610728 0.08155829765642895 
8 0.1776534078114641 0.6191423433528151 0.06500141076459282 0.0778924943488769 
0 0.543709094655024 0.566526672598264 0.027188293171597096 0.08572209265325398 
0 0.6026020639268326 0.5598942785742262 0.021543890165908623 0.06012474419574618 
0 0.5402955119721327 0.5552499360326624 0.011738909470238923 0.03652869731479945 
3 0.09677312961112612 0.5997241879585972 0.19354625922225224 0.1653636010547008 
0 0.17219045621061427 0.5972702225704345 0.03623172233208969 0.07979391350699921 
8 0.8193853593931345 0.529086922757048 0.033771613878972886 0.027333079928136245 
0 0.5770306392918659 0.5616894322600677 0.02653611994413396 0.08114968001568677 
8 0.9761187483080238 0.5115474250007791 0.03968408253939032 0.03161542909825938 
0 0.821228656335205 0.5528382208418094 0.05222197999701848 0.1285180932158696 
8 0.2313268240587855 0.607293471053867 0.06627138602987895 0.07047139932307839 
0 0.19155650439237992 0.6027315565771529 0.046536068590094286 0.13815166904592419 
8 0.7945263163545903 0.5302120250199812 0.03417363860352225 0.026461163776231793 
7 0.13646100091497312 0.5892649303738218 0.06602751962982939 0.05176942203734648 
8 0.45180931988525275 0.567972594030367 0.0044280064918419985 0.011682147606718256 
0 0.6227943277174742 0.5475160510723649 0.01003329460663089 0.03461023250126611 
0 0.5785014944689492 0.5532119145119329 0.012409857304385454 0.033508509383507884 
8 0.7410931097062621 0.5378772765655336 0.03225096851496644 0.02641535109121043 
8 0.907713650888943 0.5185009338316862 0.03595218965558971 0.030315141334250863 
0 0.5551123482804549 0.5612471703963163 0.02883638088181158 0.08496702397341134 
8 0.9482296236441315 0.5156267860860165 0.03740922080061978 0.03257650658900458 
8 0.12249207530515892 0.6387587658412945 0.08851352173810323 0.09979813275577397 
8 0.07963214922444067 0.6448910149835052 0.051646685761789976 0.11238718277421754 
8 0.7670471148616169 0.5340983969138752 0.03129754844024916 0.025354186586473274 
5 0.06316978270285581 0.5950938871048101 0.11452962768777387 0.07577599249341076 
0 0.7078514584386363 0.5595018792705881 0.03829067658997459 0.08932014677317637 
8 0.9149462564963611 0.5216002758043912 0.012800173249044491 0.019653862961150077 
8 0.29133804595840623 0.5993242928132433 0.056877145673473316 0.058066845927884164 
8 0.2571128496825346 0.7894918044575315 0.092562603727574 0.19796368571000472 
4 0.0014306002930355275 0.5996943200823254 0.002861200586071055 0.07854771302243642 
0 0.10663682623131546 0.5942187905955898 0.03723586149410826 0.08045978335720028 
8 0.7152798995927119 0.5436107857898594 0.03615844501405491 0.03215846144884735 
8 0.3684598787345916 0.6699997123855478 0.07385170117368958 0.15088458212208125 
8 0.1536502580657058 0.6047195456166505 0.03334074383534063 0.02886294435510384 
8 0.6853508312196327 0.5449510570933467 0.032395220320503314 0.026864092714902324 
3 0.49257890849102764 0.5606519567868549 0.020186731868827152 0.0325408409696201 
7 0.32123475106221405 0.5547726101222459 0.202394010697495 0.2919823661939088 
3 0.4375622148420099 0.5651692442722476 0.020742845609568763 0.025924533142403006 
0 0.18695266224500934 0.5946890691340413 0.02995103707991323 0.07655531502925486 
0 0.04515946127208562 0.6049926330636455 0.03849045441609159 0.07983758218025407 
0 0.6071574598812991 0.5496189806928781 0.011359816365983733 0.03249093339507403 
0 0.6053182687223284 0.5553896932744025 0.021423621061067096 0.06336414353576496 
0 0.5215900436173316 0.5570182937089203 0.01043912812029447 0.03555983928559341 
0 0.18106371442529137 0.5923121121450415 0.032157807629391896 0.08366702972976706 
0 0.20840476798977317 0.5913552156715236 0.018655918925787135 0.045083483524945726 
8 0.9344793520022256 0.5159790204446519 0.03664932196917249 0.030072873520680332 
8 0.9278142369802148 0.5216162017838143 0.01326989261790672 0.02102603397530983 
8 0.731688706608739 0.5445141527380337 0.008928296454024433 0.02050362921558177 
8 0.9921600230013456 0.5081299453239927 0.015679953997308614 0.029338200028215498 
8 0.43505320905139255 0.6042308389500107 0.03258774263243559 0.06671713244815401 
3 0.007792125591598214 0.6168029715283142 0.015584251183196429 0.10618166125834876 
0 0.573883772355758 0.5635271148289659 0.03167236581335587 0.08642731255555677 
8 0.4141356781705702 0.6235886474739358 0.04562693816267746 0.09389878634537316 
0 0.38133251679408936 0.5789677518232348 0.02397808783976686 0.08806840671978977 
8 0.8951306461491774 0.521115990222641 0.00985980404780193 0.02078236586397016 
8 0.12373485471043914 0.6023216572102814 0.037417807944347764 0.031623215135558415 
8 0.396900907371884 0.6385082123594528 0.055570483560705174 0.11330048577063748 
8 0.6853927152938105 0.5467351746303701 0.03408556224934785 0.03345829939376857 
8 0.4251937518074951 0.6152240757371252 0.03509421933144154 0.08039832653667 
0 0.19438779206472384 0.6085495097490626 0.05001103163344578 0.1474583987864998 
8 0.3978280338564143 0.5955580435620279 0.051879637852872806 0.05877947577990786 
8 0.438550120186223 0.6011892763266599 0.03228452275759018 0.0638366984128278 
8 0.667694275775456 0.5494031798444611 0.008008913905665764 0.018854622941409122 
8 0.46407456153145804 0.5654621001852731 0.005052435660619992 0.011778479792041278 
