5 0.10547380840106067 0.5887456506573364 0.18213866385268612 0.11797581819249665 
0 0.5990309194737644 0.5669697806470365 0.012014377743641518 0.03859425200283062 
0 0.6027100872186407 0.5656829107827055 0.01417128488035786 0.04435874664696352 
3 0.47322870374949005 0.5685278478400387 0.027825474145032773 0.041059026228410414 
0 0.6852424054319711 0.5872384482637792 0.03010621809290825 0.0835239695560305 
4 0.2786924456246209 0.5453602377386468 0.07594310775145836 0.1118893788146514 
3 0.5174626888223499 0.5626083475710124 0.028121273763433693 0.04274612550357012 
3 0.3706350357768308 0.5712170527345506 0.03144242500609622 0.03210104934309186 
3 0.14563223632675223 0.5961643156816129 0.08057760281651728 0.06414256282812485 
3 0.36139484754718526 0.5662325352466073 0.02265616395389891 0.0279174584350424 
3 0.483805756327985 0.5603511456770158 0.014355447579712006 0.02256522401329922 
0 0.6317725854693446 0.5735671497444113 0.021145126117874256 0.06339017346812618 
0 0.6489016134548181 0.5720619795622907 0.021086980170522126 0.06147819782458675 
