0 0.23472093766529697 0.5916285653731562 0.016630639028969264 0.05886172335265194 
0 0.4137665190439032 0.5677965928088727 0.013906783246787029 0.04421441671521355 
3 0.1344637824924694 0.5974966840656663 0.03852755072928132 0.042258576916112435 
0 0.6506240078890934 0.5293400884637212 0.010717691010400756 0.027185595876249143 
1 0.20957056816146263 0.5916138595275727 0.02622058550172323 0.06345871929080747 
0 0.3779957383427899 0.5731523710785518 0.012634840629775114 0.04914233707147004 
2 0.0036133684038680398 0.6047528397279761 0.0072267368077360795 0.05646065355830943 
0 0.2800153945636519 0.6214539282795858 0.05363390663835073 0.14630703114284693 
8 0.7769782609096766 0.5362790608193478 0.025779110483341725 0.030341592393061077 
8 0.9538926277443571 0.508475162216998 0.013534817522317583 0.018178141398058376 
0 0.2844632199882983 0.5838264958984426 0.01776691521797215 0.049296137488388465 
8 0.7610086161699036 0.5378816584439375 0.025793145261481954 0.030762679186133318 
0 0.19650711464393156 0.5924053738189176 0.021618994706883114 0.06282980099212623 
5 0.9993697554156138 0.45454815447397884 0.0012604891687723807 0.0297998687271983 
8 0.5969992518030197 0.5580333194574336 0.03486113687378136 0.03370960980619215 
8 0.7272331882275387 0.543425908561676 0.03035615385978204 0.03222884490324797 
8 0.8471661496911387 0.5245034345116208 0.02144294206462021 0.025212230171659623 
8 0.5722916223499973 0.5618112711872536 0.03754285979625848 0.033820100898847225 
8 0.03404219495921515 0.6194588942739175 0.011007337767774903 0.020971093541215978 
0 0.4117748209974035 0.5680406812679554 0.01422849176922746 0.047909212277402656 
0 0.3271923284932583 0.5800996547823346 0.015560115289622872 0.04687775576246597 
8 0.5105891777715027 0.569141199905236 0.04039827798617296 0.03687372423099665 
8 0.6741764467089004 0.54929173730398 0.030618361219723767 0.03326075645469441 
0 0.03276110188467323 0.6757858627974779 0.06552220376934646 0.3916116150861253 
8 0.7078674661048981 0.545925989201783 0.029941734109658995 0.03442842105431029 
8 0.5447122154518097 0.565321325360725 0.03651776210032793 0.033728547730599544 
0 0.3846265475056269 0.5712533994042949 0.015010090483484291 0.04490765695336993 
0 0.24814889229020734 0.5875839011533844 0.02287168193890068 0.05448293543170002 
8 0.6821230257084434 0.5536263045569618 0.012146294316002297 0.021954995503987662 
8 0.4789953646137063 0.5766953688348215 0.048971552255572634 0.04781515825113249 
8 0.4385908906971865 0.5773999297279703 0.04697130455938954 0.04124904585726944 
8 0.060880246197863086 0.6193652580683577 0.012181425747952801 0.018739703780952115 
3 0.11172970420405764 0.6006769637991718 0.050967970450182865 0.056980683458253654 
8 0.8677109637054258 0.5196690029220035 0.018657256142565474 0.02342868444744378 
8 0.792190131737377 0.5339691558807709 0.024273868732264673 0.028496657509652627 
8 0.8351543538490733 0.5257137578581057 0.022798325787718596 0.02620834040599738 
3 0.0179845593482073 0.60824745532376 0.0359691186964146 0.04485083118541916 
0 0.32636136140529004 0.5793697470879569 0.01624871819809137 0.04792954190675036 
0 0.38747311956183206 0.5699093470041905 0.014443172200122945 0.04498837833755513 
0 0.2949568104221498 0.6101037495888065 0.04803950323898953 0.14566096722486407 
0 0.9314826165201927 0.5058851968418593 0.013850129954052192 0.030738060525784476 
0 0.1732032480562831 0.5931292525711569 0.01966388613256694 0.061393805136403835 
0 0.9950140374593756 0.5088130183456857 0.009971925081248827 0.04748747687786799 
8 0.9984683710484763 0.5151962560780353 0.003063257903047685 0.03404796657410909 
8 0.9469847140784182 0.509526681527362 0.013847744594058185 0.017995335143387352 
8 0.6943642449684279 0.5471341770370468 0.02975085319917511 0.03190506522117914 
0 0.9161080918653616 0.5133697109561808 0.012954846809900005 0.02450057170293519 
8 0.8219203069349504 0.5285524298472837 0.0243174786051641 0.02691893361017277 
8 0.6932421621705528 0.5505351399865619 0.012038478921392084 0.023139090546580723 
8 0.5036000448021148 0.5772516327135718 0.012060213403392837 0.02950191320335446 
8 0.8077104849272685 0.532694966922776 0.024780105229075956 0.028266754801432703 
8 0.7449525175921865 0.5405629198135259 0.027028612471726776 0.031114981018473663 
8 0.8580226606863869 0.5249856116916439 0.019297951326663138 0.024736752030008802 
8 0.6645701004750404 0.553675467691815 0.009314069556144063 0.023535540320878 
0 0.2518499433939381 0.5832090141714066 0.010334928407672592 0.02840143645388568 
8 0.06945889521365185 0.6145956502227925 0.012231781487245632 0.02605654090953054 
8 0.4389083895515307 0.5819851092284782 0.05017387006704091 0.05231184698533001 
8 0.06996232750297443 0.6148366639524915 0.011055845591928862 0.025524055364943732 
8 0.4150841876873774 0.5867958452076151 0.012397771008013835 0.029878151843898876 
