0 0.9276894156703381 0.6400704672245174 0.12084734560890396 0.2797242358460214 
3 0.5425438484961321 0.6395950941615062 0.15948866516750115 0.19067451904294816 
0 0.7379142376301363 0.5883236617616004 0.04954380642311563 0.11998022036724484 
0 0.7414065497722178 0.6170604823235504 0.05717674349512123 0.18676291241936838 
0 0.6708757185801935 0.59188161158169 0.037836831779853954 0.1297995413535056 
3 0.38763534143632355 0.7157776502582683 0.2713255329483928 0.5345325898435963 
3 0.28063281989970784 0.5831947986255682 0.02663839244139126 0.030586880210591846 
0 0.8176565315612659 0.6239229636368341 0.05598652357546428 0.21275756475841875 
0 0.7799942067454708 0.5904913460430955 0.04190428948952175 0.15327805798293878 
0 0.8965801204356731 0.5959255476119064 0.0807828832582966 0.21621791304236682 
3 0.0879934765835596 0.6747722431871862 0.1759869531671192 0.20255468763870163 
