0 0.4096778403272689 0.5998063734867793 0.03520108001307492 0.134109482521151 
0 0.42875634348423647 0.5949551925221022 0.02048094983926447 0.07785117647635957 
1 0.5630573617586562 0.5782020168476891 0.03052576429888319 0.03422370589154948 
3 0.8284928637432128 0.662248715701881 0.19114658138663088 0.2856720199464358 
3 0.16077799456114814 0.5715783006394717 0.05671157338814188 0.07344011100204707 
0 0.38917302903087425 0.5843301996178697 0.026902960959710072 0.08606023970096595 
0 0.43790580661636413 0.6018349801051667 0.026256855995239692 0.10990473821705601 
4 0.09069766843615094 0.5080720729062945 0.09193561902256082 0.18078488830675155 
3 0.07032749896906806 0.5711813042433841 0.08050111020384891 0.07658968455668894 
0 0.2791798443736328 0.577406567092799 0.017046437356645756 0.05800585213233578 
0 0.3713749071984981 0.5558281534418466 0.015091676065048461 0.04029414432903031 
3 0.9327181455280393 0.66704069974203 0.05796621655758386 0.07559663799625885 
0 0.5085768740551603 0.5691697044874247 0.014597138948575861 0.06722562201242126 
1 0.575726544891335 0.5773394865098092 0.03354784812793206 0.04434936554801614 
0 0.3114521442130035 0.5837276142602655 0.02194737038484483 0.1023252150759284 
3 0.17626261228121134 0.553961448582004 0.042552954240470627 0.05248084672048144 
