3 0.3846505688498006 0.5702362018262873 0.0871828710290029 0.0882852367531198 
3 0.05820675681669545 0.6226706200005891 0.1164135136333909 0.190062367490012 
1 0.6794077135250519 0.5408930281948872 0.017139573977165413 0.01535423464666533 
3 0.5319126600758136 0.5552045918986306 0.05181707757657378 0.06678516834737486 
3 0.07683501336962659 0.6182052463180318 0.15367002673925317 0.12346349696680546 
0 0.06458282153794313 0.5294568009634241 0.027732346022804846 0.06554825491198332 
4 0.5010520707056396 0.5203289514958199 0.031736217877425615 0.0623936598940407 
0 0.2635902426394743 0.5319580874408911 0.010344882573702563 0.034780509047421394 
3 0.5043811685584848 0.5431086563398856 0.01628625741617803 0.0233783528546896 
0 0.1772589561400693 0.526464395258681 0.021266002164722585 0.04849536876901242 
3 0.20439775794736778 0.6051163608810978 0.14312408736207907 0.10522080639616983 
3 0.17081032247536132 0.5588455918634155 0.08627178282069645 0.05248161633499971 
3 0.6966969937686173 0.5581997404669906 0.062257958089207366 0.037979154623494965 
0 0.2773348309624359 0.5458579333441511 0.012090553215118654 0.03738003840310714 
0 0.7524100387773561 0.5624228532931724 0.02751924737087151 0.09445922594043724 
0 0.3088361297337137 0.5473455963558589 0.010781183350460459 0.03407355542231212 
1 0.684911569527284 0.5399922797647625 0.01940641725664861 0.019873709023645714 
2 0.21095917514523982 0.6077863411207847 0.07935446356618268 0.1363910763243274 
3 0.30280116411898633 0.5834320754978856 0.08813564592284419 0.07043736572168112 
3 0.2354894777703352 0.5555759954058793 0.13410294809418108 0.1394047254524021 
