8 0.40785947107236153 0.5956268406876989 0.009860724922297876 0.02615969571423635 
8 0.38688930120594067 0.6009620959124499 0.027737005772961894 0.04735721589764504 
0 0.5153746086257838 0.579313092981994 0.019089732930682998 0.05686380478019007 
4 0.47437644263674794 0.5545011450469529 0.022138638209872854 0.04209600742802429 
0 0.5197537012598081 0.578708092813163 0.016763715678274095 0.056109260883477785 
0 0.3099087553916376 0.5926658348811917 0.02772811442122283 0.06533111432521063 
8 0.39682786668887915 0.6035016592284155 0.00982097236687089 0.02803023783700976 
0 0.5665531378496871 0.5756006152287106 0.02410599203031744 0.06943383158622579 
0 0.10963712142343417 0.5730533011285975 0.01716645295781113 0.03805002311578341 
8 0.37300350042056546 0.6024059223117024 0.029576481120581092 0.04722000487873578 
0 0.5236693359548259 0.5810265520202581 0.022281852466721545 0.056731253286846674 
