3 0.04747033507588237 0.6056171193850347 0.09494067015176474 0.0862412602402862 
8 0.8316095413518687 0.5948221536827571 0.07457018284129519 0.05807945749842272 
3 0.3555422866503686 0.5809508322008161 0.0507108626263085 0.05095588283752281 
3 0.28513778584472965 0.5864750597654321 0.07119365078125423 0.052223248462434466 
3 0.4256297212462347 0.5653177198247055 0.029865055600663694 0.030207663646309016 
3 0.09385924511094995 0.6343264136049581 0.1877184902218999 0.11955929175628284 
8 0.7424422845993252 0.5885055055576783 0.03752681320662049 0.0451863576829904 
8 0.8392279371788199 0.596455604118182 0.07808873658386574 0.060452093686815325 
8 0.7153430805878226 0.5878087374033168 0.031800169963244966 0.041062024239401466 
4 0.2960759283914488 0.5526230050625386 0.07421823968896565 0.08664119699900236 
3 0.3437403235473107 0.5774772592271393 0.03764808971246403 0.03240699381886259 
3 0.4609348366129219 0.560989516915235 0.01620270496848775 0.018916664946881195 
8 0.7739041832553251 0.5893716143255061 0.044902459674550525 0.050157379256704264 
8 0.8228379913439666 0.5934749679507657 0.07138511311764688 0.0560218332684921 
8 0.6872112085601976 0.5818578609434094 0.014540708998753189 0.03704314912073585 
3 0.44467534685299626 0.5621096431139154 0.021306829668428763 0.025795599522980096 
8 0.6984277680883237 0.5853128342251461 0.015658245778882078 0.037755314563620586 
