0 0.8914514818453907 0.6331930160805781 0.09956898650744506 0.23665926980900648 
0 0.5254526824796202 0.5732937360025663 0.012349051504824687 0.04518506585200713 
0 0.6559198480791286 0.5899513314728556 0.026723737195878245 0.09031688873974 
3 0.22619627722010904 0.6011661654831166 0.0801616981925505 0.09001603287437988 
0 0.7369929714215436 0.6087177021331978 0.05494199112518004 0.1780902134925276 
0 0.6054356218405289 0.6158841141887127 0.04346179983601111 0.14178534480523292 
3 0.38733684482493225 0.7153188538822934 0.27149040784593015 0.534955261175899 
0 0.8175572391527538 0.6233657622859985 0.059788509386179245 0.21287672793148057 
0 0.7789853442294299 0.5898190254378036 0.04170005051625879 0.15276210186461886 
0 0.9081159029450254 0.5947901831389011 0.07148807226741767 0.21764828852653953 
3 0.2908012906735592 0.5789642240700816 0.03320256801069032 0.03519852346505685 
