0 0.30815055684107756 0.5463924201666052 0.02810491693746002 0.10362609856411648 
0 0.27799982186352884 0.5380148847534109 0.027679047103734682 0.08924682785217114 
2 0.6903642565500122 0.5968223577802013 0.08909188369447861 0.09682718702283676 
2 0.4691584739790473 0.5693486923856057 0.07161722587062251 0.073956630929675 
2 0.6668011493239204 0.5631872180277536 0.09567000878132724 0.09601503821465895 
0 0.313445840537144 0.5388640493976878 0.02795925676400774 0.09576410861689283 
0 0.17700031937927613 0.5448033257744196 0.03921506694963462 0.07640916999848855 
0 0.38540391079377445 0.5293931240486991 0.033687473998163214 0.11205486914021087 
2 0.6747655804812679 0.59162989974001 0.08787748022454821 0.10387652258053119 
0 0.2190136270986205 0.5421200091799385 0.029088108192824258 0.097323283655112 
0 0.3238560572129678 0.5438160354407529 0.02876401372053781 0.0995478569233682 
0 0.34821940422288383 0.5321296092324591 0.02809181787055195 0.10403223287829702 
0 0.23953535987421898 0.5443907653900215 0.028785872578349015 0.09066700054595268 
0 0.2864619976895217 0.5378907014395506 0.029786204610664023 0.09673088704117813 
0 0.25101833432900034 0.5400439630718352 0.02952129027105059 0.09331391781287052 
2 0.46349468869995847 0.5676009757678826 0.06125431778969762 0.08462283386138703 
2 0.7806296690460951 0.5865952478322728 0.10753793489038785 0.09510804195088092 
2 0.4491304650055045 0.5912511005772019 0.07537257148429426 0.08661003205668034 
4 0.10904515826087645 0.5034972185996409 0.2180903165217529 0.26740015797722966 
