0 0.8438998020553135 0.6296981640356967 0.07028514607862818 0.2260676639500949 
0 0.5268000740157781 0.5747169385006456 0.015206270885178341 0.05026493164574213 
0 0.6966754970446755 0.57640589076285 0.0317501528044339 0.07889250918286507 
3 0.2961165489992188 0.5777135457589989 0.027180507714273043 0.03715408338876759 
0 0.7270825534270077 0.6090698111263758 0.05322239652409706 0.17376333753034134 
0 0.46900790435371537 0.6224419176242797 0.04637201434539683 0.16063717939392916 
3 0.21956269671217057 0.6041249042256828 0.07901396315377902 0.07674063073088987 
3 0.17821455659947064 0.5976494099360032 0.06641485965878477 0.06434360795561146 
3 0.3874073763762911 0.7131579217129351 0.26652547008050514 0.5256812636626419 
0 0.8106739560139454 0.6227035341201528 0.05612830406464227 0.20994541717231516 
0 0.7746392156591833 0.5941151982099879 0.04113862754655017 0.15359546640052177 
0 0.8455844813195963 0.5960186251225243 0.08327495836217252 0.2012907209016831 
