0 0.274768118719717 0.5390523749989741 0.02631039799743526 0.09380124329238565 
2 0.607057007655952 0.580869139225511 0.06926279661183557 0.07785118478609061 
2 0.4198955208851782 0.5578720278721004 0.06459956160387989 0.06543525817715805 
2 0.9469775832770446 0.6130810631153955 0.10604483344591074 0.11399673957277198 
2 0.5910749452782091 0.5562115895042328 0.07806093432202219 0.08071083396208463 
0 0.2752746276817546 0.5307904769125518 0.02642513155189384 0.08798415064370829 
3 0.9896037762996023 0.667844971696812 0.020792447400795597 0.2549776950091636 
0 0.1420997193583647 0.5315755580827203 0.04085758405649365 0.07416939030551203 
0 0.33933912688066725 0.517958081927188 0.030847020411816643 0.09755689847249925 
2 0.5985757434379331 0.5732220004777 0.06958699233936748 0.08469387318573461 
0 0.2863184731073401 0.5353177162254261 0.02692341010454051 0.09077300065474339 
0 0.3063576026016505 0.5265743173584344 0.025936019535084967 0.09396500245614586 
0 0.2502171537400643 0.5291588552456342 0.028586868226676786 0.08908923848185844 
0 0.21382952802419716 0.5317602330380674 0.02857658114203609 0.08687555314912067 
2 0.4155969493207903 0.5540499869450728 0.05450539861181859 0.07370227599789853 
2 0.6798810267082601 0.570875388746145 0.0815899540433393 0.07666260473021648 
2 0.4045015414438515 0.5808327480980271 0.0670063867922272 0.07513740426993518 
4 0.11741275989967352 0.49941345184246827 0.23482551979934704 0.24904528865241432 
