0 0.10296769179489276 0.6018834612477306 0.027146195284821248 0.056195298896897665 
8 0.38148303886901136 0.6090788866254607 0.03800045731974684 0.05166671948373733 
8 0.5358197421391192 0.5761565058031792 0.00874405779214321 0.01782852740508531 
0 0.5413944433215409 0.5703379053003538 0.009345118260187633 0.025681613249013 
0 0.896307758831399 0.550459751036385 0.03235770417297843 0.06591008303734586 
8 0.35668645795458703 0.6131335524120775 0.042143622043628426 0.056143056242827546 
5 0.6595649432750363 0.5422658013716521 0.07457877506553494 0.13456313523292995 
8 0.29146361660288067 0.6294413941547193 0.06393333028926765 0.06995715005123859 
8 0.4171215290986038 0.6003708426409935 0.027412407492945476 0.04292150103159669 
8 0.49009316555226934 0.5892296358882747 0.008981051230334245 0.01774541282199531 
8 0.46310753488506434 0.5905333289323882 0.021606555730157524 0.03329695975554765 
0 0.5411540788384396 0.5689341842365343 0.008565936349909294 0.025570920820980267 
8 0.1452784529141416 0.6575451072413441 0.10027117726439196 0.09493625766343952 
8 0.24383935824515107 0.6412936763550605 0.07455858570746202 0.08353453326385028 
8 0.16194954029217043 0.6600800879696578 0.035125278116873666 0.059690979189485155 
0 0.5879546415533988 0.5652956208437008 0.011040621367874693 0.025793897624352743 
8 0.4806582363437007 0.5861900787094744 0.016656266424958373 0.02895176527869656 
8 0.4025672884132743 0.6044016138448746 0.03264487988422737 0.04563869081566736 
8 0.4517861199070013 0.5936109661762515 0.024491933350524134 0.03604773138800927 
0 0.5532102327069024 0.5661024532783142 0.010800777177252101 0.030645993778430806 
0 0.2981354953679788 0.5733283541712416 0.0092629451868115 0.024483537979903706 
0 0.6195094458385987 0.5754754685558853 0.017240101453318744 0.055904087459271445 
8 0.6238051954904935 0.5840925385844581 0.012663089669064504 0.04039814143706925 
8 0.5304178982006481 0.5765520980859068 0.009179172252123067 0.01775245166373471 
8 0.2118679995533924 0.6431933628583023 0.07917421934061256 0.07948600058922377 
8 0.38361207356654753 0.6056872287249669 0.03454643714362959 0.04689063912418697 
0 0.5395722183902091 0.5676416757184142 0.009323593799434135 0.024936360936843836 
8 0.43806581042781584 0.5967638128803796 0.027934538202629398 0.03874004713406824 
8 0.1973232231390722 0.6541078591031599 0.032332960328055445 0.05936808354772463 
8 0.421937898208169 0.601421733957224 0.030645913654217836 0.042840912064855276 
8 0.3278357728855214 0.6209117817697887 0.04967285126442796 0.06148354298571626 
8 0.3323388420561236 0.6222084248628951 0.04468607473012732 0.0572211164244498 
8 0.4725765077727604 0.5892819750107159 0.01817568765942859 0.03155940899478992 
8 0.40316919480383984 0.6044964787481412 0.03239054861581181 0.04293981196892648 
8 0.10504831896999153 0.6690227916275252 0.030112374641884418 0.06734803320899699 
