0 0.7435179728325791 0.6207551175317637 0.061251565163812534 0.1895680716702036 
0 0.49897294233616324 0.5793171758726269 0.020001014653116087 0.0609388322568521 
3 0.16430910813448202 0.5891432130832858 0.05232445459019973 0.045804101613948156 
0 0.7403948262938452 0.5679710673806739 0.030114934411015783 0.06995148954204056 
0 0.655097231272585 0.6118310291064138 0.04495892220893161 0.15642174046625 
0 0.14210791668554668 0.647899297994011 0.07964159038216477 0.2398728235080475 
3 0.22193907062366272 0.5769368367064807 0.022840770568380117 0.02506833347348264 
3 0.3581274522733646 0.7013863434203385 0.2433935293689107 0.4845868601673482 
0 0.713993761409574 0.6158330217067185 0.04442745222900655 0.1800387632310756 
0 0.7001380231123493 0.5966333087660632 0.03567154645866083 0.1407359029256457 
0 0.7460798265465064 0.5977587970245888 0.04957374995689477 0.16806415304906372 
