3 0.7801122445281443 0.5382747502520135 0.08033446539870966 0.044711468632892395 
3 0.008799971699269538 0.7131243670673028 0.017599943398539077 0.39854393852177267 
3 0.2788182525084591 0.5347120550263025 0.08298769892546147 0.05498255500338221 
3 0.2168647506999065 0.6270573955292614 0.3199451819893941 0.2172677580656516 
3 0.04313651877545332 0.5900184198549052 0.08627303755090664 0.15902569540891762 
3 0.43504420651267667 0.5366741847901045 0.09306639050725317 0.06588590559360417 
5 0.3971570206355773 0.5152203063738416 0.06641385781346677 0.05846454548464786 
3 0.5990537193956702 0.5371625990822442 0.07213791683105882 0.044630900191522126 
3 0.24695899405152005 0.5414216754639279 0.07768769325034747 0.04788277950284124 
3 0.4488142666833933 0.5393428822551668 0.08291276363604005 0.04992016682119413 
3 0.8005113884237471 0.5503017216797346 0.08948194916411296 0.05341212749373647 
3 0.5781431951538155 0.5428531581073309 0.08203751684744305 0.04907589513913687 
3 0.4524052855057484 0.5795997697211324 0.161300624395126 0.10827160211654688 
5 0.9149423684645688 0.6199529583239396 0.17011526307086258 0.22678891952445554 
3 0.09181909717619176 0.5804260467899411 0.18363819435238352 0.12096874477932601 
3 0.569168025388999 0.5409214043374043 0.09086935439227758 0.05625759657259664 
3 0.8239768307169982 0.5551698997668842 0.11691192328430973 0.0723555827294293 
3 0.03351640701736722 0.5458442590280433 0.06703281403473443 0.0784859606889711 
3 0.3959866024447037 0.5454811825493004 0.09397854699864092 0.06329111700464814 
2 0.7271589261714408 0.5215240179686202 0.024031595585807253 0.02201506196396129 
3 0.8439515082196647 0.5756044330442247 0.1496359668638793 0.0737151629036455 
2 0.6431559666702045 0.5102446409001511 0.018330643049795085 0.020447749291223925 
3 0.5269699183845401 0.5548210543211272 0.10513660523078443 0.07389960074763027 
4 0.5641872716817293 0.5085717909875929 0.1099249855860493 0.05675509979368074 
3 0.17413563073949154 0.54658558788041 0.09495629532107676 0.05434445340611723 
3 0.558256791920865 0.5493878304000354 0.08064112452085595 0.05842262708297761 
