0 0.7280994328796732 0.6186861921434832 0.05818544587682894 0.18304475254304084 
0 0.5173679292324515 0.5869652568578161 0.022108022912732395 0.08480431087166083 
3 0.2338843299839907 0.572924266787124 0.01454598055332692 0.018011149108810652 
0 0.9376735384074839 0.557323032244923 0.04177484577526059 0.08582420062644694 
2 0.1551536100240703 0.5969537889521159 0.037922434134305336 0.0735873654692521 
0 0.643742152031619 0.6101910302286281 0.043512199611558416 0.1526063929592014 
0 0.10299263070910585 0.6476412399335757 0.08203717270007285 0.24685760249295186 
3 0.37119797888058914 0.7105937542203106 0.2606425937392584 0.5336483931720861 
2 0.8079610220237444 0.6044027972833389 0.0811012283926489 0.15349478153475085 
0 0.7088274754547811 0.6142934902408198 0.04347257175736232 0.17779428198327374 
0 0.6922080404124182 0.5953492042175458 0.03474692944615995 0.1382624849653616 
0 0.7425521508861934 0.5919727492203105 0.058644559964536 0.16625267938041524 
