0 0.6704125734634812 0.5504275847240551 0.008028300770531729 0.02924685589205309 
0 0.5668301743686176 0.5601433232367728 0.017341120455556195 0.05666779484349484 
8 0.433997992022842 0.5850095464006042 0.024997763904488865 0.040877136099175954 
0 0.7317302595119851 0.556645223562914 0.02589965830061942 0.06706734428800872 
0 0.6963114088327064 0.5568014028428033 0.016163663017844526 0.044136908224820165 
3 0.39754686157449587 0.5660661696452012 0.07656315817713626 0.08016738379870876 
8 0.9067011184683296 0.5337487614102877 0.03315338648518292 0.023634643368691793 
0 0.7773562285761423 0.555109745430865 0.022276384693050346 0.06389730270851904 
0 0.8131708179646604 0.5499503041887479 0.029669296358852366 0.07626178870406408 
0 0.4497866120901279 0.5656558972397631 0.02365583734347389 0.06694556499629957 
8 0.88318135279383 0.5352786379631368 0.03288617936553322 0.02257432204231615 
8 0.829602984592313 0.5400042925242687 0.029903677826365396 0.02204516729315363 
0 0.6572248046852935 0.5549209980690092 0.019209046054629367 0.05617741185166507 
8 0.4174632727827594 0.5871865305901038 0.024636380558914227 0.04973653103315586 
8 0.5000129372848136 0.6590718611138409 0.03320916858300457 0.0740913567936045 
8 0.8554870758790069 0.5370980004674667 0.029539704116483705 0.021399008365870536 
0 0.7057398256996487 0.5564092318641023 0.01580985451571408 0.05186304534611136 
8 0.48656195519773476 0.5766126575040796 0.03226790252677539 0.033911365163609604 
8 0.5430781602235912 0.6139318371259701 0.02034095968576651 0.04999888364765474 
8 0.8036680002522009 0.5450828679141474 0.03275365568018515 0.026436955959070158 
8 0.5596581083528135 0.5940356594136499 0.023880380225261393 0.05695766202565854 
8 0.38261351820444345 0.5952345250421096 0.014768815708012327 0.03253433733169408 
8 0.3686171544033243 0.5833483982546944 0.020438912882289984 0.01940139315500106 
8 0.776352734239143 0.5436502053316404 0.028852438844976548 0.021896900317232924 
3 0.6125123376322493 0.5562351130397226 0.017116002354215638 0.02693713399515313 
7 0.5294856812480526 0.5443487299354981 0.08454187235672762 0.132604980403728 
0 0.6376496232742525 0.5533046494800857 0.008685608329641782 0.029375589195613228 
0 0.34850549793517827 0.5694624190134457 0.01697588849146335 0.050264762762412575 
8 0.5778381143835273 0.5792539760351352 0.017664038468228824 0.03825342843975281 
5 0.1485158908867061 0.5394780683116186 0.2970317817734122 0.27216548975541077 
3 0.320994064939109 0.5809796844778667 0.07911047636610338 0.06478267400987571 
3 0.2810756534208597 0.5952030585845766 0.13120895421952608 0.08965270599919803 
8 0.3788012691383028 0.7742787664164213 0.07307171499140502 0.1692793195624069 
0 0.7767954234220128 0.5578108529908778 0.02593990499829758 0.06719179689666956 
8 0.5719406170533293 0.5841871817619635 0.02063609465417507 0.04638400681577271 
8 0.5667947771821942 0.5885359056707592 0.021827363831417656 0.05009878827535241 
8 0.7755622775315673 0.5470443319939235 0.030045878374565547 0.0271861589513841 
8 0.31588098086404975 0.6122455702614389 0.018680202702064507 0.04119417908814398 
0 0.4579722715177577 0.5698145329127206 0.018954771872459447 0.0716475929263341 
8 0.5786103783592995 0.5760770536741332 0.021394989390032253 0.03899562090287481 
8 0.5881333608498909 0.562107743443969 0.004316810986115272 0.010145933662205127 
