0 0.022153117181420857 0.6030470119740472 0.038721151218072875 0.0792474144256279 
2 0.6687178489167548 0.5544481332551703 0.028398659259586765 0.06157224278403678 
0 0.5461650410647936 0.5436464679157758 0.004712980601835355 0.015758075747260767 
3 0.44078874177838584 0.5889143815873121 0.07006815902245428 0.08688218993595177 
3 0.42818049271527914 0.5553161639225292 0.023264535111217555 0.026253569367746206 
3 0.5115016006477144 0.564907271305229 0.03389472753046278 0.05192298849032088 
3 0.4048100859188665 0.5636773409530909 0.031215302132919405 0.03588902183663202 
0 0.3832429691673329 0.5764957383464561 0.003561171434280439 0.02376957525323266 
3 0.1993193217625723 0.6271549865593367 0.23977101956874905 0.16292796566852544 
3 0.4756157611732452 0.5699447004553582 0.029881232451511225 0.04357795321991969 
0 0.3299105927953191 0.5651493536374624 0.004400995347286383 0.02808078596273611 
