0 0.8418154596448726 0.6292249422645284 0.07556167238686953 0.22435742632220984 
0 0.5294209765528574 0.5749517229456531 0.01605351145948525 0.051480868484086006 
0 0.7094578568247394 0.57366604847038 0.031173984031844668 0.07748775018942493 
0 0.726044106809754 0.6094417650208601 0.0530421702967476 0.17329227879220663 
0 0.44133392699679164 0.6243236277612206 0.04790212186187418 0.16604907394262922 
3 0.24428750291663937 0.5950697170107019 0.06089265432945396 0.06112119114523346 
3 0.20225676083484337 0.5908416379371353 0.05213097789926845 0.05448100591018431 
3 0.3875914253826306 0.713135901906836 0.26651604242252563 0.5257495032224827 
0 0.80838560301276 0.6216455353395605 0.05585366297124807 0.2090702129708624 
0 0.7751107035037532 0.5941170494539946 0.04099506115551165 0.155860404939281 
0 0.8441518769771894 0.5960189578431196 0.08287087498931413 0.19958268844943094 
