1 0.46056774936297756 0.6017892193505011 0.058761932882494816 0.030845604427478922 
5 0.06649151441672944 0.5771944727296767 0.1329830288334589 0.21422693909090854 
0 0.8471032161423548 0.6282209777972293 0.059275957168400596 0.11942051800237323 
0 0.9911332843582229 0.6734082362360443 0.017733431283554354 0.15223254511329035 
0 0.41640570777514596 0.5915042872497338 0.014600477010393789 0.045017894932371724 
0 0.8791429962591417 0.6226257431488244 0.07058947565361692 0.220315121346454 
0 0.6612279108133788 0.5931254976334756 0.025372555158945573 0.05790115288487464 
0 0.9280060950220252 0.6126056451932723 0.08124393231300743 0.23598339168690272 
0 0.7567557690659759 0.6005840557863548 0.016255327789901627 0.036664885999695494 
4 0.4693738628906657 0.5602020902048415 0.26257629077706346 0.2331277198587805 
