0 0.11895293888935753 0.5951482974157678 0.02044147331929036 0.06976525302518831 
0 0.3517205865220428 0.5673599639618883 0.01576024242710602 0.04819310337878385 
3 0.013169845752932625 0.598047416146641 0.02633969150586525 0.04692803326410955 
0 0.5924926694103713 0.5323289787353715 0.010584432122352397 0.0277399310597136 
1 0.09131028834885474 0.5908150913586577 0.03226118600774421 0.07556135530601282 
0 0.31241480309011826 0.5690442865401633 0.014173257232334358 0.054307517613908535 
0 0.11589638359106406 0.645489741801375 0.07987439674380399 0.20266039597381463 
8 0.7216353907323745 0.5413422982009534 0.024321986977275858 0.03004332584512478 
8 0.8769221865543767 0.5211199772896831 0.011528009862263815 0.016978221671296614 
0 0.1947914609959939 0.5838356703924273 0.021139301647581554 0.05487873074077527 
8 0.7067284477945356 0.5432980728619261 0.024525325847172326 0.030652304255188292 
0 0.06920572339112618 0.5930727257255465 0.027519414477745984 0.075197148122115 
5 0.9645013574617669 0.4981401934663462 0.07099728507646631 0.11041281522665113 
8 0.5431430201700096 0.5609713660087295 0.036598785394998855 0.035480123917437885 
8 0.6745909547749025 0.5477670616156182 0.02952103560323465 0.03244833177243082 
8 0.7855800622421056 0.5314479486564889 0.019436000622641246 0.02434546071017331 
8 0.5168807802178165 0.5639456849469897 0.0400808098403526 0.03589329382713281 
0 0.34841196267436575 0.5673008376375905 0.016134363862915464 0.05230067367048908 
0 0.2517428138246969 0.5781113281462966 0.01626001495852801 0.05234541984540739 
8 0.44922246063437626 0.5716031491605679 0.04493730218799321 0.04025667124330697 
8 0.6222256275303834 0.5542580161344678 0.03059564112938375 0.034103881846391015 
8 0.6558292310113424 0.549570273651048 0.029408946611972766 0.03495695032840495 
8 0.48706424423537137 0.5685308803081401 0.03968898121260267 0.03625727679757751 
0 0.3182562901309801 0.5703333332253914 0.016752210905976846 0.04924481506875269 
0 0.14951340481026829 0.5913711873569566 0.02803139186114631 0.062385799629777805 
8 0.6303716529115614 0.5570775333346174 0.012199426083107952 0.022695095727738007 
8 0.41250688459175705 0.5788906457236045 0.055955914608325656 0.053242274194407614 
8 0.3660561362134328 0.5826254909203827 0.0549458296538571 0.046610506131086644 
3 0.0004224228069114231 0.5980533864677187 0.0008448456138228462 0.05290057017361695 
8 0.8036503514464277 0.5281180877821899 0.01662165916891226 0.022478684304403296 
8 0.7357341902865281 0.539420156197529 0.022702414728046707 0.028061089732791387 
8 0.7749172443553067 0.5335378266136042 0.020837201827645514 0.025425471503783114 
0 0.2516088716000154 0.5775660994181968 0.016557302462309062 0.053426655073177724 
0 0.3241823960489593 0.5717065498422107 0.01589808007945578 0.04929115445513503 
0 0.14921244834155709 0.6292031380690931 0.06454873995222116 0.1973546424412584 
0 0.8623654481525557 0.5185102456303584 0.011892471701781631 0.02924335862939895 
0 0.03943178593184174 0.5946318649928105 0.02525690454827507 0.0738117646710748 
0 0.9271391902106026 0.5207366825748637 0.01708885925650378 0.04632850458615072 
8 0.9319230838148843 0.5268371117204278 0.014001125127656024 0.033638173917900645 
8 0.8707187196000229 0.5203335381373227 0.011845765603526388 0.016796458291003156 
8 0.6421429692787521 0.5509101372080377 0.02938598363644701 0.032421425646644166 
0 0.847610605423622 0.5238235535020657 0.011236812025922234 0.023277373789175614 
8 0.762949597690878 0.5347295876139062 0.02239617376331026 0.02619778701306984 
8 0.6415737009803922 0.554906438305234 0.011981544016716583 0.023828785589828955 
8 0.4414537001696547 0.58121220716346 0.013321991860288023 0.032785261387739094 
8 0.7500001843268393 0.538191312551111 0.022992322659366522 0.027670901229574458 
8 0.6914469664402779 0.5453810749454202 0.025996655615651464 0.03117746202682339 
8 0.7951881816336299 0.5340463511475209 0.017313728826991337 0.023871444941946277 
8 0.6126483581743026 0.5578545871351269 0.00934113580119991 0.02446933215385046 
0 0.16022859614655463 0.5830487032405515 0.012149963456956599 0.031886388323638354 
8 0.36571143512322196 0.5857938272382608 0.058839795126654625 0.059373214508829306 
8 0.337616299361403 0.5903009185435328 0.014374563073548216 0.03432372126683794 
