8 0.43727328840135754 0.5881822944224988 0.007562848411467016 0.02050192647142555 
8 0.4262475592918065 0.5881138015134424 0.018462136315796015 0.034351000820702846 
0 0.5049954611759038 0.5735992827764389 0.01578487002610288 0.04461697273837792 
5 0.7588053076012864 0.5408549518941042 0.16169657540086974 0.34815194370042135 
8 0.1994758364567153 0.6541823731229074 0.03031658081503341 0.06626594940316788 
0 0.06350755119523063 0.5736097127955999 0.017408319016361775 0.04344390409310803 
0 0.8417520361139407 0.43917414517474285 0.09725110954571378 0.2365520006077784 
0 0.5053991285323787 0.5757435857403488 0.014504948588014984 0.04436756110329788 
0 0.40340159874286785 0.5756984069539849 0.018194719380500785 0.048138173765584734 
8 0.11276138124794467 0.6690000483444178 0.1348868380838403 0.1364747398385762 
8 0.43231125484352434 0.591574323738533 0.007104347081373561 0.02094729087099659 
0 0.5402926808364616 0.569190958694627 0.018511047282154393 0.05372589939647772 
0 0.024953916727149448 0.5770735889310303 0.0205569341885994 0.04853789148949848 
0 0.9202369311912167 0.7411885871153994 0.15952613761756637 0.5176228257692012 
8 0.9228997498952972 0.8164719109407595 0.15420050020940565 0.367056178118481 
8 0.415914286865151 0.5892411344997961 0.019625522670559406 0.03424809060240351 
0 0.5093798304969357 0.5739887875160233 0.017347623608414436 0.04411348858397452 
8 0.05571079807351289 0.6766185448755596 0.11142159614702578 0.13430629372919964 
8 0.041781052432404125 0.6924980058794625 0.08356210486480825 0.16112536780137868 
