0 0.9210260469762535 0.6495918105488933 0.11294736548849685 0.28571332278908 
3 0.4511416554576193 0.6036284356920455 0.07450098944302468 0.10052772521019777 
0 0.7608084658081222 0.5877068258908636 0.05382064106320456 0.12677020518736318 
0 0.7443748459019708 0.6176404913009974 0.058565894527572486 0.1907946854264817 
0 0.6748915877162809 0.5906716047523499 0.03640363234371307 0.1285319938225725 
3 0.38759074508869457 0.7158702709187599 0.27132481429346494 0.5345110238865557 
3 0.2703556510820989 0.5823639176875135 0.031023227856795545 0.03446196335208836 
0 0.8176274264357676 0.623958355074159 0.055996299247791516 0.21275416948240755 
0 0.779973789018522 0.5905322899144353 0.041910284899886394 0.1532792454187949 
0 0.8927173485498037 0.5956744310056322 0.07341984927558101 0.21126263667538997 
3 0.023892110138134106 0.7264006484449465 0.04778422027626821 0.2518350213133283 
