3 0.3536727987295296 0.5635944899248835 0.03239509872589963 0.02678111923730796 
8 0.6479287750142614 0.5744829545865439 0.02885025508414202 0.025060598185078282 
3 0.3257134318000931 0.5733957931247634 0.06048460742065011 0.046268606791843025 
3 0.42926563860862177 0.5585945166153259 0.019408003479254105 0.02398110994140969 
3 0.40567941493831217 0.5613355939555404 0.023091745850453337 0.022279679486146873 
3 0.4497088538246938 0.5562959143122838 0.01636499205678156 0.01793293911645934 
3 0.3922373600238416 0.5665381484954779 0.03256554222910232 0.028159201925311537 
8 0.6212043296678178 0.572629533464239 0.013336004949848998 0.02183948316365811 
8 0.6484880579393311 0.573253373172531 0.029351768989870734 0.025481559332153424 
8 0.6122373160006035 0.5728522202878735 0.01230870954153353 0.02082811330827724 
4 0.3505212778538491 0.5420686318929783 0.04156410848492108 0.05925959092686677 
3 0.3277656732757768 0.568588441898588 0.04413244713182717 0.03525498190695247 
8 0.9886613503258264 0.6468202641870215 0.022677299348347193 0.10143149731960786 
8 0.6304299156299704 0.5723807493749826 0.014472241292980926 0.022938127204517843 
8 0.646808796927272 0.5741800839134289 0.0283963753613147 0.02467198944919662 
3 0.014793773869237106 0.6221648414279851 0.02958754773847421 0.12236073991699906 
3 0.4565848489685664 0.5573708590853291 0.013098832233657234 0.01683532398172847 
8 0.6070390601818392 0.572073966127436 0.00521786464351571 0.019906102331131464 
