0 0.8181150912503676 0.6240851738228498 0.0753813644800232 0.215141367717936 
0 0.5274231055351801 0.5767017928315377 0.016258583593865197 0.054997127841435386 
3 0.022692999506030383 0.6524738961550505 0.045385999012060765 0.1337425828535284 
0 0.7243186562134843 0.5691377485457723 0.03156223153260896 0.07220993616805925 
0 0.7090096068115794 0.611438304091719 0.050818774225096494 0.16842752845702694 
0 0.3382537496554731 0.6317926259970472 0.05711898145528821 0.1883803364079714 
3 0.2771718973915655 0.5814727394793958 0.03601782507787796 0.03757086460129794 
3 0.2363808290856514 0.581570505140895 0.03211205577933704 0.03670541204889307 
3 0.3815510617996402 0.7102195547440452 0.259568026066927 0.5123509523550015 
0 0.7843544444073056 0.6186846531177258 0.05278178471722214 0.20090618500392457 
0 0.7619491355618989 0.5950315132084423 0.041278153161439665 0.1532555810338469 
0 0.8207034505620743 0.5965514077587035 0.07730532182978891 0.19025317406321657 
