0 0.7094123653571432 0.5603565014910578 0.06258822846868654 0.13121488307222232 
3 0.04445434089419555 0.6778977002896535 0.0889086817883911 0.37897658202835893 
0 0.14963990357691045 0.5652618680504137 0.020270071258370558 0.0554809823257927 
1 0.7520392174827646 0.5415811838870226 0.026586289764245805 0.02446831658968083 
3 0.6308630961920162 0.5611178364037251 0.1558043065972798 0.12720271867196176 
0 0.24199667072619999 0.5548239381876211 0.013798448290634226 0.04636720572211889 
3 0.5157787966655547 0.5464598735552398 0.02578807987214013 0.03706786793599835 
0 0.0816456496455176 0.5748085570012427 0.02099463576077116 0.06595604395960089 
0 0.29253323991565927 0.5679049757112732 0.013207057690720135 0.045315378334222105 
4 0.47991780939069745 0.5213784501623481 0.042729377002868885 0.09054290200888697 
0 0.09677335017614869 0.5531394798004786 0.02158636191396221 0.05733881098227635 
3 0.48073057799189955 0.5496733976517396 0.02434352148323363 0.03592377630422865 
0 0.5592059379891062 0.5367568335382241 0.00847954773115056 0.0319079010824233 
0 0.033237618306238115 0.5934084549277789 0.027833695425370716 0.08674440731611564 
0 0.14389537007564243 0.5564249569769931 0.020407437358129225 0.05878058087928309 
0 0.6442332689073942 0.5315342938336688 0.011549673896179372 0.03116126064703691 
3 0.9809927765307234 0.5803049908690666 0.03801444693855345 0.06572796965391894 
0 0.19066026001456485 0.5572611497343314 0.012871815959832666 0.05025414069561824 
3 0.40233149571552423 0.5548764692504171 0.02532150801656556 0.032633948571450196 
0 0.11556645134131896 0.5756620400148512 0.02116766773847857 0.06638518332924295 
0 0.2541139524663901 0.5551428762441771 0.012427167742268423 0.04704631381720977 
0 0.22219159378022135 0.5587798430856425 0.012365706990750916 0.04268074158505783 
0 0.13985659294093325 0.5757391260468457 0.021162169746177763 0.06540713644856529 
0 0.11599032819158402 0.5485321715280598 0.02076755777376178 0.05646827454989319 
1 0.7615204380938744 0.5388071223645904 0.030140139028035407 0.031625538671750504 
3 0.5128867881949823 0.5452125026515688 0.023337178293504623 0.030159755575509546 
0 0.24004166872305072 0.5931199698218624 0.04316936724351617 0.09293248504521115 
0 0.2345094169422216 0.5567382525380467 0.012793632642696942 0.04550626011359434 
0 0.2770392886704214 0.5512340816453984 0.009045746027494559 0.04049617001088279 
0 0.28884160493571004 0.550436680787595 0.008848276595844418 0.03637635347513013 
0 0.10582954839077079 0.5700576968471368 0.03580652763865347 0.08455449517050453 
0 0.2986365363329779 0.5631615103405797 0.012887657470636036 0.04421066906795015 
0 0.21400215771542364 0.5616090029773041 0.015948197092494995 0.03932958446519971 
