0 0.5246844475360651 0.567325995381915 0.0321560081892261 0.1292375591191108 
0 0.5028560788046765 0.5616278005924061 0.028494794941119395 0.10275488054458802 
2 0.749818331581088 0.6088301909548512 0.11633385141465212 0.11529971077856702 
0 0.43949004258546626 0.5671154909420221 0.024679534749302335 0.06823969676087845 
1 0.01716753952287287 0.5917008954671701 0.03433507904574574 0.03740572927980806 
0 0.5364239478060049 0.5606792999925342 0.031767408601637896 0.11710417961003568 
0 0.4575883640686717 0.5554202412688681 0.02306921436607439 0.0883337923592312 
0 0.40429591365462264 0.5783688130836635 0.030725501009600722 0.07443672180448611 
0 0.6409983024777708 0.5634186720918718 0.05168286132032094 0.1695570624371357 
0 0.4464816171357751 0.5663032089150423 0.026852654308137432 0.10583638922042578 
0 0.5481826539233731 0.5660753234884098 0.03370130316103783 0.12445184357351807 
0 0.5789416890080954 0.5584427282612024 0.035227192971256614 0.1352579244461895 
0 0.46564520295946815 0.5703062427914593 0.027644287862963638 0.10096995654379068 
0 0.5075858571474541 0.5630111403019998 0.03168784677495097 0.11445578391188602 
0 0.3769829023298192 0.5664085831746096 0.024359569337370816 0.09981883251368041 
0 0.4758304738758172 0.5685946875798985 0.02956720265441952 0.10603494017779995 
2 0.7444637474982676 0.6144039929890565 0.10291687041661035 0.13638470123457566 
0 0.4047479646038524 0.5650925360992025 0.02514399412713111 0.10499785892535664 
2 0.7194781981466463 0.6285210527392903 0.12311112871230777 0.13977984261871312 
4 0.18236146528357045 0.5280303262493719 0.3528337502588024 0.25413447724092797 
