0 0.9792279185816236 0.6058705366297247 0.041544162836752746 0.22062023254145754 
0 0.8289566888381077 0.6205529328094875 0.052850512450413875 0.11877371707476843 
1 0.3872941668085839 0.6099950355509541 0.05903010025551929 0.030988833243072424 
5 0.028031009848029035 0.5943750096193476 0.05606201969605807 0.17838591852260915 
0 0.8586103098727285 0.5903303941682713 0.05198705615410873 0.15274177185388887 
0 0.7245016639949475 0.6190975264029476 0.0439748067975701 0.09921685575926631 
0 0.8257823754286602 0.5976067046390202 0.07436586700336151 0.19707832674826048 
0 0.8099857078660163 0.6540463596568654 0.0493294032070682 0.11307223546586165 
0 0.8614972574713192 0.6031382874097858 0.06482107534733515 0.19552397935285146 
0 0.3536847927208463 0.600118204824359 0.014484547258664477 0.04383003039498615 
0 0.8960997342325719 0.6093895890920815 0.07291708929435033 0.1982132355310098 
0 0.9923443246072549 0.6106079188680514 0.015311350785490277 0.2514438673199368 
0 0.7192963513158179 0.6055073060981976 0.04208125549308562 0.1590100996667305 
0 0.9310630928033585 0.609673821536688 0.08369102562799725 0.22110366367588968 
0 0.5765994688069094 0.5958502039640742 0.02237867766123969 0.05255754119377482 
0 0.7551856209317643 0.5967620435201254 0.04734517662819045 0.1695390424827583 
0 0.6584031002659189 0.6025505613364165 0.013561251305541191 0.032360566875030625 
4 0.4238019339007113 0.5638661765829865 0.2537415898368568 0.2362231570607588 
