0 0.6378870215118242 0.5550128307338976 0.008118042345011248 0.029420745371183443 
0 0.5350143111999448 0.5647476741142232 0.018138047401527614 0.05869533908411306 
2 0.8573185312774022 0.5542211035044176 0.050733860448968646 0.10016942263829971 
8 0.3965048013635355 0.5901325304445515 0.02689755310990826 0.04303905194052909 
0 0.6907107393739532 0.556904098259906 0.02541206499193095 0.06663192532831974 
0 0.6650256292955592 0.5576665695047291 0.016327628142180545 0.04468982638884711 
0 0.6204629156058082 0.5549969028535258 0.009897846396647267 0.03043501889187212 
3 0.35641813302357483 0.5749955351666229 0.08372236875417993 0.08618634595300699 
0 0.30932607172776766 0.5827209529822034 0.020357291950815117 0.050213390675748364 
8 0.8656631833011045 0.534035801418518 0.031287020158163585 0.023609830460956244 
0 0.7320357528834388 0.5560581216000717 0.02183064018259728 0.06364456095548834 
0 0.7837984110587691 0.5506749238474103 0.03000161964359222 0.07758208103773875 
0 0.4137096922076301 0.5709668563917142 0.026371166946583174 0.07088905569202583 
8 0.8435646166800828 0.5344257358166158 0.031199611938209842 0.022672109814389944 
8 0.7926162354030046 0.5400589525012667 0.028705298809270658 0.02223147205050534 
0 0.6263037490807893 0.5577031643632547 0.01970558833374035 0.05753812782720489 
8 0.3789202095131205 0.5946160419141675 0.03229890606019374 0.05039826188721286 
8 0.37751202698418307 0.5964904507499316 0.026296173095902448 0.05323928859439181 
8 0.46282685405400054 0.6770585008346428 0.037994069968114275 0.08483954735855023 
8 0.8180426543328045 0.5380846445010046 0.028217848181144235 0.02151656878179185 
0 0.6757530627248042 0.5578365988234311 0.017646473900070278 0.05344173443721944 
8 0.45176076669190524 0.5821316469957438 0.033944093169382794 0.0359038093782094 
8 0.5108466168618129 0.62281826483964 0.021992539772563192 0.0541571142703578 
8 0.7682507587594435 0.544783704281688 0.031654760768231115 0.02668115872844895 
8 0.5281770765450967 0.6012404775628382 0.02521597796205491 0.060660467025292694 
8 0.33852260100363835 0.6057832783490514 0.016421392998694415 0.03524755203125627 
8 0.3289521118987872 0.5915339553178149 0.021843253744056098 0.020684468702114978 
8 0.7418887770915552 0.5444558758853958 0.028037861989532332 0.022188705323886778 
3 0.5808149636265173 0.5588148946510334 0.01721161957966878 0.027435736795970594 
7 0.4958722529816022 0.5510281011513005 0.08936018091061051 0.14099171267758864 
0 0.6049240055986672 0.5555550026376422 0.008804598366974191 0.029659993585673432 
0 0.31318517315224415 0.5792407087390686 0.018526960064352557 0.05340084447158145 
8 0.5464759487663623 0.5836843101992609 0.018240444202657146 0.03982143561895946 
5 0.12222606959811229 0.5542618114777373 0.24445213919622458 0.2768457934776886 
3 0.2724160577720422 0.5904924618080228 0.08893987294523978 0.07096204148715105 
3 0.22168324944673856 0.6093141281997586 0.15390262388601667 0.10223961753548079 
8 0.2984333575297892 0.8527136034576338 0.1025394231336585 0.231079647960877 
0 0.7303261866827867 0.5567413162598216 0.025526295084412853 0.06709766540477523 
8 0.540418850617204 0.5899912997703237 0.021513634329120138 0.0487627977850278 
0 0.5086881932155051 0.5680782587810628 0.015652782303282677 0.05635493330910524 
8 0.3088150479935248 0.5875419909633052 0.024090721956304434 0.022490749211081542 
8 0.5352732335804383 0.5940798264869843 0.02288936866980528 0.05290859524300749 
8 0.7412405105396179 0.547620942077312 0.029257781394874484 0.027490927726551793 
8 0.543121896195783 0.5871782753237316 0.017854407092071797 0.04496075269413249 
8 0.26213225581605526 0.6266482715073945 0.02154212216665009 0.04573264999192563 
0 0.4216163475861365 0.5778414146468703 0.02041535445158182 0.07599334966131645 
8 0.5469030843394654 0.5807954224976128 0.022207920965115306 0.04045273590078548 
8 0.12848689229127666 0.6597722064727087 0.02576162797385738 0.06258324439732924 
8 0.5516462233821027 0.560883250892495 0.003692974230274402 0.009631899954193272 
8 0.5557507098461631 0.5657965903525978 0.004362487835560671 0.01027373712986572 
