3 0.6310558841528094 0.5645288240919089 0.09449809155912903 0.056090120217301094 
2 0.5264716964712568 0.5446000155021125 0.027466506764293755 0.028788265443513726 
3 0.06729730028289285 0.5855670139809173 0.1345946005657857 0.14268590092736208 
3 0.6071308948429139 0.5582113184778223 0.06398682045570162 0.039124709653870264 
5 0.06485661970828349 0.54207398802529 0.12971323941656698 0.09724215499833078 
3 0.387161403545649 0.5689842036712283 0.11476191695976447 0.06831440198558197 
3 0.08890861893437474 0.5889513578568647 0.17781723786874948 0.09850129570344185 
2 0.5269215927040711 0.5455488062413114 0.022333530981673917 0.027643171619973574 
3 0.6762226254009509 0.5767387682539005 0.11796014705764925 0.0735211048496873 
3 0.34711540183570244 0.5864540169015082 0.14792704149250996 0.08351448706024074 
3 0.31932895148918433 0.5981620213377614 0.17884133753236106 0.10439569337680521 
3 0.7413233678328058 0.5886341453170957 0.17556510114733967 0.11602601081633591 
3 0.007303910438787364 0.6040179440259515 0.014607820877574729 0.1370131968586493 
3 0.6134842540234453 0.5625870921366474 0.06477316549635838 0.04414942087741679 
2 0.5565750632995136 0.5446230893384179 0.025983451196655096 0.025678787471758002 
3 0.7971847813765564 0.6148205853947244 0.2526064558927409 0.12161712104755597 
2 0.4621776630784953 0.5399632917601469 0.02208157379386087 0.025266745084699095 
3 0.14972169196485285 0.6440576065520565 0.2994433839297057 0.19860105844196696 
3 0.2702548402982839 0.5654085323062432 0.0924116230809075 0.05572218582022092 
4 0.35659769788038703 0.5310512356578363 0.15116122828310974 0.0742081870724015 
3 0.27744683863595265 0.6047589534901274 0.18003174248053502 0.11814354357581787 
