3 0.9996129175563891 0.5534848679745271 0.0007741648872219287 0.02428592187442411 
3 0.3431713297563557 0.6003333549892526 0.21390618922749194 0.20699807420347907 
3 0.5073567474939512 0.5070202271430642 0.062198840992203235 0.04578758706558795 
3 0.5026749379436622 0.5676369590427892 0.18176340736929747 0.13664830738573552 
3 0.09368296966201035 0.536087002141971 0.1359859906586399 0.12657536850273524 
3 0.3604892318412006 0.5310085095149687 0.10877033616721281 0.0954529794593413 
3 0.0944071150471143 0.5146514716991314 0.1718663027212377 0.08561844685223718 
3 0.6390800150736307 0.5128825374262223 0.08492864622074223 0.06023221736961899 
5 0.6030724734934605 0.49200568596841815 0.05988382407669576 0.054196400769745565 
3 0.8121511385510456 0.5241765675238608 0.08626253095662534 0.04875400197280953 
3 0.4845593667734201 0.5113278449784435 0.05565382380995452 0.03888325387761382 
3 0.7836169599369486 0.5252151745031893 0.09299298911064995 0.05155058046213652 
3 0.6543233702189764 0.5505181004694966 0.13567405075338812 0.09184422203841987 
3 0.2665517250849285 0.5015256593065357 0.0636739804815237 0.05881235420458968 
3 0.28685312719073536 0.5368373657679044 0.10880101934239057 0.10179599825180226 
3 0.40517635819024655 0.5295249072641932 0.11047349310058152 0.07790826681752112 
3 0.7721788249674643 0.5258546068017182 0.10062284683900614 0.05830559548885333 
3 0.14733993103880863 0.5223320577633537 0.0698228818017323 0.07557010102373833 
3 0.6045753592929457 0.5205536588607352 0.08014870064345431 0.05638987586316179 
2 0.9879232830619765 0.50658760173209 0.02415343387604693 0.02673651132427229 
3 0.7243957902850431 0.5345004654892904 0.10479086501644332 0.07052406149018743 
4 0.7782098227730601 0.4904407403207162 0.1300460515057486 0.061997858257711994 
3 0.437536031566635 0.5142017751969452 0.06162060859503292 0.041551997898899976 
3 0.7578381645130554 0.5335738041247415 0.08667704530678365 0.05892144565439038 
