3 0.441688445607073 0.5523936037563736 0.04400883434365618 0.048615999153881956 
3 0.3346533007057733 0.5712685384941405 0.06859169301511302 0.06899239680102065 
3 0.5158243487648654 0.5491622102989253 0.029298412004028336 0.0501043752192062 
3 0.22874221311628817 0.5897349727165806 0.10987409441900774 0.07313450175365215 
3 0.1270008983474534 0.5910429594829583 0.18836730488722597 0.1573476816418226 
0 0.22975143078628912 0.5342026241894516 0.014727834374523319 0.04107578041319603 
4 0.5010864731932319 0.5156650595825565 0.026450681705156 0.04926886962478174 
3 0.37449759064143723 0.5670703257885342 0.04367844846881674 0.04615804537430557 
3 0.2537815153676698 0.5905501436484603 0.10685754694585053 0.10160700559560092 
3 0.5614518088769475 0.5414472678205821 0.04244074666351949 0.028790469249471217 
0 0.3308020808938855 0.5419841553866128 0.009174668946158135 0.026819925088834996 
0 0.6373265369359215 0.5402191529288121 0.012625383681126081 0.04817593216773812 
0 0.7962214613617488 0.5708482625724877 0.05385277717422042 0.18088479921035364 
2 0.4109392511089459 0.5645947547940615 0.015330035550460863 0.04413661604241137 
3 0.39709234248909736 0.5584756781920266 0.037833792271186016 0.038348742538830784 
3 0.3612825571342704 0.5462000843164753 0.05495403377614856 0.0731442297924153 
3 0.01894290083067388 0.6103592395565715 0.03788580166134776 0.09949151938218462 
3 0.10812530790444372 0.6164881682552427 0.21625061580888744 0.1608187481863444 
