8 0.6191179434473024 0.569740128786016 0.023832316733254828 0.02088117264861378 
8 0.8001391372698308 0.607585019557643 0.05033739255731717 0.06346219131078897 
3 0.3734412262098138 0.5652338208470181 0.03824927432060669 0.03288194997225964 
3 0.43481911594050465 0.5560002250444731 0.01580382341149061 0.020380892433011076 
3 0.4485326420696664 0.5552937311999705 0.014149474232497851 0.015828297556276613 
8 0.8453337180259048 0.6167054114217424 0.09179962619768105 0.06836254352726036 
3 0.4112016503226056 0.5612352144668926 0.024485713531883776 0.02267165584357896 
8 0.6191332011345179 0.5673771208788583 0.024169844464869996 0.021158745753869224 
4 0.3573091761544356 0.5416075108746883 0.035603597355332965 0.05372066959029231 
3 0.3660960698616995 0.5616695168115706 0.02999119767330079 0.026565158173627437 
8 0.7911377695438366 0.6018555717449532 0.06153067547890572 0.055565260601012925 
8 0.6051526045220773 0.5682357852514023 0.011509916691461798 0.01922284797106948 
3 0.224935035960692 0.5877893289039848 0.10354934674156752 0.0706365922819371 
3 0.14846538613016363 0.594029013531892 0.11470359822885237 0.07704369562436018 
