0 0.2086473957472552 0.5776611513679358 0.02193267434633796 0.06006076388767358 
0 0.4805507946660596 0.5452391111802785 0.011685185113768313 0.03058548399733948 
0 0.15362728247740798 0.5846552639630205 0.019180680912671787 0.06999559121104104 
8 0.6240908602062166 0.5577360930869268 0.023535128708924873 0.03155918059713707 
8 0.755392957513622 0.5394367143414879 0.0093415090580406 0.015966898244659484 
0 0.7417817988486977 0.5356111024197802 0.01012885389393702 0.022993137979498025 
8 0.609918372045239 0.5596316706110681 0.024112184098246347 0.03259280451751453 
5 0.8465426545808906 0.5131848299009715 0.05808586356483943 0.10696700227318419 
8 0.43140531024912376 0.5793502583283362 0.04457095481547249 0.0429735613036532 
8 0.578273168201977 0.5639686871833046 0.03030333927618443 0.035357309569767494 
8 0.6818747272483348 0.5492598873887089 0.017460471094922953 0.02441722926899931 
8 0.39556137497913363 0.5807564189053274 0.05117815624509518 0.04473976350571187 
0 0.2032914563461959 0.5833755548180174 0.021631658801950095 0.06562396531243564 
0 0.0509698828843306 0.5998459578246925 0.027133193621541013 0.07072276809277456 
8 0.3056247024017545 0.5919107813669926 0.06343680299692561 0.05356274242711669 
8 0.5228421255843504 0.568769863036861 0.03333865431222762 0.03849347823469556 
8 0.5591225859429746 0.5668521321811505 0.030867246297602905 0.038742854126507686 
8 0.3530971852088694 0.5861543021242704 0.05351965708014674 0.04684687825224614 
0 0.16282444053544118 0.5857738011486816 0.02311031631296638 0.06258844800047358 
8 0.5311205557499905 0.5733500157176045 0.013379614518245476 0.025639975451455382 
8 0.2501620854312242 0.6005779027075638 0.08480724760827162 0.07405674972288144 
8 0.1743593603104184 0.606217483124476 0.08966059141710293 0.06771440590617633 
8 0.6971136264539212 0.5454813402664237 0.014498090804208488 0.02224991551883098 
8 0.6372932530818401 0.5575310650796016 0.02160303952128565 0.029213850144947616 
8 0.672599301116944 0.5495950442811248 0.01899345162315484 0.02564938796169852 
0 0.055896742749410845 0.5951727539875646 0.027164795194781294 0.07165588214294562 
0 0.16880646931991108 0.5866543753118917 0.021842131298855563 0.06281636948195449 
0 0.7523445415102457 0.534474779801991 0.009800807884146537 0.027862611067536198 
0 0.8125456877399725 0.5396355073679978 0.015130814845403365 0.04500073301832427 
8 0.8165425544225556 0.5472648030430013 0.011450652592584874 0.03258855358108267 
8 0.7500417371505341 0.5387216329149326 0.009667942653796757 0.015813668540826786 
8 0.5441947385154857 0.5672890073663494 0.031204080045336226 0.036051850837618214 
8 0.6246935542128356 0.5561596375413285 0.022170779217832504 0.02968262507549481 
0 0.7379202191775858 0.5362989967281379 0.009269607674911385 0.022297408346613312 
8 0.6620667892926986 0.5525745192905056 0.020693137835120723 0.02669971204686615 
8 0.5424585257904107 0.5725413555739479 0.012948593777419859 0.02673980654458262 
8 0.29120391310279425 0.6028699683826304 0.018553442197594094 0.0440196886219927 
8 0.6503558714278554 0.5541105916866177 0.021545769242744088 0.028443576893547956 
8 0.5951774348552116 0.5614327264394895 0.026095080133604186 0.033514738572178925 
8 0.6899487556202462 0.5472753717429912 0.015288536177162514 0.023703579994759517 
8 0.5125513128138729 0.5751272829638019 0.010294452775944478 0.027838948014026466 
8 0.1696243912457596 0.6131262520354656 0.09719935399446333 0.08755708790703806 
8 0.11901841792276024 0.6199401164063324 0.022989954269252592 0.05086269146446019 
