3 0.4301070497855848 0.561927746992962 0.02191308075831664 0.025472913956352334 
2 0.8072004399148079 0.5600008261446102 0.07463837656933507 0.12055384052058635 
0 0.5530642684810679 0.547443204787064 0.005258735885278156 0.017614960576942798 
3 0.3959370973926788 0.5689437863117645 0.03012591533382853 0.029120732581171118 
3 0.4557395034894995 0.5857961734874181 0.057377490434617186 0.0749925258755315 
3 0.38063257287947677 0.5759332252875843 0.048540242229388963 0.044734754400083655 
3 0.5152297890307161 0.5655643362727621 0.0322448087421786 0.04928463239073115 
3 0.2575523763226214 0.5927341877681324 0.10715620911130123 0.08614358053188337 
0 0.36479263400631645 0.5791358190444503 0.004107127442343455 0.027463270109277953 
3 0.48461744319173405 0.567945591544491 0.027076053815838393 0.03899100310900982 
0 0.2903560360441829 0.5683516648933318 0.005544840698971854 0.034129616609580596 
