5 0.3442499406551916 0.5719481138736087 0.04646194069509775 0.046260382318093006 
0 0.5855322610585195 0.5631723380927991 0.010710896872449282 0.03396277608036845 
3 0.4787828687139899 0.5720985794704776 0.034274729883678676 0.04576936804653144 
0 0.6251709946327741 0.569297320911815 0.017601038536059193 0.05249303735647415 
4 0.3444680319007978 0.5513086628164677 0.044746519136376006 0.07730088860734857 
3 0.5222809302778343 0.5619071616009734 0.028624883051299576 0.04369697505596074 
3 0.41984591599469584 0.5647435919909989 0.017357899346406996 0.020806343471995017 
0 0.09185417905655216 0.6072799376365275 0.015605558423067158 0.0745882927359489 
3 0.26876476738549565 0.5862256505419856 0.04008583134009516 0.043044409048580784 
3 0.39550696500617344 0.5653476076212145 0.014249543327038055 0.02079987284665429 
3 0.49325873568776557 0.5616086912897325 0.01629206580316442 0.024797415782568225 
0 0.5997891218589588 0.5609379341627387 0.01422184260289079 0.0441190499157728 
0 0.6102631963569611 0.5633489935423509 0.01409564454307251 0.04296374138643886 
