8 0.08313089078394129 0.655381009097332 0.13549475582137815 0.1288554305729234 
8 0.47041720103807577 0.5723342331008034 0.01106155187659013 0.022334071474142042 
0 0.4989920867111674 0.5635340392375409 0.01029378283419767 0.031591666301604024 
0 0.9700508179978505 0.5606200536897653 0.04747275483760021 0.08878364998774284 
8 0.024368643853068913 0.6721248432486567 0.048737287706137826 0.1355581846752625 
8 0.05232789458723988 0.660645966682285 0.10465578917447976 0.12244753767856247 
5 0.6721347903807139 0.5309854007907446 0.1544404462611319 0.239609593585006 
8 0.24337221145232563 0.6201810337515634 0.06318804698171146 0.07951802054875404 
8 0.3975565825351519 0.5925125656588335 0.013043446487165298 0.026279817050907216 
8 0.34294634032050414 0.5990310011136964 0.040971603069341715 0.05494568290351493 
0 0.6353869700123345 0.5097090471803766 0.028341603139298288 0.07137199306224065 
0 0.4947386543568476 0.5628967209062861 0.009836608851001785 0.03133001373749601 
0 0.4869818303767094 0.5651913038558186 0.011510302007489771 0.0321510007735178 
8 0.3809122849058023 0.590777874166563 0.02850452509942869 0.04430911154761159 
8 0.17061866201421563 0.637219422113955 0.09569312430661606 0.10036105867361382 
8 0.3162372811317921 0.6051371635490719 0.0497653688626178 0.06245980305193598 
0 0.5189083641511052 0.5608014650320433 0.013013803838800228 0.037477406768411214 
0 0.1784143670222711 0.5590810930309096 0.012616411745256073 0.03222958946315455 
0 0.6005331954335273 0.5872233819791436 0.027199619619191113 0.09269637073649284 
8 0.6067475421362498 0.5985764477839137 0.021517027503685497 0.06635214212829472 
8 0.46352408743826284 0.5731125264039986 0.011702043453171313 0.02225799481163575 
8 0.12983774589808567 0.6424610339769818 0.10364822223601645 0.10381995764541899 
0 0.500311735929364 0.5637916202260203 0.012060462312804106 0.030759137907247377 
8 0.28099112414267674 0.6116862773025903 0.06239141635680614 0.07130194223699732 
8 0.2344953121064741 0.6242448981164567 0.07707722728004779 0.08538083194127706 
8 0.3638707514704322 0.5947164171487979 0.032705104371642264 0.04995551748317161 
8 0.19799684880985116 0.6262828894447412 0.08362468556336242 0.08553813404505844 
