8 0.19354382299415895 0.6266218109166631 0.08730629656878097 0.093747891948731 
8 0.4786340671750298 0.5702704656292551 0.010232334187804141 0.020855131233812725 
0 0.4999580018330759 0.5623564474587809 0.00940886088780232 0.029821683754229552 
0 0.9308949413283523 0.5614185061481137 0.041018539076370784 0.08025433600775658 
8 0.11846703223027484 0.6446307286352421 0.11437570859727426 0.11336688904410885 
8 0.15197966472237945 0.631054330938806 0.09904258871494154 0.09079404401182602 
5 0.6533587122005658 0.5330478426781824 0.12263756190559619 0.19818798138399657 
8 0.2926553528543341 0.607422676780396 0.04854432598512364 0.06548982085029126 
8 0.41562462825479757 0.5872834988545017 0.011670680711717908 0.023423021447885047 
8 0.3713846536337597 0.5911572600995106 0.03356138088459886 0.047005410633703316 
0 0.49734138996498317 0.5622535357583729 0.008934356382900646 0.02958455318964152 
0 0.5021355322636002 0.5628893296720185 0.010761253741448443 0.030143508875035852 
8 0.40142875193142785 0.5843872029803926 0.024114631831617217 0.03887230495066534 
8 0.24793804777169448 0.6176612924774195 0.0669126075316277 0.07720966035087587 
8 0.35087015775375824 0.5957454280551241 0.03983149427907918 0.05251754221358296 
0 0.5175571515442348 0.5597825933985427 0.012283927625543712 0.03535867767851503 
0 0.19978433274362986 0.5565727781791772 0.011700745585132602 0.030096632157397937 
0 0.5941018655474414 0.5811080263849815 0.023174631286853896 0.07930980111773162 
8 0.5996218507821112 0.5913235234016404 0.017974888778792605 0.056825490874360424 
8 0.47216915738643594 0.5706733980981901 0.01081570427008181 0.02076739464148621 
8 0.2155549670566439 0.6202873548690906 0.07207421262711564 0.07962989053390554 
0 0.5008407170691812 0.5625067650987036 0.01115432977149311 0.02896626900558071 
8 0.32459504022376245 0.6003863046785293 0.048322927176142554 0.05862258309060368 
8 0.2913320880877546 0.6093332529071211 0.05715163833864313 0.06819382921684754 
8 0.04651354470219344 0.6622661704036872 0.09302708940438688 0.1325653890954498 
8 0.06609563090497882 0.6553632486108177 0.12697742990356503 0.11723318416789805 
8 0.38780457447022537 0.5879271015876162 0.027223993933092175 0.04336552213447943 
8 0.26129488093742886 0.6115330974331122 0.06165182744818079 0.06835048568965224 
