0 0.614185292396881 0.5815781377554738 0.025454626603873935 0.0998873990228492 
0 0.651325753028365 0.5654049343439731 0.016986557971628857 0.06264038809274489 
1 0.7663285738759619 0.5660279558294172 0.03357673921998526 0.03255812985780968 
3 0.8844515468084506 0.6200388749601808 0.23109690638309857 0.27009621550891577 
0 0.05377434665997522 0.556174362538548 0.026788660565964816 0.07553802971001625 
3 0.4383449330356499 0.5619459067112154 0.03609607781465002 0.05156509147767514 
0 0.6220200665442126 0.5700382154843741 0.021760890363754514 0.0680964506813011 
0 0.10649276556407429 0.5762614812189182 0.026433651484141 0.07525867878747748 
0 0.6376005060334159 0.5802050136363669 0.019951313245977077 0.0848929643121329 
4 0.39464623218272 0.5233428386464692 0.0495265502860665 0.12344117816101553 
3 0.3894195197425891 0.5628964727603442 0.03678401493275601 0.050300631463096324 
0 0.5093028342908957 0.5630730702903373 0.011266721835684876 0.04408823914131315 
0 0.012119177458156424 0.5489901780575167 0.02423835491631285 0.07422907444117445 
0 0.5920407036470238 0.5474615943036967 0.012916243979870857 0.03638927088957953 
3 0.22202623152966922 0.5761538784733222 0.05908342252499544 0.06918303589791758 
0 0.0380964509321108 0.5528153390234587 0.026034179753262957 0.080640294453552 
0 0.7055503079280575 0.5552787566664231 0.013834056675594439 0.06145118573513672 
1 0.7799090858893684 0.5634976352663524 0.03779664408463972 0.04256069589814969 
0 0.5623703727413206 0.569237303889706 0.014726152882307986 0.0775005324014204 
3 0.4425539489020986 0.5551578929903533 0.028272356648190708 0.038883014822238555 
0 0.008633346508664623 0.5425246964010222 0.017266693017329245 0.0753331599571162 
0 0.06614072876010417 0.5555494467712889 0.018952602637737764 0.06584456277877115 
0 0.0908491059600227 0.5512942690942738 0.016733939104547863 0.05863577498573755 
0 0.12146357346835586 0.572358307223355 0.02432917574846039 0.07262645411920042 
