3 0.6332151129440658 0.5636053939668256 0.07948973634160225 0.047292829583815574 
3 0.0018238901628314756 0.5783361427899952 0.0036477803256629512 0.08078952478647479 
3 0.18759561887815898 0.5740304083017013 0.15862106391659325 0.09689255823312193 
3 0.6159987757973575 0.5582527646475418 0.0556310880292655 0.034089182429638765 
5 0.16606956594607933 0.5452990297803376 0.10419405706460033 0.07881145617165443 
3 0.4338358133340013 0.562753064490471 0.08940841723728177 0.05400116960949946 
3 0.21940921673874664 0.5803530953658843 0.1335981564537984 0.07065261123041681 
3 0.6630150534243441 0.5706998926422138 0.09208300960970582 0.05775624939916535 
3 0.40923136932868504 0.5780284722122366 0.10820250445894061 0.062454754702303224 
3 0.15256464638764722 0.6744622539999854 0.30512929277529444 0.23310381161224275 
5 0.9182610336263122 0.6574377686585463 0.16347793274737585 0.430354605658582 
3 0.3945419606620004 0.5816037076513602 0.12475041314072449 0.07440768191930375 
3 0.7002132013039036 0.5774025871167116 0.12570781297144806 0.08353586135499351 
3 0.11185553771939105 0.5937927318802281 0.17963065722293906 0.1022274294740968 
3 0.6207866112840296 0.5606710685589092 0.055839153215293535 0.03805144858297271 
2 0.5730615765267386 0.5472202085173816 0.02338055029840028 0.023097591378413097 
3 0.7291243205817056 0.5992877931014937 0.16668242539704353 0.08285321904584994 
2 0.48826579366425316 0.5405938983035301 0.019549027561400437 0.022525396513953903 
3 0.31762288428022134 0.602904387600701 0.17360183514660577 0.11226197954720457 
3 0.33432705358203296 0.5638083488873717 0.07262699796322146 0.045659410066343754 
4 0.39704341923161596 0.5356578389210678 0.13018702700050327 0.06529057020307978 
3 0.3747643519948724 0.5882868414122878 0.11652902718265672 0.07983958974821216 
