0 0.55301928507045 0.5601677262241486 0.009842326436863403 0.035996967480730294 
0 0.6229574838505473 0.5492769775768777 0.009550285480165286 0.03277531682303258 
3 0.48727950928137764 0.557350136211367 0.018304073505250644 0.02617143788305428 
1 0.53919404694707 0.560369502809876 0.01538701550892732 0.03795418375561427 
0 0.4090322982643728 0.5794311469413688 0.030327516390500266 0.0985321614217729 
2 0.4252176612586222 0.5686976825916902 0.013812322923913883 0.03340323544755462 
8 0.14077370635498224 0.626457240544447 0.07472055289617252 0.08540356394143865 
0 0.5237695422152231 0.5701303108009732 0.026982256491731322 0.0900297065400742 
0 0.5975099593403211 0.564312105026603 0.02239788619599736 0.06261289418943054 
0 0.5327777426792277 0.560172946324682 0.012024922203340935 0.03742568970764214 
3 0.0803548104488668 0.6044854606461768 0.1607096208977336 0.17618149257727345 
0 0.1557033898819551 0.6013072026508433 0.03915851666363031 0.08504076736996473 
8 0.8173204253331897 0.5329865882840513 0.03425539302241319 0.02783637723470962 
0 0.5582268831447567 0.5666098056465442 0.027273884050287335 0.08449717285467828 
8 0.9749251174424459 0.5144015861749359 0.03997603798366839 0.032036135759819645 
0 0.8364014412647035 0.5549670841369748 0.057034658556545284 0.1388033506946331 
8 0.20182544431159194 0.6131961019071224 0.0732325827998702 0.07631279867992273 
0 0.1490734068036867 0.6099144576766066 0.05480456385446338 0.15336857780468077 
8 0.7941423236371355 0.5345723001957838 0.03474865479874637 0.026951382772448747 
7 0.11324028295908609 0.5919000091129195 0.07038517369420796 0.05402458473054537 
8 0.4423227062637393 0.5702824080529831 0.0045398304625913965 0.011942755864706984 
0 0.622680515907122 0.5479473981482524 0.010228206156682873 0.03530440002548908 
0 0.5733655162820227 0.5541664404311168 0.012559899242355215 0.03405713261689426 
8 0.7381068949531906 0.5412925618351895 0.032858478319100326 0.026995344456239346 
8 0.9061629650038008 0.521721047480822 0.03627715792606722 0.030783266653320235 
0 0.5493384769404195 0.5671389908776554 0.03057736691879903 0.09008574185088175 
8 0.9470303870241691 0.5181149688224869 0.03772072743676134 0.033060653368052736 
8 0.07449310838387511 0.6516827919391969 0.10465430570564122 0.11198496608253877 
8 0.025577235204831857 0.6582822448067852 0.05115447040966371 0.12560332904585128 
8 0.7644325155319918 0.5381398411324082 0.031847808740623124 0.025869869570987716 
5 0.044929361271892745 0.6021290607343891 0.08985872254378549 0.07661652599108411 
0 0.7297859675027203 0.5627709410733313 0.04205946071920181 0.09734974830129582 
8 0.9134366475077892 0.5224557844826765 0.013033237085171977 0.019983160127282216 
8 0.2680192603742339 0.6039758774868389 0.06145051973616411 0.062309970839461486 
8 0.162699232037496 0.8674589071443694 0.1367608951006407 0.26508218571126146 
0 0.08859468544617587 0.5963876773370054 0.040097482616509694 0.08531421073462456 
8 0.7117341151855814 0.5466492583014968 0.03690821694243539 0.03299962092567442 
8 0.33535455113267204 0.6929240242075654 0.09218730039433147 0.18022462379737955 
8 0.13066272698571044 0.6076702299869812 0.035293193213425965 0.03015489349398788 
8 0.681356768812465 0.5486011350718131 0.033107394378289 0.027582059042832344 
3 0.48394996797396195 0.5630953277825337 0.020644160714124667 0.03326958773646987 
7 0.28851508017974015 0.5565159901624319 0.234470066183433 0.33038708523626886 
3 0.4281539329504307 0.5696649765306397 0.02130410078614922 0.026619373746748984 
0 0.17555413636936387 0.5941022757978887 0.031919176049846086 0.08084229787304871 
0 0.02136482736807679 0.6142050280583693 0.04193102291512963 0.08538258292201426 
0 0.606468789531194 0.5515438783123836 0.011455000893366858 0.03308655724558403 
0 0.6005987833668144 0.5603487834560744 0.02233869067000235 0.0658946818819539 
0 0.513874845858457 0.5603252056652592 0.01069257091178848 0.036409832225186595 
0 0.16617399015747253 0.5949348710503659 0.03454067819351165 0.08874004112865053 
0 0.18844098888834118 0.5923570230626518 0.01981842680178584 0.046832638815638906 
8 0.9329629737965118 0.5190440536925586 0.03693936615966635 0.030502616202733243 
8 0.9266079870086386 0.5242070089074571 0.01348407221714183 0.02135043249381403 
8 0.7287142510242479 0.5477696280380331 0.009167761932256156 0.02100200282977129 
8 0.9915230613148457 0.5110680522730995 0.016953877370308703 0.029812644525804267 
8 0.4207928311147471 0.6126230316828967 0.03580908454497859 0.07263265541133554 
0 0.5584533749599533 0.566981755899633 0.032925743773069414 0.09043853813532779 
8 0.39541332490906145 0.6359940082716491 0.0520783575043626 0.10532393764393318 
0 0.36421432504351303 0.5813037982965363 0.025490631882728394 0.0938866858751892 
8 0.8935240037968427 0.5237020024601633 0.010017538224793582 0.021119447372998996 
8 0.09911527330410853 0.6054882812781973 0.039702021452476054 0.03307630581675552 
8 0.37332317044794666 0.6565797179544888 0.06565680742053907 0.13074208071003163 
8 0.6814470506619305 0.5506906249352855 0.03487260513410135 0.034367033574533 
8 0.40909652037532823 0.6237765587823167 0.03933215414976821 0.08839048848400226 
0 0.14888361231789765 0.6168937167066628 0.05954326886754247 0.16485286938626909 
8 0.3830488503507988 0.5994420719086139 0.055534660554469185 0.06264476616908755 
8 0.4253535282843345 0.6079940271200923 0.03395279832184677 0.06822340773850682 
8 0.6632731877974204 0.553435963107396 0.00823360288495536 0.019354189655638454 
8 0.45506912146599177 0.5689579614492292 0.005158049325053611 0.012018195321479842 
