3 0.03643104667526599 0.6129974513757187 0.07286209335053198 0.13908945588688254 
3 0.7795999235669328 0.594011133374741 0.22081988024943527 0.12215832108238285 
3 0.3694272639365923 0.5917829804639885 0.14745189594602942 0.08362765004062554 
2 0.5516733824244068 0.5597009278383744 0.031856639730681736 0.036675778635044856 
2 0.5458716337206501 0.5499741968045384 0.03998491951027489 0.04190636139076155 
3 0.6881301720933309 0.579249543422635 0.11794429292844719 0.06935174553339847 
3 0.16840573056811156 0.6530339740836028 0.3368114611362231 0.21535666483662674 
2 0.5443270631256207 0.552796003723187 0.03327674946397188 0.0411063904444972 
3 0.9438898220239699 0.6973015742573044 0.11222035595206023 0.31208654316291873 
3 0.035269783552185935 0.7686166244218614 0.07053956710437187 0.4142830322089853 
3 0.7363433392562686 0.5863296236727701 0.15310772870653297 0.08757286804361393 
2 0.45238953546559907 0.5390486403069102 0.027306441447234847 0.037586425928050046 
3 0.7092477206308859 0.5827054803669459 0.12645659423455682 0.08206556536938908 
2 0.5891724741008308 0.5504657889334882 0.03874556796384589 0.03800354074662734 
2 0.451609631094602 0.5522411567241136 0.03280035844482761 0.037406623339170754 
3 0.06486593647383956 0.600611319869755 0.12973187294767913 0.11890634243275056 
4 0.2892133586341235 0.5276518688715294 0.23237182995785544 0.11465345286467109 
3 0.2934146542539073 0.6053179914838398 0.21051697266020925 0.12661166033207477 
3 0.2570999776161629 0.6314849427327021 0.25453738868888115 0.14091910979486955 
