8 0.992836006249136 0.6252822769775676 0.014327987501727932 0.09546750457225142 
3 0.2540521466454056 0.5815927591935013 0.1006651650540108 0.08238284347543773 
3 0.10931021122179439 0.5953280086391992 0.16766408625812051 0.09208816727041855 
3 0.395990555134202 0.5606718088661216 0.04130854216492672 0.03861935230747633 
8 0.5735701773035171 0.5645892299186394 0.006848130792233321 0.012297864381926867 
8 0.858492442073528 0.6055867702129184 0.0728701706972194 0.0717005626217815 
8 0.8039179133075888 0.6017756030433716 0.05655636927872635 0.06187694625638313 
4 0.25936119578333305 0.5352877818952027 0.09639964736159008 0.1018127929934377 
3 0.28162367937909116 0.5726625442275611 0.05823319693687171 0.04306481912757603 
3 0.4531406482500684 0.5528826949749992 0.01899547915735816 0.021519873596601163 
8 0.9296470516921318 0.6125442452507126 0.09749242504643463 0.08533024062550945 
8 0.9817129243883084 0.621987579320329 0.03657415122338335 0.09170220730265163 
8 0.7533027209432512 0.5905289544428883 0.027324900767951164 0.05269784055770136 
3 0.42948826669840257 0.555409962693719 0.026772618234430254 0.030879894364689575 
8 0.77006756181509 0.5959297655655432 0.02974444594466803 0.05419285405067569 
