3 0.03580317938941894 0.5800411367505196 0.07160635877883788 0.04496742309112834 
0 0.6274326983752514 0.5696786248150554 0.016947646234165177 0.05313113256044965 
0 0.642094421300792 0.5812081251754988 0.022072555756925995 0.06563044435181786 
3 0.47016402592722695 0.5715638979401485 0.026115883745101487 0.03770486810253784 
0 0.9471369605238948 0.6600132118366537 0.10572607895221055 0.22051782628563438 
4 0.11196052526946951 0.5303799628630749 0.20650757557873228 0.21892133075957526 
3 0.5119554215030868 0.5684873282498165 0.02802748314580086 0.04252912218277667 
3 0.1942142913534407 0.5992059081729603 0.11308234800869478 0.07745274375831306 
3 0.279924959453801 0.5829264167447765 0.05433816543441207 0.04893630241439123 
3 0.4779827620275984 0.5622815826562156 0.01325601210830591 0.020874570314447977 
0 0.7239011537052612 0.604795460514617 0.04387615353025495 0.11674294231596706 
0 0.7601240888201557 0.5979145919103176 0.0448220827825979 0.11324498136900427 
