3 0.0014669619240810245 0.6128626022340268 0.002933923848162049 0.15614080260101484 
3 0.3304184923401863 0.5689623670555315 0.07123426131071703 0.05907376919139798 
8 0.5799788711458754 0.5601512981702159 0.007618148497988173 0.014172205348946629 
3 0.5017482791354142 0.5418309144681569 0.009200325884917718 0.0126758552681879 
8 0.9960522954517167 0.6204657890329427 0.007895409096566653 0.0982676099976652 
4 0.19859778116705065 0.532237818607928 0.13803119576442202 0.12927938741508865 
3 0.13061040570057195 0.5906562743307658 0.12385076686001392 0.07436488112511193 
3 0.4342528471316502 0.5524565828147796 0.02457062700649445 0.026733587986552974 
8 0.928388042368085 0.6071000404627337 0.0832653966982916 0.09654357263173287 
3 0.3991717733651713 0.5571612724133767 0.0382128274807301 0.041233490588693494 
8 0.9585496832895968 0.6168552742695068 0.08290063342080657 0.10121136202959798 
