0 0.7345622592930032 0.6186514753050436 0.05876321962845026 0.18278827541521778 
0 0.5256788514405996 0.5893337865383639 0.029217846119205148 0.097533648959742 
2 0.22649848200688955 0.578312630554937 0.01617715072938836 0.03631247856440451 
0 0.6433015052745001 0.6102656620576382 0.04343768023488842 0.15243325838085328 
0 0.10101962941483422 0.6460442970512227 0.08239914809897243 0.24698567854293438 
3 0.37119971914967187 0.7105499764542734 0.2606436252665259 0.53364923361829 
2 0.5760731994502346 0.5868707370425168 0.03267957994511072 0.0869694298971877 
0 0.7088359543126543 0.6144109079519449 0.043456072488231995 0.17779593217670217 
0 0.6930833601268745 0.5954011128294249 0.03453113884581569 0.1373705715002744 
0 0.7378173022241475 0.5924165306081378 0.06147365249618957 0.17505674958750053 
