0 0.7339164726265679 0.6187995712435815 0.0592362800193014 0.18460422704235094 
0 0.5092581098120827 0.5805873118843644 0.01987620990765862 0.0675233807495916 
3 0.20763204603103633 0.5802702234254905 0.02960118454929191 0.028557326082752753 
0 0.7901172810537044 0.5641842671659105 0.03136568716603762 0.07411738572824415 
0 0.6450159153652091 0.6101696271771908 0.04361857010615978 0.15285211469760263 
0 0.10017141675590928 0.6495866265938164 0.08277554629483819 0.24781977457184667 
3 0.23113141903692203 0.5717469829764981 0.015829142886383957 0.020155188126455212 
3 0.3719975104563209 0.7103212101814737 0.2600832277865287 0.5325346494377362 
0 0.7068010239959471 0.6142202106763787 0.04335037815639609 0.17728911037910008 
0 0.6923375128913563 0.5953144248529287 0.034771383852716296 0.1383183674009119 
0 0.7337615343874916 0.5970530595309683 0.0630315704292363 0.1693129588970628 
