3 0.4669617714246347 0.5504884059160781 0.028097448837799206 0.0321354236110995 
3 0.41587129284216334 0.5628711511494523 0.029585525715680135 0.03747580561657401 
0 0.9895420376996774 0.644524550025152 0.020915924600645328 0.3366415865788217 
3 0.5165069193499735 0.5529969292062195 0.022253161668963985 0.0409790444423105 
3 0.27513521402976837 0.5983525360709536 0.10756825973867579 0.09247320248552203 
3 0.34971848514214793 0.5647854453974697 0.05197730821633101 0.06422217064507714 
4 0.5046444187911443 0.5267642112446461 0.02198828675758115 0.039424208378922826 
3 0.4294789531727401 0.5598705098941611 0.022345091386711004 0.02786689993741258 
3 0.39653438404232916 0.5669249579728649 0.03405962547018142 0.04474864653184656 
0 0.5957273965082015 0.5460219373293209 0.007611183643667801 0.03054701534154074 
0 0.5917171471184361 0.5840825019921413 0.025891492255301785 0.07932731291520491 
3 0.08684616796982306 0.6303084702404117 0.17369233593964611 0.13251089803542263 
0 0.6009254393236907 0.5581370955306779 0.01210199368199561 0.05000240744061235 
3 0.43803908941053166 0.5544989095008246 0.021741445137609717 0.02496219812147394 
3 0.41460411359472416 0.5449504919533278 0.03066618704519115 0.047059937595002516 
3 0.2800113112012235 0.5806189683386282 0.060898673017196966 0.049078709287175316 
0 0.6714320967215968 0.5566432929629251 0.025562288301135255 0.08405537182656689 
3 0.373902595810287 0.5694837647039227 0.044768668514391624 0.05131031495065227 
