0 0.5138565291830449 0.5631100443402947 0.010628991849939026 0.038616793324182164 
0 0.5993900993394072 0.5543678590482046 0.009903672470106813 0.034557621900140514 
3 0.44374048114737974 0.5636131935691773 0.019661410213147903 0.028019728330738694 
1 0.49924191973919835 0.5681282762596005 0.016609959830415022 0.0408625509473355 
0 0.5733331629559919 0.5573223795555997 0.01067696574889247 0.03771846833858768 
0 0.33905300898480917 0.5968130318268835 0.038362571132207215 0.12260245968732218 
2 0.376703867745118 0.5789740482348321 0.015450272929586504 0.03611906150614914 
8 0.01239371948630333 0.6550683852605089 0.02478743897260666 0.0967454294175151 
0 0.44369095358707084 0.584333192035547 0.03353619610209435 0.10644005902616382 
0 0.5647934473291756 0.5753186607155236 0.025238571817590625 0.07069600695478717 
8 0.998072339054056 0.5125801473594593 0.0038553218918880817 0.029312410312640067 
8 0.9858707517527185 0.5103831196612356 0.028258496494563162 0.03200681650731244 
0 0.4923717537305647 0.568344504759192 0.013010224585598848 0.04029167254166054 
3 0.001927344162631807 0.6252588984023808 0.003854688325263614 0.1400686267896084 
0 0.058280014672117283 0.620986412233316 0.05327658702884966 0.10669164286012618 
8 0.7879950165498097 0.5375464989715397 0.03442362488169664 0.029191118410069015 
0 0.48776917086255 0.5817347016067966 0.030655922823615143 0.09721461612994314 
8 0.9405215088979917 0.5187386796882261 0.03854281522550991 0.032650734478452 
0 0.8679617618654669 0.559520328235034 0.0728325780013499 0.17389436359862254 
8 0.06173205264232074 0.6454038805611382 0.10895225952447714 0.10338883612143428 
8 0.7650554149377286 0.5397333372660101 0.03520056078600263 0.02839557515074167 
7 0.025007268515569572 0.607860094851603 0.050014537031139145 0.05916404512392053 
8 0.39570696895602925 0.5810026325633981 0.005005092096705752 0.012884839325128294 
0 0.5989051826126106 0.5550864895899488 0.010542359962486075 0.03722517044133124 
0 0.544017661509102 0.5630974390036767 0.013170841405769452 0.03570808645693685 
8 0.708737995488501 0.5466911350665614 0.03382906978808819 0.02875933368493861 
8 0.8745112178151101 0.5270734103313361 0.03548385110322485 0.0317083872572297 
0 0.5109257615773144 0.5751485477172257 0.03632606109412621 0.10694161173283886 
8 0.9141939648858405 0.5211968892861004 0.03661798684504987 0.03387556091201999 
8 0.7370435843097729 0.5423596038783076 0.03253892636839069 0.02740111142493131 
0 0.7825587732220964 0.572599087732052 0.053974400876336974 0.1239034556551063 
8 0.8818274877504907 0.5249105971455669 0.013101853351080025 0.020534111023781255 
8 0.15893993527121597 0.6293100333587472 0.08308843458374066 0.0811188550553426 
0 0.0022099073145402065 0.6121139535451422 0.004419814629080413 0.09915364698272874 
8 0.6816527551660861 0.5527610673821844 0.03837598891131279 0.0354462321427017 
8 0.12248848766430297 0.8236355029894846 0.24497697532860593 0.3527289940210306 
8 0.023297667561102138 0.6278610749191577 0.04498204006511694 0.036215789897141554 
8 0.6502749701322579 0.5539407631395386 0.0346812678785053 0.029749799381398816 
3 0.4403049504092637 0.573501506396096 0.02236899702140782 0.035904971913900185 
7 0.16072296405636888 0.5711512744032217 0.32144592811273776 0.5215400929950265 
3 0.38113288962378133 0.5800351925211311 0.02367833886048281 0.029153575126285 
0 0.09518045429570186 0.608073538502189 0.041941090845535066 0.09871612151017296 
0 0.5396060667057262 0.562358676049843 0.01312421444207544 0.03660818785891479 
0 0.5821680579877071 0.5554613944627935 0.011736887597767663 0.03480369263188512 
0 0.5677083031065175 0.5676065638622542 0.025210030148093525 0.07393716235639475 
0 0.4727419057520297 0.5689767619483407 0.011605080946689342 0.03919811832041439 
0 0.07531677815586722 0.6110818900887466 0.04629209147511478 0.10965197846646327 
0 0.09589783307480453 0.605663291451502 0.025314831457795676 0.054293404350630174 
8 0.89994934359538 0.5222059606005635 0.035880206750170916 0.03127986336764473 
8 0.8948642414154594 0.5268768718112092 0.013453168509529547 0.021889600312072162 
8 0.6996740981422954 0.5534632644552607 0.009684392209331776 0.0222948668236279 
8 0.9656341243678163 0.5139423892293363 0.035785762568040835 0.032292506720701414 
8 0.3489851311225381 0.6399583843349398 0.05125542967428594 0.0959997228799768 
0 0.4870015034262059 0.5844486702756626 0.036505771774585936 0.103544462337723 
8 0.29756566460802286 0.6851337852911517 0.08796936033166926 0.15842474781305238 
0 0.28272391487687876 0.5965656442487054 0.03239929381815678 0.11703193096440019 
8 0.8624666810287375 0.5299052524964849 0.010059587712072755 0.021681374964412296 
8 0.004541407321327776 0.6241040277749313 0.009082814642655552 0.034807138910601526 
8 0.24238261407299896 0.7288379361570851 0.13083085629941546 0.2211987580627758 
8 0.6505912937069229 0.557215854381526 0.03666164775965811 0.03709599808770652 
8 0.32768407377515196 0.6578937516833062 0.06107641753188091 0.12266362689813504 
3 0.3658401555952401 0.5814465877876005 0.02851188825660195 0.032348359246250374 
8 0.3105439438510365 0.6194833709421603 0.07134933382350653 0.07856713143960986 
8 0.3598644609654377 0.6279217151692638 0.03993368770036504 0.08559802767658627 
8 0.4204293723615433 0.5831167664802352 0.005143931518369982 0.01576396441335141 
8 0.6324462289074957 0.5600913259236332 0.008832222980461425 0.02076492629776308 
8 0.410347341536318 0.5807293408148128 0.005599037435896577 0.012860280094888973 
