0 0.8479699702750111 0.6268131520319578 0.07294013566124932 0.22842629084811153 
0 0.5231286482428406 0.5741865905124 0.013584693186639641 0.047979988474854296 
0 0.6708529407940332 0.5818353834930571 0.030836931710662725 0.08256751933070657 
3 0.279272365624314 0.5828394334882331 0.037531527722898944 0.04862809524599407 
0 0.7289257068299265 0.6079595791451177 0.05357756150165983 0.17468248086751223 
0 0.5219701823331679 0.6192088296165006 0.044320901045973145 0.1522203525531399 
3 0.08940473825780375 0.6519787104820651 0.1788094765156075 0.16905818178619939 
3 0.09578672027275299 0.6192307535624068 0.12048966651657857 0.09864268238706093 
3 0.3867248235011023 0.7131961256995317 0.26660685608775514 0.5256317823694662 
0 0.8104922629094263 0.6228344354378401 0.05865157253150329 0.21002283825958765 
0 0.7731119964124648 0.5919570919662706 0.04103798569964639 0.15123771482193407 
0 0.8526119531831904 0.5952504204367506 0.06291080629378058 0.2025341778663102 
