8 0.46184496445785683 0.5738989192218655 0.012249441250646101 0.024385606068509497 
0 0.4990469868586786 0.5634173673105455 0.011483081744834535 0.03396184479705817 
5 0.7102019734631602 0.5192137835249213 0.2162429618350938 0.3176881242441353 
8 0.15971083807189587 0.6448620027901795 0.09350967749325172 0.10614893547679685 
8 0.37343624671427905 0.5989365333991166 0.015117099295038301 0.030611061847316327 
8 0.2999474595748467 0.6105385652504609 0.05444102473329579 0.06835976554976494 
0 0.6520550667741287 0.5007784573148629 0.03398931881404316 0.08532574836957343 
8 0.21904021460185388 0.6237060555406156 0.07466970478384412 0.0784162993566718 
0 0.4960494272812073 0.5638802830653921 0.010724030793646833 0.03368452023643607 
0 0.47126715621808024 0.5623032556775899 0.01275112363948125 0.034873153223188576 
8 0.35245268638542476 0.5967891293980969 0.03592459092283278 0.052677630269536674 
8 0.0490119899761937 0.676382288237796 0.0980239799523874 0.14285596593302557 
8 0.26102542347010343 0.6198787039347606 0.068806390431795 0.08003637534089775 
0 0.5218623476730497 0.5603494134350838 0.014042850716715237 0.04033664855300982 
0 0.15155877648125135 0.5655836822806473 0.013685406550634518 0.035045642434843295 
0 0.6147439305478759 0.5949333122980816 0.034193745957610135 0.11552208837664744 
8 0.6220534141314634 0.6081931765372466 0.02783324933044973 0.08253082002081284 
8 0.4543771700185626 0.5747973872658865 0.012968594961831528 0.024310525858756163 
8 0.0238416575570844 0.6739341427342268 0.0476833151141688 0.12903473141012997 
0 0.5009257632057471 0.5637710478450699 0.013257458294067917 0.03317746551280316 
8 0.20687047001517073 0.632571810914958 0.09143422158299387 0.09539834351935547 
8 0.12979535977390136 0.6528488129603361 0.12257837634535428 0.12054216508489629 
8 0.2634204655680528 0.6151879947335508 0.05377957100788461 0.06691896061323784 
8 0.3293603748847447 0.6040585108199821 0.04228246499633258 0.06066602926669665 
8 0.08134348785138233 0.6569691110293446 0.1339269176423554 0.12109283561922375 
