8 0.3814230619341541 0.5960839700568393 0.011984336253287112 0.03100073981302368 
3 0.409290990878078 0.5757489497744326 0.04407028289405915 0.04224306482385853 
8 0.34836009087602804 0.6072142610686746 0.03810315162418405 0.06025061526659089 
0 0.5229612916215375 0.5764171043828618 0.0214315231323598 0.06731030393259245 
4 0.46369249270160295 0.5475307491066427 0.02629063848387027 0.04772649485472414 
0 0.528244190422805 0.5745874718860144 0.02062040299626517 0.06610487245583922 
0 0.2195826791645923 0.6020320140075713 0.037980146371056414 0.08242465222758685 
8 0.36285547090943043 0.6085293729132936 0.012600784281924363 0.0346326403563171 
0 0.5879341116077699 0.5720294962924736 0.029557455210668878 0.08291326858067546 
0 0.06965098694378542 0.5684866955062048 0.020134533917596845 0.04222743005893884 
8 0.3311336788773102 0.6090878510833181 0.04071992402456843 0.06011118683354034 
0 0.5338634243069134 0.5796198222999571 0.02642382592239116 0.0677146513028217 
