3 0.2258955295454753 0.5715131907529346 0.0782544791408482 0.05008441531345069 
8 0.7356522979929369 0.5766490644537768 0.04767306084017022 0.04005724390738622 
3 0.3978708549174769 0.5615533745184048 0.033127186958547765 0.0366841354883783 
3 0.3553191699202489 0.5658114951946812 0.04252076232328747 0.03551387046035517 
3 0.44017413669075384 0.5530370846016536 0.023332920826486046 0.02440783823366505 
3 0.2930192181948204 0.5788069874491788 0.07883752403856552 0.05571905214671624 
8 0.6838438585245603 0.5728957753017776 0.023727946326653468 0.033120099331206854 
8 0.7383416472299816 0.5774872295290161 0.04902328215844861 0.04117358158513153 
8 0.6671309523417136 0.5727710365204555 0.021003857722958513 0.030843818440123665 
4 0.32245287144292806 0.5410407587499583 0.05923488064501495 0.07458965218390183 
3 0.38191023913160366 0.5625979014113612 0.027005258245762748 0.025242437039335326 
3 0.06848537108465545 0.6047732070007833 0.1369707421693109 0.09776669223494694 
8 0.7021235319142707 0.5730405146397644 0.026974287132749596 0.03572022682844963 
8 0.7317496392182531 0.5759385720171318 0.04644088526853267 0.039066178260604954 
8 0.648634895809827 0.5685052749393461 0.008822597244253388 0.028479605789017468 
3 0.4534269698358601 0.5520133467815882 0.017539428673006584 0.021763139093435167 
8 0.6569781434658398 0.571218092336233 0.009446493292890353 0.028905593713668874 
