8 0.44902283478573846 0.5816357069035133 0.006813590813457893 0.01853346695501778 
8 0.4404666495514087 0.5800398673964062 0.015838985879640076 0.030281231956753724 
0 0.5020482506859889 0.566078021502236 0.014431019489194412 0.04043868572719835 
5 0.8181367495274898 0.5 0.3637265009450204 1.0 
8 0.2873351531121933 0.6236657103184532 0.022753674765751342 0.04764169388327913 
8 0.08865242000125743 0.6704661192169531 0.14803795153812238 0.14278049870329837 
0 0.11449140399584018 0.5684637451734998 0.015686673570009652 0.039720240396944745 
0 0.7320187714376907 0.4712287095548421 0.05943378205305095 0.1484235341005115 
0 0.5013961860976861 0.5684387877320868 0.013042107051988907 0.040165251402429096 
0 0.4296057487514663 0.5685489729406078 0.015857057180280947 0.042712254131665 
8 0.24087591554902318 0.6308673802011736 0.07432004708073169 0.08992387002347187 
8 0.02799519993315195 0.6910125545789088 0.0559903998663039 0.15406770946943968 
8 0.44549298055124864 0.583692797968783 0.006281425481342282 0.0186274323787979 
0 0.5324208789742871 0.5626035518282061 0.016762842322774744 0.04837696361561143 
0 0.07635833654846425 0.572247155518483 0.017186779732185978 0.04306359660969494 
0 0.7072420807179498 0.6475514293472078 0.07582486898686469 0.25247558720824387 
8 0.7202739681978025 0.6758983473962331 0.07032936438655113 0.17836931489747473 
8 0.4313102903947093 0.5811232728572082 0.016809492352885726 0.030194153983944844 
0 0.5056651828917768 0.567313227380775 0.015744372664478805 0.0397821953685698 
8 0.048731228278503916 0.6774892446999401 0.09746245655700783 0.1348313568608631 
8 0.18069179466121832 0.6458473785407765 0.0984544908260059 0.11189725129559974 
