0 0.75042243816053 0.5672210932085336 0.07959947742737469 0.16818038297586757 
0 0.10459727515616325 0.5678878481287729 0.02347020678413138 0.06168811498010162 
1 0.760114808419854 0.5435583181324777 0.028360648483574665 0.026279947303359565 
3 0.6703983092145882 0.5641856827169809 0.18125973592026895 0.14651691333297354 
0 0.21454937112999115 0.5560607960688476 0.015436247581560281 0.05107456491635572 
3 0.5060398611896089 0.5499561494503491 0.02758715006870524 0.03988390042042422 
0 0.011681069060949898 0.5826522516180221 0.023362138121899797 0.07763027055862355 
0 0.2667146509735918 0.5710527139303856 0.014643937902644524 0.0500736097314908 
4 0.4686508237030448 0.5217405562929793 0.04476704142218502 0.09656397789766036 
0 0.042148542979750986 0.538058594938013 0.025165384988294775 0.06307037832182182 
3 0.46716071432733797 0.5521305494491303 0.026277442432001197 0.038691493674913695 
0 0.5519447543594008 0.5402229137315625 0.009072998256676712 0.03423290079818893 
0 0.09686670850391149 0.5562709022574328 0.024042300183448495 0.065642418166552 
0 0.6384127051589563 0.5326332980329503 0.011982855659646035 0.03240989550896428 
0 0.1444816523735816 0.5591905671252935 0.015009224362998418 0.0568558830203807 
3 0.3778067119682884 0.5599513772065584 0.03131727556893452 0.03732229773642637 
0 0.05993617181146711 0.5807620928549252 0.02402245563602808 0.07508243994239011 
0 0.22435867508848084 0.5604156858327004 0.014086921428089028 0.05191932768721055 
0 0.18570702911529985 0.5581184861449533 0.014172534617605308 0.047147650124051727 
0 0.0715335729810209 0.5808825391457553 0.024899354424694434 0.07634402462176815 
0 0.05870802210067269 0.5552816182881919 0.024524018562504094 0.0627597939237123 
1 0.7704876749201861 0.5404162953773026 0.03212870106151357 0.033991311605660525 
3 0.5025485962007648 0.5472148491790638 0.024410564849620828 0.03199558842751129 
0 0.17605736217919918 0.6069638527811398 0.05579644204741785 0.1165807005463009 
0 0.20212429155617506 0.5565625083815002 0.014328477490955081 0.05008441920213462 
0 0.2482843009111991 0.5522029258864298 0.009924524964562807 0.04436596284147577 
0 0.2596323192402546 0.5528320616644513 0.010310239351885216 0.039901553251677595 
0 0.042921045136405135 0.5815104348906872 0.04370714974935957 0.09701499276670739 
0 0.2726913688805078 0.5669969809033343 0.014143334270763681 0.04877799121412946 
0 0.17525328401569812 0.5642098727576739 0.0181981278318694 0.04300352613377761 
