0 0.3129427009490548 0.5807605179370843 0.014376570191816037 0.052203770514766275 
0 0.4613542745407665 0.5607275012182034 0.012437081845900764 0.04139625017099244 
3 0.220308810196269 0.5866101964087135 0.03085360234134079 0.03739118522854205 
0 0.7014004337907817 0.524486583897317 0.010924132416244561 0.026989649390641957 
1 0.29195268899723603 0.5794790324877512 0.02272653126525011 0.055920019375554755 
0 0.4294843200355571 0.5660011936905277 0.011435895703138145 0.04563081835121453 
2 0.11132006896653379 0.5908216846789289 0.02833522274540238 0.05117326833688777 
0 0.3704881716367887 0.6005069247123636 0.041977949191971224 0.11824151219167081 
8 0.8276981023854331 0.5296310539151015 0.02739758674551112 0.030474737828758976 
0 0.34939105079308846 0.5740672501450579 0.015788623456014506 0.04570075140270717 
8 0.8104788029957192 0.5329360808703092 0.027229704083455743 0.03076366924934954 
3 0.008334901433799072 0.6057046029260745 0.016669802867598144 0.043667176656316545 
0 0.2811398599817584 0.5810681422827241 0.018330537087499224 0.05527129304240848 
8 0.6421448380036057 0.551553779876204 0.034045045908299654 0.032099902525331646 
0 0.024315922682936714 0.6424130958527269 0.04863184536587343 0.2229163554735755 
8 0.7744572993655011 0.5388856590718406 0.031473665682719344 0.031873555284693614 
8 0.9054765982564534 0.5188642158071763 0.023610806749160815 0.02591119509107279 
8 0.6189398518723491 0.5543813429275224 0.0361594348498474 0.031897808005192395 
8 0.1427585353610398 0.6046804945412502 0.00856009395143671 0.01813351957047328 
0 0.4603045723545442 0.5611694445423128 0.012716045445641769 0.04482827988568753 
0 0.3858492001100738 0.5750147989225136 0.014653246406950728 0.04319893325362652 
8 0.5591996173929199 0.5616531501480867 0.03781395043910834 0.034173931986033114 
8 0.7196424680282999 0.5433135352235664 0.031057997753236605 0.03243280555165711 
0 0.2211690207914205 0.6294703698973665 0.08426236175059397 0.25978420824424114 
8 0.7540997843754758 0.5410857176337712 0.030773178175429478 0.03384667365994441 
8 0.5914512828972902 0.5577121938479523 0.03475464944333844 0.031582775196246755 
0 0.4349151173256305 0.5652209089724511 0.013754786636136345 0.04189580089258603 
0 0.3169858307301805 0.5815853581087913 0.019862682586144553 0.04939769390427058 
8 0.727512729389978 0.5483215057805259 0.012168771876978469 0.021383692618092344 
8 0.17023190676003644 0.602834593251181 0.007336645180711052 0.0174286911206309 
8 0.5302831001846268 0.5690985774026303 0.04498676273750626 0.04378563712933322 
8 0.4932360320574647 0.5702387208128498 0.042458344269998845 0.03747042225415776 
8 0.15760541671230355 0.6029344652227884 0.009749261692165128 0.016361852314315306 
3 0.20848625681394034 0.58712736729749 0.03899205263878255 0.049499502448087596 
8 0.9289328697410753 0.5128559360979417 0.020850666554115806 0.02425677931184478 
8 0.8443312540577245 0.5284532502936635 0.02599515924461443 0.028769391931340035 
8 0.8918719570743504 0.5189198447940361 0.024921154097000055 0.026820607416901416 
3 0.12002799016152203 0.5938127716100148 0.044841382323399535 0.040703202261461735 
0 0.3816241221227252 0.5719888516259359 0.015038984231623545 0.04438598436769357 
0 0.4374800921131561 0.5648246632481043 0.012971926201845818 0.041957294301945086 
0 0.37814795493876757 0.5925208301025888 0.03958323307632114 0.11991074968088841 
5 0.082523008593143 0.5910928655269153 0.034881697985991895 0.03719571570352893 
0 0.2602590587749304 0.5816327510888659 0.016576439532767252 0.05391291493567918 
8 0.7405409504355612 0.5425201105917931 0.03046226640728449 0.0313173151413886 
0 0.982293774640157 0.5054683049598827 0.014703475725211633 0.02568423119619455 
8 0.8771249389777392 0.5231947585972028 0.026411571802999988 0.027437815626226124 
8 0.7387755587352219 0.544523538652717 0.012144415446925762 0.0226255630328182 
8 0.5523853396019606 0.5685743547142563 0.01120806971515691 0.02731518232354713 
8 0.8613821902542448 0.5277875432709846 0.0267300735481561 0.02867257487939197 
8 0.7932507664495543 0.5356780124726408 0.02827166833909331 0.030947251087378554 
8 0.91777523275818 0.5173945507305411 0.021424509115922207 0.02548969766906945 
0 0.018184891979571426 0.641203131319658 0.03636978395914285 0.24291641977463233 
8 0.7097312887792177 0.5472693895736702 0.00930106659264112 0.022887235665330588 
8 0.174390885025884 0.6010108843375341 0.009516193528502229 0.02249836699524874 
8 0.4937010540235655 0.5725118997735525 0.04523657502536608 0.04729412094664395 
3 0.07920410606828003 0.5983647656470016 0.06008990599725115 0.048110752151888314 
8 0.17431750867095672 0.6007163527581184 0.008638953166766683 0.022108754578763285 
8 0.4721850982178725 0.577146659736636 0.011150285454790776 0.027015176995440635 
