0 0.6762393043161182 0.5479094944192617 0.04825332221382496 0.10350411591829237 
3 0.12836548872105705 0.6532048964579088 0.2567309774421141 0.3330119746735726 
1 0.7397944794543508 0.5328956920856067 0.024503434132510337 0.022463346647241072 
3 0.5963348752974763 0.5562380211079918 0.13200644008783927 0.10953995612836505 
0 0.26606098543905127 0.544975297595557 0.012354496463682203 0.04185089557873173 
3 0.523445654385872 0.5381889626765931 0.02391602485719197 0.034118005294897925 
0 0.0015572096321833974 0.6005789372470465 0.0031144192643667947 0.09252407637546292 
0 0.314645605485376 0.5540621398272094 0.012300824399601567 0.040553955578622104 
4 0.4884552844798516 0.5133762022528634 0.04040787903435948 0.08421751101643667 
0 0.14496976467435654 0.5425329557073367 0.018523652412063142 0.051459477943859924 
3 0.4908771305047371 0.5410036203767045 0.022384134673388373 0.033044477689746575 
0 0.11530123680626897 0.5776489871598279 0.02141328915046662 0.07367955609414903 
0 0.1844699359066034 0.5474890988474969 0.01775693222253974 0.05251043612760156 
0 0.6464692340179322 0.5233645375399185 0.010948255351861462 0.02967228329241613 
3 0.9435971332574312 0.5631285713104959 0.10188883992651554 0.06120160016131965 
0 0.2315107471601247 0.5466304507804106 0.011595444915865087 0.04425723073100471 
3 0.4212171412127054 0.543258247315991 0.019430399626763233 0.02830046297883257 
0 0.1635672006485082 0.5619296329229374 0.018912571069262755 0.058455470307507466 
0 0.2797417703030496 0.5416929119637921 0.01135042301276787 0.042418448432098396 
0 0.25588182428121575 0.5441598194016056 0.011391766259440281 0.038333037717709684 
0 0.19254748457577356 0.5624815886256744 0.01826236611790563 0.05617629298118219 
1 0.7483280220294214 0.5305595830730478 0.027778790967927167 0.029020171660613794 
3 0.5203885536656333 0.5355877939297631 0.022106724530845695 0.028163413024652122 
3 0.003830217634645629 0.6470558344714441 0.007660435269291258 0.16263329958699052 
0 0.2879959633021933 0.5738786361877786 0.03423930147333799 0.0749830800702991 
0 0.015657619084568895 0.5926431819455149 0.03131523816913779 0.08702587439837399 
0 0.2611220989572559 0.544048908974114 0.011473001613691025 0.04112503708316164 
0 0.301569838182524 0.5403516592625524 0.0083094597624914 0.03668892905815533 
0 0.32400339992135396 0.5509822243605224 0.011401011485896966 0.03985124280162419 
0 0.24803727296113245 0.5503914912819758 0.014040461313487249 0.035830390346981364 
