0 0.6026004128610404 0.5619933070665303 0.008115626445423985 0.029807903445390405 
3 0.5476978715230844 0.5634109353797842 0.015898633652455488 0.022347815921730595 
0 0.49836218935891324 0.5697246691126286 0.01901285163092254 0.061870797355967525 
2 0.8421616731374917 0.559185452171557 0.04835714285064043 0.1077222664707161 
8 0.3471733732094659 0.5935702731868997 0.030535377880680132 0.046654386188343125 
0 0.6485258847066527 0.5610111041385017 0.0250612190432674 0.06735536600520915 
0 0.6316469231209806 0.5614825636197466 0.016469013009613107 0.04577441430943938 
0 0.585150128328127 0.5587981918201695 0.009926880793461379 0.030889483682100895 
3 0.3035312964773846 0.580669813018603 0.09538471219866879 0.09459400155600223 
0 0.2635389366445675 0.5872044106290382 0.02255857981504061 0.05421705852519557 
8 0.8249425318183217 0.5381764190338764 0.02971033367292776 0.02321843773206082 
0 0.6866761731339517 0.5616101760903405 0.02145116093441018 0.06427246764206068 
8 0.9702754088541045 0.5221509251075003 0.03604124910437875 0.027570645712523666 
0 0.7557542507950066 0.5568598426040765 0.030545722013550148 0.08023565402948533 
8 0.3747730521327645 0.5876770506173483 0.03812728965393347 0.04464860042279788 
0 0.36654549534289815 0.5769650673731972 0.029024485158225345 0.07662288725979212 
8 0.8049260461955092 0.5398403008048963 0.029825615609021982 0.022342813975817534 
8 0.7551268539495647 0.5456930248556283 0.02776228888047015 0.02207602673232139 
8 0.9065607781251924 0.5304796064997525 0.03248554879698389 0.026192669274707453 
0 0.5927091037307076 0.5626113695989148 0.020243110059869167 0.05973063135485063 
8 0.32836355082537294 0.6018789339171131 0.03674071323784567 0.054989519357163896 
8 0.32586674057061843 0.6042659483772719 0.02835074344574828 0.05853400395911119 
8 0.41042431702429916 0.7057563771824714 0.04714489106619553 0.10480936752915315 
8 0.7779927459812439 0.5437561105298592 0.02709514023598203 0.021285314036831045 
5 0.22156058701066222 0.5866049190878767 0.07793995363537551 0.05624551157360915 
0 0.6448671105679996 0.5622870204391481 0.019410693096534076 0.05577115480979684 
8 0.40963880647747813 0.5865691482028226 0.03652292424675146 0.03820202279404422 
8 0.4712203722095367 0.634605870806807 0.024618971268462603 0.06081890509113312 
8 0.7319875525843841 0.5495463897161242 0.030818499304854044 0.02661278883548246 
8 0.4908392573309534 0.6101618430336124 0.027412287145982716 0.06636200573903869 
8 0.28086049029892096 0.6145070441737224 0.018928847703614197 0.03917769935280401 
8 0.2795827220670121 0.5954000097611447 0.023873839524682694 0.021978649593764252 
8 0.7062250014714873 0.549731001216349 0.027470014195986606 0.02218976277075361 
3 0.5455251829698752 0.5624993250638296 0.01736863780552774 0.027889425051788458 
7 0.4556701612300668 0.5570448100392036 0.09712944819945911 0.1528536370731394 
0 0.6325712291059007 0.5590345276739594 0.01609861257265912 0.04863675924596685 
0 0.5697896042359344 0.559356563712578 0.00885409888401142 0.030149357499430558 
0 0.2674747425475708 0.5849785236046814 0.020497644810054786 0.05774783831988859 
8 0.9318818674931939 0.5280519529056641 0.03328178168423406 0.026119290842598716 
8 0.510394140958267 0.5890828381672729 0.019137871630293048 0.04204317539242841 
5 0.08533436821115149 0.5583945723447828 0.17066873642230299 0.26288147041580573 
3 0.20679523876494987 0.5980159283808929 0.1055003391081391 0.07890297584627819 
3 0.13383285759026697 0.6215567267409409 0.19660016283126547 0.12001528983921837 
8 0.09641289720134003 0.9277938377256737 0.19282579440268005 0.14441232454865258 
0 0.6813651734741489 0.5639878938659887 0.024841416627749312 0.06784177225064077 
8 0.5037807200137249 0.5970829363338549 0.022899258847341033 0.052258444080104785 
0 0.4705610726612747 0.5749091650530799 0.016464262525300415 0.05959162879970841 
8 0.2576019896727686 0.5942266064643107 0.02648853581379093 0.023986422014202667 
8 0.4982993211982894 0.6009290196376944 0.024605234150615232 0.0571363825818585 
8 0.7057102927726302 0.5527049343119474 0.0287003817732554 0.027547144074707906 
8 0.5068971762046572 0.593418947970624 0.018836450893949887 0.04780299091245095 
8 0.18430313116911667 0.6398238292833879 0.026451236979585388 0.05296258359032903 
0 0.37583013596148696 0.5844614679216533 0.02211293253552853 0.0826628716984882 
8 0.5105270324986972 0.5865434053374069 0.02327989631493999 0.042639739283127115 
8 0.007391423448890499 0.6874925204845469 0.014782846897780998 0.0746574116010989 
8 0.5153552492127268 0.567221267651301 0.003730718933559416 0.00979496210949479 
8 0.5194198022483347 0.5701514254577635 0.004400276089472968 0.010419271279207389 
