0 0.8107327096561605 0.6182101285341841 0.07415214537363853 0.212957880517072 
0 0.5292100169602301 0.5755140550343706 0.019422079097858074 0.05887506335953415 
3 0.15665159830767553 0.600640755293137 0.08020840931355816 0.06651130848485265 
0 0.7596817936556324 0.5629286655787171 0.029219417127394395 0.07235274686335193 
0 0.7049394734716674 0.6088010316781018 0.05060883221633106 0.16808822062962395 
0 0.23986212637747126 0.6405513758340461 0.07123150408710956 0.22107077768703448 
3 0.2542347931962382 0.5786826514621635 0.025401924407261023 0.028580033991657136 
3 0.37741738799089947 0.7077141874114345 0.25786118047491163 0.509077025775728 
0 0.7705360992353186 0.612623806973753 0.051272985729822126 0.19658500653031233 
0 0.7498588713013481 0.5919062509886548 0.04039221776267098 0.15118394289428636 
0 0.8104869750000123 0.5927540869279485 0.07092738324808934 0.18644734820899347 
