0 0.7333348012871136 0.6187298145222984 0.05910378138237178 0.18435057447323244 
0 0.5123302059796481 0.5811690294751325 0.019754656251312994 0.06973422028512219 
3 0.21459924818006224 0.578887600215099 0.026528037930171208 0.026296702603584094 
0 0.8085688976359663 0.5632727466518359 0.03161339892496144 0.07561935016562472 
0 0.6446661848105463 0.610120755623822 0.043596735813748635 0.15283765787091194 
0 0.09872763782336696 0.6492648428965645 0.08306576782463018 0.24813972567148912 
3 0.23306688584373392 0.5718137347105718 0.014427056852673275 0.01912419329815691 
3 0.3716219388882647 0.710341238582962 0.26035521720232424 0.5330802666041439 
0 0.7072432990003721 0.6141910194951444 0.04337347128857573 0.17743900052871925 
0 0.6930956939106717 0.5952704856507774 0.03485111672161594 0.13863573388637734 
0 0.7332205370148522 0.5971648682308526 0.06290610065273626 0.16970646039711115 
