0 0.6205906219565129 0.545048438353869 0.0228663354975005 0.059707474534547174 
3 0.35593482744040267 0.5760462976284723 0.11292053600602518 0.11056300716760512 
1 0.6954854449541955 0.5381478834718448 0.018708043174324444 0.01683149937441821 
3 0.5396091311235804 0.5542611608585563 0.07047409293930834 0.07447283828574687 
3 0.010782192470032743 0.6287062560297854 0.021564384940065486 0.12253344436252475 
0 0.008133928248904033 0.5304722403653013 0.016267856497808066 0.07565063275920042 
4 0.5019590955634743 0.5179517491498018 0.033673214973040044 0.06679985976704549 
0 0.24489391633895566 0.533208249279171 0.011736097775641774 0.03789468188510833 
3 0.5052688737186779 0.5417074903936536 0.017448576131452145 0.02535558880032997 
0 0.2656615249048058 0.559126897699473 0.01284431204172396 0.04809786029361545 
0 0.13370943206633323 0.5261329415051849 0.025773461469608527 0.05490919407058571 
3 0.1017846674040742 0.6314202579640005 0.2035693348081484 0.15500040933037826 
3 0.11020383481410584 0.5647641096449365 0.11345705848181277 0.06313577355326705 
3 0.7470244564787558 0.5579794570765448 0.0697405185831758 0.04242601934733525 
0 0.2598871823634412 0.5465764984867514 0.013358416813432363 0.041239001747455414 
0 0.8221341038309113 0.5656790566724033 0.03860594158524208 0.12227727689765346 
0 0.2905864155365265 0.5492313651579855 0.012046017483102887 0.03782607577565412 
1 0.7015933107776718 0.5369779923009487 0.021192988446365888 0.02175883627486175 
3 0.25317825230258495 0.594282969919723 0.12202080582437191 0.09029603128242628 
3 0.1676483747258371 0.5610369114822765 0.18965136658357082 0.17899628828939115 
