3 0.4319639272028984 0.5536872564641989 0.021355322719480013 0.021945585231147032 
8 0.7056590324487693 0.6344988397016219 0.06162001034070741 0.10256446109533966 
3 0.45688566090011806 0.5541694847816468 0.02045034844659881 0.020101334869754243 
8 0.8239414172094458 0.632849702315612 0.102943330271045 0.10725449919695078 
3 0.4801195536608809 0.5473801569052518 0.013609642548804786 0.015203816307708406 
3 0.3534916483623479 0.5609270955048773 0.04304645594263768 0.040383574816856366 
3 0.32707081925869225 0.5633869091362502 0.04283481207724581 0.03794747662566535 
3 0.23098917960757906 0.5748329827587336 0.08030592676103006 0.053357056869852815 
3 0.18108225657774366 0.5954632452684538 0.13348721613061187 0.08440795683237626 
2 0.05334606813468569 0.5958986022424887 0.10187961153037259 0.10288070954672737 
