3 0.7266618654519575 0.5828618351535988 0.17486634248909383 0.09922327323919161 
3 0.3859512727349882 0.5814390922420928 0.12559355787404122 0.07114787346668638 
2 0.5436362570612259 0.5554249638402169 0.02896288859380455 0.0333347448910859 
2 0.5384270792307313 0.546838116234348 0.036702951978501375 0.03845014524287415 
3 0.6614150565715317 0.572032784360572 0.10104187677108172 0.060176763919019625 
3 0.2451312744337465 0.6178122532989329 0.26504114399496714 0.1525937625143646 
2 0.536221993602484 0.5489135971514724 0.030361528209355414 0.03750330459072921 
3 0.8813564597289393 0.6382705152080962 0.2372870805421215 0.1975350261597551 
3 0.1285771478249108 0.6918982848823436 0.2571542956498216 0.28077858187119875 
3 0.05371543893506126 0.75948123740585 0.10743087787012252 0.433504157947108 
2 0.45244394280649614 0.5349091359719809 0.025046753100257817 0.03447779648825209 
3 0.6775530401953949 0.5750029437337801 0.10642067434951834 0.07018297556781022 
2 0.5781044743469737 0.5463611737993119 0.03531096508610489 0.03468911687690953 
2 0.4518706396044289 0.5469909860598188 0.03003124326897023 0.03420868710677805 
3 0.09794614587279865 0.5867114296874169 0.17833236801375296 0.09854496803939355 
4 0.30401260091053844 0.5263035446201133 0.2117066471038501 0.1036155666696884 
3 0.3311221648030856 0.5889867185836645 0.16846771140278757 0.10139057149755691 
3 0.3109981161569867 0.6079136346526267 0.1930413339346016 0.10764730778495271 
