0 0.8770288786782047 0.6313735674081152 0.09197515644197822 0.23085455748990139 
0 0.5235723390337621 0.5731891258890284 0.012564701110488912 0.046026609027249116 
0 0.658331359802837 0.5870336582636057 0.028309411672724424 0.08771605623568614 
3 0.24896457181812498 0.5922103535641782 0.0601077184816441 0.0713062243864244 
0 0.734204664005897 0.6079234064793421 0.054559386813123896 0.17743771321204987 
0 0.579861542588629 0.6165895156331455 0.04375427652603641 0.14519623289270253 
3 0.01511389794855472 0.6489454973679954 0.03022779589710944 0.13639555262991432 
3 0.38474250882996275 0.7153350587419651 0.27278926651159063 0.5375404092919299 
0 0.8153289448423076 0.6231778311250612 0.059956604838646683 0.21261367054730865 
0 0.7765715920527836 0.5896300584230711 0.0414642016614296 0.15241585348259717 
0 0.8889031686779626 0.5948906766211401 0.06848675346732976 0.2127996463683093 
3 0.2953466851254416 0.5763067680043205 0.028961809034497216 0.031603596001256354 
