0 0.7327625573545953 0.6186098662495154 0.058968072928487346 0.18409882214311085 
0 0.5147777185626672 0.5817959403682261 0.019555061940429965 0.0721359893852836 
3 0.21917893454927304 0.5773780747528059 0.02357061197301885 0.02442441432455458 
0 0.8282422289770182 0.5623473600292273 0.03229528143389303 0.07710100854911761 
0 0.644454949711479 0.610022447939982 0.043575878161505134 0.15280601903014548 
0 0.09740916727968381 0.6490567831831512 0.08332489218710613 0.24841637650819734 
3 0.23491395620295127 0.5718501573044351 0.01316378497754549 0.018190706368954212 
3 0.3714011318214029 0.710277544585204 0.26050442445998206 0.5333832663501168 
0 0.7077088010649879 0.6141076041791735 0.04339187507314833 0.17755080012815855 
0 0.6928239937901802 0.5951812797991124 0.034831952136811 0.13861028152192464 
0 0.7318349393810749 0.596993750596543 0.06000999550043389 0.16999084183935148 
