3 0.19815378025182803 0.5136255353352855 0.047619175286959144 0.057228058974855826 
3 0.5784272177385807 0.580336185222626 0.1435691277978156 0.13793847208099053 
3 0.7201499577046598 0.514970697494807 0.06629481395937703 0.04574448245332121 
3 0.7035808006189671 0.5705392551127803 0.15964186162258528 0.11640717459277539 
3 0.4165550101331467 0.5305434077125839 0.0773866231693701 0.07943500291513872 
3 0.0659729687653545 0.5069786701326946 0.06438501979311123 0.05997870190135782 
3 0.5835552188001634 0.5290247464068055 0.08507102200111205 0.07617103777872798 
3 0.44394568856762223 0.5179224858635644 0.09293350489448336 0.05838616820450069 
3 0.8686415464158248 0.5260571310642346 0.10754836244556898 0.06610587778203549 
5 0.8344953950608944 0.5005754267189046 0.07629728841528731 0.059863062478728656 
3 0.6957549091881472 0.518379146833093 0.05697101237924869 0.03798346403931785 
3 0.8712436111511952 0.5652205153450428 0.15835447886724324 0.09516851183755616 
3 0.5304117447968489 0.5350436627912305 0.07799660102459939 0.07665386612319847 
3 0.6208297193346881 0.5353511875793165 0.09335645294538508 0.06689367281333976 
3 0.9896754157295412 0.5437611862541356 0.02064916854091763 0.05988107089353655 
3 0.8255535737256713 0.5314887866268201 0.09615783639361027 0.05998469706620717 
3 0.9510945081242188 0.5528106878022565 0.09781098375156233 0.07833475206093662 
4 0.9955601514400009 0.5014638714932023 0.008879697119998298 0.06582089632922235 
3 0.6490627204709665 0.5195429311905129 0.05816631738657385 0.03868954843649318 
3 0.9824093301617899 0.5535478869675239 0.03518133967642044 0.062221200158578224 
