8 0.2826060234653182 0.6284151643609459 0.02172901618159635 0.052026243287980126 
3 0.25946097574225674 0.6038592655744229 0.12138017468938368 0.09196540005118689 
8 0.13721067130326486 0.6781876075542338 0.12827770535762734 0.14557499550680847 
0 0.5658923014275942 0.596771652495054 0.03730506984543382 0.11359704802515984 
4 0.43777680682100284 0.5494732625552395 0.03835214874304896 0.06616695817856566 
0 0.5735090983236735 0.5973625709539295 0.03324166228150269 0.10881669243423282 
8 0.1960892489629724 0.6651695985762412 0.030299141224584894 0.07137449209866392 
0 0.6708501925224735 0.5874911872542761 0.056872405254954544 0.1453486227195391 
8 0.10073386373316673 0.681681314855483 0.13769400991662253 0.14523038891900936 
0 0.5899417032608116 0.6024980126111402 0.04735492494922824 0.11872886091992679 
