0 0.6671559020481661 0.568681567801569 0.0242332135885313 0.08170850885518625 
3 0.5166162121346347 0.5548083853566119 0.018853343465077048 0.03523787700283543 
4 0.09277640933121484 0.5539773072504689 0.18555281866242967 0.304843159785427 
3 0.4121496171210788 0.564235959941192 0.031360453455966136 0.03651774394675966 
3 0.4029543496602854 0.5568537898618703 0.030146793951945625 0.0430110702835768 
3 0.43344249063316964 0.5597898474655799 0.02060987809789104 0.030391969335221914 
3 0.35699400370845424 0.5697752893540032 0.04230062172205102 0.04157561747916563 
3 0.4366752026851213 0.5424625639323553 0.021948101192899687 0.036141261638125824 
0 0.5946709489840928 0.5467326646040694 0.011343117482660361 0.04179283090066968 
3 0.4273802425347266 0.5569282588650872 0.02406923544010347 0.03212880653118469 
