0 0.6540727450203397 0.5751217971893513 0.021861713204766178 0.06607700471436065 
0 0.6826140978304437 0.5905915849097981 0.031019766622849405 0.08732038638307787 
3 0.4675258583713322 0.5699015039589378 0.026009179273843445 0.03652508771146952 
8 0.5830647860421931 0.5683924822936771 0.009791735931645533 0.01722581181740471 
4 0.05479458343863277 0.5366074819672542 0.10958916687726554 0.24805238409900768 
3 0.5077173431273845 0.5675492885145997 0.028163997590485507 0.042635593314155736 
3 0.16254263239370528 0.5976527296687641 0.12057600890608292 0.0796359813191849 
3 0.47585896851278775 0.5609367483166511 0.01285613412441279 0.020228954640192757 
0 0.8743186023688375 0.647018117122207 0.09166915771087104 0.20594732939646537 
0 0.9329816902279205 0.6354002269790142 0.09443701222604248 0.19791110984335494 
