0 0.31893958156636004 0.5334940350906282 0.019424888358675646 0.07235833130512496 
3 0.16797795444580008 0.6835396324146481 0.33595590889160015 0.24759891288004895 
2 0.5729565632285925 0.5690963301039449 0.050298398872758485 0.05726485765690458 
2 0.42800161409713156 0.5497984125811548 0.05062557907869725 0.0511661593253325 
2 0.7913996564278232 0.5822800048708181 0.07499241582420553 0.07302440325127918 
2 0.5625347853802497 0.5540896306629128 0.059742372200070976 0.062033255790285076 
3 0.873885160651262 0.6192277363658273 0.2522296786974761 0.15492685621132118 
0 0.3498671970465614 0.5203471915873482 0.025734335261837913 0.07273713131179868 
2 0.565711381202164 0.560651247492759 0.051476541314391396 0.06305081253217938 
0 0.32415774875249176 0.5294594853443608 0.020023001395768427 0.0709523045966105 
0 0.33828700152900965 0.5255392604747876 0.019194852630808227 0.07355588318685811 
3 0.9765371184942145 0.6800630660173272 0.046925763011570754 0.24227362416577755 
2 0.42449052614218136 0.5443378700983507 0.04175111784847637 0.056525649495469246 
3 0.9095692874407394 0.6476978836717103 0.18086142511852132 0.2134230661475068 
2 0.6287521447518749 0.5599045999764675 0.05993421724854777 0.05752716393410133 
2 0.4195424386337877 0.5647062045841847 0.05075864425923797 0.05699051314767448 
4 0.16251047398759091 0.5069346388759335 0.32502094797518183 0.18543255524678184 
