3 0.36259007245179475 0.5784554275317808 0.04767930591281932 0.04755486954036719 
0 0.5548983742490606 0.5589321169696655 0.005887828004986844 0.019905398730223473 
3 0.2993505276452887 0.5842512850523979 0.06700590837376737 0.05199233438808158 
3 0.46070562922050656 0.5881320131315723 0.05000385895548995 0.06469675777362441 
4 0.40622189235242845 0.545983987587419 0.018777258003798706 0.04542019453883787 
3 0.06166209266361815 0.6476070756697732 0.1233241853272363 0.14630898511794638 
3 0.5145619412309153 0.5725899564022707 0.030548772359281245 0.046504368881415355 
0 0.3313186913822082 0.5864213361198507 0.004879739737461932 0.032656853415949295 
3 0.3850746398006231 0.56410945484806 0.013611353694508282 0.021791109827072115 
3 0.4854786476918998 0.56954899717347 0.022514473998215438 0.0334999586313039 
0 0.21839380725036228 0.5782933819802376 0.008049693205537629 0.043834488886015176 
