0 0.909478638681477 0.6375147309465969 0.10976320534698487 0.2547804250592438 
0 0.6814158087450134 0.589908850136986 0.03970163754534667 0.10336324818171458 
3 0.03744890770859509 0.7063749026960476 0.07489781541719018 0.2846950284777582 
0 0.7398056500862843 0.6108268540718347 0.05560708389272151 0.1799046094680137 
0 0.651341642593263 0.5966886490332112 0.041427010885799906 0.1343844937970167 
3 0.38772422997722805 0.7157269773262711 0.2713213702372475 0.5345641552103151 
0 0.8176903585700681 0.6238932434804353 0.05598047743124084 0.21275673912812357 
0 0.7800134654045736 0.590460016073741 0.04190166481658309 0.15327602344946645 
0 0.9223304328976193 0.5946105341113637 0.09211725648374497 0.21301631703946586 
3 0.2467893250564935 0.59432872277568 0.06490644290759445 0.06146238425997379 
