3 0.45006731621923884 0.5435229210669722 0.03862281112584313 0.043306468908177305 
3 0.3644988228189341 0.5583351593812053 0.05299599571638808 0.057174423752025014 
3 0.5162089598250202 0.5426664698248611 0.02588786865047865 0.0470718755140435 
3 0.27978398524233994 0.5729102727284773 0.08337943846355518 0.058965035451320896 
3 0.22027419100562476 0.5707881468133821 0.12261990650742015 0.11631503836685972 
0 0.2563880123814383 0.5259038913795501 0.012944130672433225 0.03724490545834985 
4 0.5018357959423206 0.5094641944961203 0.025205812505181627 0.04650833623171485 
3 0.39276974737537573 0.5564937270258538 0.035960717477806624 0.039896123249889365 
3 0.31129945381855423 0.5704018449346987 0.07343094827623894 0.07754089067562449 
3 0.5407127085499939 0.5354770067731297 0.038346627792914346 0.027079062471085283 
0 0.34122529316626504 0.5337700090595743 0.008563214916859465 0.024883109459016294 
0 0.6234458379991524 0.5330225516806323 0.010878237527826328 0.04245101684790339 
0 0.6950224858525607 0.5535401378214779 0.02965916994051611 0.11098753144585392 
2 0.4255841958005454 0.5540004373528611 0.012410210553700837 0.037529974972115444 
3 0.410064774441625 0.5494734713605685 0.03236583773137987 0.03401624691460711 
3 0.3782579498521845 0.5370311350855369 0.0466224692768715 0.06460519766943264 
3 0.07760967745088192 0.5924858098232597 0.15521935490176383 0.09594035924205331 
3 0.23305749695668035 0.5865456849999182 0.12553826832282233 0.1073673768930364 
