0 0.40314809403481716 0.5553522725961867 0.02874790651198616 0.11297340919060295 
0 0.37929185956623135 0.5482530046421089 0.026920593424877952 0.0937489063426423 
2 0.888142341879134 0.6398446738650542 0.1471363949518674 0.1407406488275448 
2 0.5818491464072548 0.584947417631208 0.08347418196253138 0.08764636441074307 
0 0.31526445977598555 0.5464811333049979 0.025374882938379886 0.06514207577020513 
2 0.8410386422949506 0.5842565364700312 0.14349601752732866 0.12969107924741485 
0 0.41261631508147006 0.5490768165161125 0.028431162486046945 0.10318593976777903 
0 0.2829712966452663 0.5598266840033518 0.034003226601815054 0.07460174792280751 
0 0.4920899043621572 0.5440318220500949 0.037893590024114306 0.13147621498479636 
2 0.855863461645366 0.6234582554920363 0.13875237278792057 0.1452875928719155 
0 0.3236476331908623 0.5525236715552411 0.02715169276273624 0.09972742330838956 
0 0.422212317636134 0.5533640870896074 0.029685007086089853 0.10842904403354775 
0 0.4508662743530238 0.5391886070722148 0.02985706135019875 0.11541279771331069 
0 0.34317280982269316 0.5555908255899092 0.027284012514250406 0.09389999151002106 
0 0.38507180975445776 0.548854571877382 0.029445368704509676 0.10294990226833957 
0 0.2503617860378078 0.5526592498367855 0.027154557892509923 0.0980362680412332 
0 0.35300240980923464 0.5525372777214779 0.028534099614558103 0.09750114356580904 
2 0.5753339787461974 0.5859102934523526 0.07238205774704155 0.10169130607047533 
0 0.28173927722116476 0.5502015820529577 0.027378403540566938 0.10208276732808151 
2 0.9680114418282159 0.6138310297772538 0.06397711634356838 0.13286353952802984 
2 0.5572270091371359 0.6055188407191422 0.08829150881484871 0.1041423455219702 
4 0.1372283925856194 0.5132096367128484 0.2744567851712388 0.2638403751136571 
