0 0.11677527228848074 0.587023843093084 0.02738709659908329 0.06958750345962812 
0 0.42405159656924823 0.5484249082406806 0.01291256580258228 0.032871497175660805 
0 0.046999335227885373 0.5947035188077501 0.025132747454812265 0.08260478750808659 
8 0.5797846144310091 0.5596676944359918 0.024168111141384615 0.0332379157917684 
8 0.7060869565985459 0.5402026065361454 0.008798204309442639 0.015859291354938767 
0 0.6967989686977576 0.539227478561396 0.009721895064274122 0.022997289759428174 
8 0.5652976762728446 0.5614418558672131 0.024990606514143324 0.0345360199437762 
5 0.8021499227513311 0.5149917954022845 0.056474663738730446 0.10830632973087613 
8 0.3672430879123556 0.5833350123493563 0.05268782699757523 0.049271672750257886 
8 0.5323227528223541 0.5668272868782929 0.03214954790473236 0.038070619753931584 
8 0.6371676086807238 0.5501172318547741 0.017254229652363905 0.025054745111789567 
8 0.32359745022798686 0.5895135359920717 0.06228171085622425 0.052629723083019955 
0 0.10838334273821616 0.5921946423734736 0.026736831706348135 0.07642232412715 
8 0.2070128123185015 0.6029656909360672 0.08369011314210945 0.06611229366714648 
8 0.4724436034604564 0.5738373802466846 0.036685544572300305 0.04241759407896502 
8 0.5119299733743791 0.570511944089098 0.03320422663275707 0.04211310520403692 
8 0.2699317641038733 0.5977397349676403 0.06757980454311913 0.05651196983976143 
0 0.05906723946177341 0.5960244419592292 0.028691560485880088 0.073538328631918 
8 0.4816194447396251 0.5810035424321435 0.014670174960615583 0.028182123146237928 
8 0.1281065542157409 0.6193127174842099 0.11895100177682703 0.09572573037696695 
8 0.04191436448321538 0.6244979514199748 0.08382872896643076 0.08433102140914532 
8 0.6518489899384478 0.5486709452138727 0.01412962485224739 0.022731863098523996 
8 0.5930878359937748 0.5574665493672933 0.02198687495165764 0.0305280105128755 
8 0.6281843664303932 0.5517450368813854 0.018900347130740656 0.026466391415629825 
0 0.06568841999632499 0.5981051530297918 0.0281395388775179 0.07390482194987044 
0 0.7078684039218521 0.5380238744595158 0.009807071487441164 0.027811821044297427 
0 0.7674092106923476 0.5442847742179983 0.014865263547983006 0.045548228587078875 
8 0.7711762702452154 0.5511426768981754 0.01081999218689404 0.032981653918246 
8 0.700944762876124 0.5405445715979724 0.0091342976909867 0.015739934948874622 
8 0.49574779329327884 0.569363545138459 0.033785283612186065 0.03919484934720546 
8 0.5801282281183835 0.5598140291910446 0.022687521342625062 0.031192144364818923 
0 0.6932409175388244 0.5383311720988825 0.008730745670974897 0.022321898179153424 
8 0.617794419440718 0.5527664588778015 0.02073307778557435 0.027616060286153217 
8 0.49393684391788567 0.5754132097733251 0.014098605885379385 0.02921974955086297 
8 0.1842402404267651 0.6202708231733572 0.02424876568571136 0.05470057982211402 
8 0.6062139640273915 0.5555252353508585 0.021747716941239545 0.029608444133460997 
8 0.5500708504240267 0.5642571483255592 0.027347921908642905 0.03579814017666959 
8 0.644950714298821 0.548903105529408 0.014991405716936086 0.02424890029355437 
8 0.4610691899753476 0.5784510131173036 0.011376238055760695 0.030663789407762907 
8 0.03891892367484381 0.6354939680909022 0.07783784734968761 0.10808715489694389 
