5 0.3791834912339529 0.564557472373608 0.032205552851672724 0.03566652318731251 
0 0.5773021629171634 0.5613828425398207 0.009463218790580328 0.030369988404863886 
3 0.47711064871579695 0.5727820726652668 0.03655954431526808 0.0481469461727449 
0 0.6071964198225936 0.5653878687009557 0.01446480371966402 0.04428293950493368 
4 0.36214857522054983 0.5502660092582377 0.0370761616271475 0.06745946874210208 
3 0.5203169485027656 0.5625325229879219 0.028779820506555892 0.04393596404658164 
3 0.4323777135417959 0.5617964621654908 0.013970347606436206 0.01778125412666485 
0 0.1667989937464521 0.6012481573402652 0.011599827720676572 0.061561260887920195 
3 0.30119438520777875 0.5800481183480168 0.03131302717790838 0.03694403198656674 
3 0.40340080213756196 0.5629710031228495 0.01308856665951133 0.018465153952951646 
3 0.4919147714308564 0.5612896650445514 0.016826233620632538 0.025917598030261692 
0 0.5879659562376516 0.5576762912910744 0.012131782348818803 0.038290668152377645 
0 0.5963807329499273 0.5614151530584268 0.01199705264067127 0.037326961487946037 
