0 0.4797773448572082 0.5673757961736531 0.011251595353574544 0.04080969155374065 
0 0.5777228525821307 0.5577813393237976 0.010405880709196182 0.035894879703510206 
3 0.4061354443270849 0.5696047040175047 0.020927617067022695 0.029557880967827133 
1 0.46457879994981144 0.5721020286260857 0.017596579017796543 0.04327857104864563 
0 0.5493291947292493 0.5611432582041688 0.010970951135041318 0.03917788156246597 
0 0.266595219459469 0.6146788110898863 0.04733631153480598 0.14865855779811069 
2 0.3349188166425197 0.5830236480793615 0.01694954763566628 0.03833524157018536 
0 0.3741029593034661 0.5941931107074018 0.04077271553061841 0.12323451642423265 
0 0.5360116438237842 0.5811755847498156 0.02773108252377341 0.07787200712927339 
8 0.9783398979459195 0.5106539958118782 0.034791931079669214 0.03279899534780498 
8 0.9553178494665749 0.5127929628382927 0.03391176336406275 0.032613993482917686 
0 0.4570399162734888 0.5738525868705049 0.013823481366574698 0.042701042802959506 
8 0.7616000046885004 0.5412047719697172 0.03434375412914051 0.03003749708393962 
0 0.42783486197675513 0.5906005381055186 0.034746841871133756 0.11029172458930785 
8 0.9093375161603455 0.5214614332638574 0.03710693660886847 0.032823093753767 
0 0.8995945832715362 0.5651031860646379 0.08822793544933447 0.2092782194262043 
8 0.7389042162579332 0.5432706485324689 0.03535644577889641 0.029339711630901207 
8 0.3548516754014277 0.5898723628647438 0.005444788549296007 0.013705875493230654 
0 0.5769966263786278 0.5575270608839966 0.010737986296651202 0.03869171570607162 
0 0.5166491218894957 0.5680438988056744 0.013636870431061468 0.037054566298791974 
8 0.6832720481818939 0.5507912174470262 0.034459694764575916 0.029986833914088924 
8 0.8458976024612247 0.5308898188584608 0.03460136230649155 0.03215840667023637 
0 0.474333711418338 0.5840150833680782 0.04169398056579524 0.12327857097580666 
8 0.8843723432940545 0.5235083015545451 0.03545729149446004 0.034194195464368006 
8 0.7109731951397019 0.5460388488700774 0.03291711733026176 0.028440222745189328 
0 0.8254024537332413 0.5730701820956436 0.0638465837677144 0.14766728225948828 
8 0.8533510732623231 0.5291819928168883 0.01300928227009493 0.020816566496650035 
8 0.047586557631092576 0.6547902673381024 0.09517311526218515 0.099820508242505 
8 0.6550122210930417 0.557380957618483 0.03944390303913075 0.037219898526225974 
8 0.6227333509855306 0.5568160693646801 0.03589351500738992 0.031325051138470346 
8 0.36206718011231026 0.5896522809967536 0.006340301480801287 0.012629467802667906 
3 0.40302133983206434 0.578918904377785 0.023953247377135157 0.0380996199689461 
8 0.9921000097956971 0.511850402233568 0.015799980408605876 0.029427469512088654 
7 0.11100729878558316 0.5719803489088848 0.22201459757116632 0.7601999372889211 
3 0.3395890834035993 0.5848704146148844 0.026072724518606948 0.030940276586945224 
0 0.015137636150737861 0.6203770308693128 0.030275272301475722 0.11443393898359464 
0 0.5130310559715816 0.5665745323525554 0.013583972125162092 0.03794441058892864 
0 0.5575776525610202 0.5582545922930837 0.011944895006882632 0.036135973144494765 
0 0.5376746775709411 0.5717777083644101 0.027553545892965943 0.08088071222885629 
0 0.4382759446997412 0.5730087902793648 0.012367239596540288 0.04150445869997125 
0 0.001457057647111976 0.6303715029732742 0.002914115294223952 0.10234198050882722 
0 0.010553270509488472 0.6177762460741927 0.021106541018976945 0.06053282710400178 
8 0.8702048718654273 0.5253283260102513 0.03478312909742527 0.03158767742527415 
8 0.8659547365453604 0.5283113326837904 0.013277559072277826 0.022179515920876094 
8 0.6736702393582006 0.5574989107612922 0.010019649368066723 0.02326347856274525 
8 0.932955049299826 0.5166693820509591 0.03422686259917967 0.03232105765665286 
8 0.2714385535586712 0.6657910150472448 0.07314625813462892 0.12299545136793717 
0 0.4259360127883413 0.5939588830134691 0.04172520761764886 0.11837521955703305 
8 0.16873613312596963 0.7482292135906173 0.1560255270873439 0.2398816322667556 
0 0.19715677291057718 0.6128288508180859 0.04248606308444554 0.14228246381360996 
8 0.8344514695344678 0.53611119565024 0.009984100463078675 0.021996260337690563 
8 0.08673247609832531 0.828153438050351 0.17346495219665062 0.34369312389929785 
8 0.20696219244914824 0.6035872628493939 0.024100840676561326 0.024986217138882313 
8 0.6232311886247353 0.5610578987162421 0.03803226636626029 0.039132569155966114 
8 0.23332557289215644 0.6964581351253916 0.09593940002322661 0.16734848895229296 
3 0.3220435429421356 0.5869391681822392 0.03188339559740122 0.034738314929191015 
8 0.23206852096634756 0.6388601602375966 0.09070224286537588 0.09579770357245025 
8 0.2930219772456361 0.6492804415222059 0.045065153298245446 0.10488176029457273 
8 0.3810029252363707 0.5881425250075247 0.005576583838718889 0.016723571291493423 
8 0.6046329612776177 0.5629844051942449 0.009269756934133469 0.02187966899512686 
8 0.37147652523106617 0.5894090858821763 0.006015125389395096 0.01357430092664092 
