0 0.535653835562415 0.561324982010637 0.010167224249009123 0.0371591062802746 
0 0.6132500318869297 0.5531864693353904 0.00962954175247326 0.03358805913717321 
3 0.4678948566075989 0.5599182749826703 0.018872964575081853 0.0269499193859239 
1 0.5214842146181167 0.5638079529719889 0.015909399001390625 0.0392405182968881 
0 0.379470195889966 0.586350054917063 0.033552536576988035 0.10852432097237409 
2 0.40434517050299823 0.5741879076683283 0.014466418409804477 0.034584913178970784 
8 0.06863598649711655 0.6417119438297355 0.09440990676257904 0.09949232949307897 
0 0.4893148125431423 0.5792424108962148 0.02959851102520588 0.096910793456875 
0 0.5833550387752671 0.5721420187529218 0.02361094976779917 0.06622076324504045 
8 0.9964663598295102 0.513337884220744 0.007067280340979636 0.029382927262020075 
0 0.5149199443318215 0.5654080164098654 0.012435497976594406 0.03869660153153752 
3 0.04847250907980907 0.6090497902021805 0.09694501815961815 0.17076820167128076 
0 0.11455800884406644 0.6103364092319568 0.04489815902671562 0.09423873132884239 
8 0.804613860527746 0.5370650883102823 0.03435943465291828 0.028377486145346135 
0 0.5278865597263804 0.5741997332928953 0.028692404091591614 0.08991267863619233 
8 0.9600903180245368 0.5184696888790109 0.03936861703707635 0.032245906769059175 
0 0.850020133612808 0.5588319071571735 0.06368167668969989 0.1536694546355546 
8 0.1445325234702897 0.6252173243104056 0.08670047767361297 0.08683494035532324 
0 0.06422432017789811 0.6253965044036732 0.07231362261882245 0.1820671562153359 
8 0.7815457869136215 0.5394721269312802 0.03498166980428152 0.027516270058241112 
7 0.06664654718709184 0.5986180964191352 0.07901517726035488 0.058284326364867335 
8 0.4216337728988245 0.574816098936112 0.004730060242465512 0.012349167333646025 
0 0.612927895897286 0.5528735381665942 0.009939985331815322 0.03617914917561046 
0 0.5601942006499561 0.5606702425501571 0.012834883818377564 0.03481011454074411 
8 0.7253366232995913 0.5462432803932109 0.03331338092485495 0.027734043936522616 
8 0.8925237038437467 0.5270474978742604 0.03595097336850032 0.031130205956969234 
0 0.5327856270695459 0.5705208276664069 0.03299495863854503 0.09728604897742717 
8 0.9329206204532418 0.5224779964637339 0.03725940623101494 0.03335884455682421 
8 0.02426178093681467 0.6658979850448408 0.04852356187362934 0.11347090644028603 
8 0.7535095204814759 0.5418710753117275 0.032188337156138974 0.02648418386565399 
5 0.016560411714836295 0.6123651243455425 0.03312082342967259 0.07610352112547426 
0 0.7543280639805436 0.5702933514665464 0.047337118165266506 0.10910745801263122 
8 0.8997514216779994 0.5244616003630064 0.013077513707021211 0.020227787669918864 
8 0.2225462363544324 0.6136263985137306 0.0699328757059373 0.06976361671685115 
8 0.0060535335560928825 0.9320536763561007 0.012107067112185765 0.13589264728779857 
0 0.04269133937959374 0.6032339850935211 0.04598116377289973 0.09411245796335056 
8 0.6985845200014031 0.551238526218597 0.037578749041392 0.03405411308125862 
8 0.2630326433541182 0.7414163273650274 0.13574219113381186 0.24380515374387868 
8 0.08480397090900872 0.6150670246116228 0.039193803114927366 0.03258804140182393 
8 0.6677838817603484 0.5539038834471697 0.03382091296891972 0.028518052752430408 
3 0.4645825447920337 0.5676354391960522 0.021367910360214067 0.034389067841947785 
7 0.22087095516579536 0.5631571281590171 0.3007413888298651 0.4038085245582151 
3 0.40732440572092005 0.5743824132275187 0.022290338746913323 0.027719317173019377 
0 0.1423027886608678 0.5994304741901033 0.03589238323815062 0.08834031798336582 
0 0.5548491270082947 0.5605685496800166 0.012786810583883864 0.03571183970149333 
0 0.5961255869785675 0.5551151153557404 0.01158621427812598 0.03385581313055588 
0 0.5862485105096265 0.5636739702922917 0.023575865662985224 0.06943358827064236 
0 0.49574024858754256 0.5662291450647202 0.011070247968350558 0.03764828471907555 
0 0.12785930812205085 0.601889769446622 0.03925733365269986 0.09757912999207494 
0 0.14861226452472917 0.5969292068074769 0.022027697019675507 0.04995990003625593 
8 0.9187306298283343 0.5233587598676234 0.03649442056226505 0.030782610215895134 
8 0.9129565095225962 0.5280002488857454 0.013483225073572526 0.021572227777143033 
8 0.7160802902773702 0.5525422574045026 0.009402285800528177 0.021587599123157587 
8 0.9838531335735664 0.5144750872702283 0.03229373285286741 0.03165106518515074 
8 0.39098580078408846 0.6265908050571114 0.04163626313647321 0.08245795093289315 
0 0.5249972604000075 0.5734298874769799 0.03429915498282497 0.09555438953313715 
8 0.3565337722393452 0.6578724820769776 0.06466401463001063 0.12583559934922026 
0 0.3299227312405914 0.5871028974212851 0.028085002278367525 0.10346956374488091 
8 0.8800619465440565 0.5275056993306723 0.010039417377929708 0.021375194844400956 
8 0.049910646040769356 0.6132015824290038 0.04432563580289181 0.035840099737623504 
8 0.32391494093216094 0.6823535749950455 0.08672502585535703 0.16219901689495222 
8 0.6679693241986234 0.5563061620268331 0.035679734734840596 0.03554867007610729 
8 0.375696156836393 0.6391056999239842 0.04729005036954433 0.10214527738990063 
0 0.05812108917730463 0.634951895292953 0.08001121662997143 0.19806417318006525 
8 0.3523419623463681 0.6073963862290664 0.061893489579325875 0.06911343349077444 
8 0.39754217055535856 0.6159496628433225 0.03654264443409005 0.07540749320569869 
8 0.4454597245422539 0.5805711163257827 0.004866958388972691 0.01514398078877687 
8 0.650047335184575 0.5600208552552408 0.008496897121557653 0.019982921376253935 
8 0.435184960227472 0.5746529813602946 0.005337911305633369 0.012385787140735703 
