0 0.5628442907371224 0.5620027800688553 0.0092586402421626 0.034157666465047844 
3 0.5002411328409296 0.5579193233642334 0.017505622754441532 0.024986567012836393 
1 0.5498389728827557 0.5519932994691943 0.014528552661212474 0.03597218545400993 
0 0.43286960590326035 0.5729256225712629 0.026307219971945985 0.08593688403713891 
8 0.20752175975668521 0.6121766836145619 0.056552694395850374 0.07073093045345406 
0 0.5574433477515268 0.565534546297432 0.026867228473083815 0.08114549853136528 
0 0.602580029268587 0.5584418854140949 0.020409295366546374 0.05724274424642715 
0 0.5431644525224716 0.5527585406684479 0.011327790465279293 0.035451996754378635 
3 0.1266440178394772 0.5919870498526967 0.18634768192885523 0.15058256624301616 
0 0.18397803889988695 0.5930255802198765 0.03344986577496712 0.07472022151534298 
8 0.8141087294745348 0.5298534494129381 0.03272506938659461 0.026322195702006057 
0 0.5896213077833908 0.5597215489545081 0.0254758487417417 0.07728876561615802 
8 0.9670494822181175 0.5133211119446828 0.0384841767392463 0.03051528970882215 
0 0.7991610695537841 0.5552080169057648 0.046622029127699846 0.11714594568858641 
8 0.2548139162402653 0.6019189303211541 0.06004815456552155 0.06471865912639677 
0 0.22609475674371937 0.5962487729196551 0.039332794072133734 0.12427268109381492 
8 0.7880125884681136 0.5303231070263309 0.03306015404957094 0.025478452452658378 
7 0.15309965334219147 0.5861334116240647 0.06237858895516839 0.049422813027790655 
8 0.4567500835727347 0.5672713019590339 0.004289074011697877 0.011383586951573647 
0 0.6183913609972213 0.5434871707682069 0.010171429309491487 0.03374353065663639 
0 0.5750338216706008 0.5551736008091916 0.012152409348749558 0.033006461301162124 
8 0.7377172008831702 0.5363727825563166 0.031200805244107385 0.025421602610395427 
8 0.9004321161972487 0.5204244031876403 0.0349051861478361 0.029239989849747808 
0 0.5564249094757473 0.5582356610152235 0.026871669385293517 0.07962098442226762 
8 0.9396963941984819 0.5164409018070563 0.03627836068325365 0.031453736324660767 
8 0.1614430963937793 0.6252130715465893 0.07510172731730508 0.08851119533377945 
8 0.13047730705172664 0.6310063219138828 0.03770819273891949 0.09901352784121299 
8 0.763054404911376 0.5342875666428778 0.030288451370853408 0.02439659871107766 
5 0.0853149782728001 0.5913236227952738 0.10824540762248018 0.07178543167170365 
0 0.6808506421809396 0.556885791994189 0.03414106084083301 0.08086753684129967 
8 0.9074790321159836 0.5261167634069752 0.0122826413217922 0.01900944111804929 
8 0.3093756685838552 0.5953590895852062 0.052647226358117256 0.053694368395744305 
8 0.3187125938855857 0.7340316917722001 0.06622796787685677 0.14834609259047069 
4 0.012865842340278728 0.5955733098700134 0.025731684680557455 0.07923640108823388 
0 0.1196264803140867 0.5911793819254861 0.03455446732832586 0.0758418527841372 
8 0.7127162127805042 0.5418672741398687 0.03494339243815873 0.030846556135669768 
8 0.3930761628438439 0.6517683409014146 0.05931759480951186 0.12643120523223147 
8 0.021121156868181248 0.6575163785988626 0.042242313736362495 0.07156727388210836 
8 0.17025273997553186 0.6014479767570962 0.031725622568897105 0.02751228379815163 
8 0.6836257179071284 0.5435825612169594 0.03130978156910302 0.025760367593886776 
3 0.4968949442438876 0.556913771687188 0.019624769264790204 0.03160348368881829 
7 0.3467750373692443 0.5542370241144895 0.17450986311955974 0.25658975970158304 
3 0.44242034857334844 0.5614634393830038 0.020134424929509367 0.025212524631277232 
0 0.06515255152288499 0.5970516383810988 0.034665328400776414 0.07433358921128166 
0 0.604969856858753 0.5534761373719712 0.02022356063422265 0.06039319067779319 
0 0.5247900159051697 0.5531038878237837 0.010073583918909605 0.034539435094811714 
0 0.19152584496784836 0.5893729966428983 0.029809973668833152 0.07878069715516638 
0 0.2226262404074988 0.5902208835239988 0.017544079435196237 0.0433947732699869 
8 0.9266208298786984 0.5173801062708671 0.035584590780766805 0.029029112805632418 
8 0.9197867851950503 0.5245504051969482 0.012755035959136336 0.020361030781365787 
8 0.7284439536438712 0.5444692564131375 0.008540628929505658 0.01980535905340623 
8 0.9877528365404379 0.5108895132428094 0.024494326919124346 0.029372703107890617 
8 0.44457640185028924 0.597946397170443 0.02939533323374583 0.060842278736436446 
3 0.030700331845521966 0.6105070626697418 0.06140066369104393 0.1072635870761221 
0 0.5865693982055481 0.5625625008700608 0.03025765057953791 0.08223512295504533 
8 0.4275106406794612 0.6137706084452076 0.03969628312499125 0.08321800059052546 
0 0.39372714096090633 0.5777765416042917 0.022324021305809013 0.08217662476981522 
8 0.888145968870298 0.5238013718258352 0.009484604827984527 0.020149374362395698 
8 0.14158951981025794 0.5986604200749136 0.035561223570612914 0.03011992469301466 
8 0.4144297808340218 0.6287078320106803 0.046807200757496406 0.0986691457745015 
8 0.6836359421061735 0.5463426818130802 0.032894945678657736 0.03211490454254058 
8 0.4367218982441948 0.6102472785614728 0.0309791916626034 0.07284166407156388 
0 0.23121014443610477 0.601091587152202 0.041863955437330846 0.13176425740138034 
8 0.40801769346246647 0.592971195654222 0.048249001199560555 0.0546272179363577 
8 0.44709628572403987 0.5962884677666443 0.030460075147516506 0.059324511658205036 
8 0.030514423373135077 0.7303839200876865 0.061028846746270154 0.08256757368710409 
8 0.6665769025152494 0.5487513297455863 0.007669783131262165 0.018198004684402032 
8 0.4654494006367 0.5644142721999194 0.004187884937733557 0.010896363375751056 
8 0.4685344881929271 0.563700872150464 0.004919298810969579 0.011498030413161093 
