0 0.710003975921546 0.5750075850657446 0.033852989451222726 0.11148827747715176 
3 0.5170576881785625 0.551846728982327 0.020030123569270444 0.037210322765152265 
3 0.3902512521934075 0.5688082815968004 0.041544951304511815 0.045693529883024046 
3 0.3897771909827884 0.5580447323934107 0.0354989797194149 0.04879081073902171 
3 0.4243378462312458 0.561463512186917 0.02401907849488403 0.034457127384301 
3 0.3138601607582353 0.5787163845896927 0.060705376611923684 0.0549175155545087 
0 0.5787050111989318 0.5507544343665073 0.008439445967798633 0.03567333676126768 
3 0.4309510193196989 0.541953940003402 0.024455960508579934 0.03940330441557668 
0 0.6093271030227411 0.5460047731913305 0.01413651618948279 0.05053931124919346 
3 0.41468057064048097 0.5609831115466869 0.02900465160778687 0.03753105147018788 
