0 0.7314245763441273 0.6185090978408058 0.05859517139076189 0.18331238138254768 
0 0.5158652105503496 0.5845625860370471 0.02014132294407787 0.0792551071514138 
3 0.2298215971132607 0.5742231744108622 0.01707334289166212 0.020116722839435712 
0 0.8912799515095791 0.5594424302891916 0.03781922746127961 0.0820280071879014 
2 0.04028101774821243 0.6345414690637975 0.08056203549642486 0.15057920275269 
0 0.64398789232577 0.6100192110730813 0.04352739541310456 0.15267669344171345 
0 0.10199411616016121 0.6481682497399018 0.08228168431960294 0.24721330551976198 
3 0.37124373926834564 0.7103366171181421 0.26061623959038516 0.5336068538812914 
0 0.7088676873501768 0.614128434510741 0.04345875951222254 0.17779571824829457 
0 0.6921860613284946 0.5951940449482763 0.03479684837706572 0.1385156686875224 
0 0.7359647314443024 0.5967642845882012 0.05972939988132481 0.16995217413321143 
