3 0.3338723751550215 0.5767613418733221 0.06239204042168133 0.04937882406598646 
3 0.2745434274896939 0.579604410393283 0.044191681626467555 0.032702808109424636 
3 0.4664478445071222 0.5512860999600167 0.014556954290154068 0.01676883224740632 
3 0.042753878998427766 0.6177872087591398 0.08550775799685553 0.0911512718656176 
3 0.11402390596776296 0.59674336032378 0.10426340590172906 0.06691880859364062 
3 0.437354489899481 0.557589940050242 0.022871913075986756 0.02327721265491151 
3 0.20511616659010695 0.6024582314748615 0.13714240543673498 0.09496292272643977 
3 0.5369736029217964 0.5470284408675261 0.014455044924712368 0.014726585236324656 
3 0.3925866345877649 0.5624132698068517 0.02453617459987939 0.021986785127660304 
3 0.40965480360713297 0.5658023498492576 0.032642134463997365 0.03133344327606444 
3 0.373797544047833 0.563654676013676 0.02392067900101196 0.02507302910733434 
