3 0.45651413322806433 0.5414389850998909 0.0343059594723389 0.03854213231090777 
3 0.386778409507332 0.5525037820430547 0.042243867109967324 0.048107477230927946 
3 0.5161075068078 0.5426225750772828 0.024485954206998388 0.04474376913641632 
3 0.31672432130343986 0.563817145663021 0.06581821238622443 0.048502596917960675 
3 0.2793824612149862 0.5600002386138229 0.08690255411138206 0.09099822906801004 
4 0.5025842982598405 0.5099380586616389 0.02390481232809897 0.04376786890963842 
3 0.40737502198502096 0.5523767806068681 0.030088219284704537 0.03466795834012651 
3 0.3493559118593806 0.5600834632135412 0.054023455445279894 0.06165853348601609 
3 0.524309956856818 0.5362016964373317 0.03418536718353238 0.025376429158133016 
0 0.35291120350254973 0.5309070180722323 0.007862794945708984 0.0229469866596604 
0 0.6132472759544387 0.5332970544376561 0.00941098707284823 0.037595556883842265 
0 0.7090256935020389 0.6213923322736719 0.07554051991593141 0.20578670588121226 
0 0.6478795365726004 0.5493209376725573 0.019838455660674086 0.07895782854476491 
2 0.43519749140954433 0.5492362327069021 0.010518766259291042 0.03328406990432282 
3 0.42086668610553696 0.5471344639855918 0.02794148155804166 0.03021221535692266 
3 0.3923778321988398 0.5344804608324164 0.03989595749822634 0.05737240824715059 
3 0.16960551416031439 0.5776431988511401 0.10895597233984373 0.07194926074722932 
0 0.9069560840742333 0.566081656230059 0.08673773019309437 0.22159360412087906 
3 0.30264509367634296 0.572538971355972 0.08234642707301763 0.07890062114633793 
