3 0.8563654729238986 0.6107943512721287 0.2872690541522027 0.15836499972606172 
3 0.3454301677115441 0.6005418378187426 0.17786906001372807 0.10003529461150158 
2 0.5605000018741866 0.5612799547957965 0.035243292528916684 0.04042002621159731 
2 0.5538568629868489 0.5510087462768148 0.043766683529897675 0.04566676112312987 
3 0.7223911032513798 0.5863849910743556 0.14095439353261924 0.08138569686646431 
3 0.12710140843760886 0.7268858175049614 0.25420281687521773 0.3646756036002631 
2 0.5532120991601887 0.5538721366708054 0.03665570895404962 0.04512538115673989 
3 0.7970046912034707 0.5991119123790157 0.19668247375819775 0.10924379355613623 
2 0.4518200956336252 0.5396181773601834 0.02991751651376319 0.04104618806765182 
3 0.7515182921185016 0.590805061284839 0.15491156894095426 0.09777369267068373 
2 0.6015163954720166 0.5521202943910914 0.042763047464919025 0.0416335884685977 
2 0.4505025886809863 0.5541361832592496 0.036003595910048175 0.04092772701804607 
3 0.022357172881079072 0.6053704368569621 0.044714345762158145 0.13806404349895185 
4 0.27061900083511337 0.5233775603974695 0.2572147125487528 0.12621912836669108 
3 0.23316374020856218 0.624980062713255 0.27864826379674096 0.16708049145799722 
3 0.17188156674097896 0.6654490440432803 0.3437631334819579 0.19907128935571633 
