0 0.6534843409821227 0.5441690954065725 0.03778379010214252 0.08477973147716872 
3 0.20675312367090878 0.6072155980635681 0.2559339753329918 0.22300771961558793 
1 0.7244401827783071 0.532440990247511 0.022414317603893324 0.020408909241689848 
3 0.570704323637801 0.5522073727129325 0.11033809828123196 0.09576166699503649 
3 0.5268899053386068 0.5362755888150017 0.022079758418717007 0.031252731409514546 
0 0.08379514063646987 0.5771786214123348 0.027981468070322296 0.07678861018288102 
0 0.3339441407053381 0.5478563346807395 0.010883119917732244 0.03667067507576367 
4 0.49368651626572074 0.5121513955089673 0.03813892482327318 0.07804633801159841 
0 0.18213141870178717 0.5355517745479281 0.015914680370220077 0.046492185620496056 
3 0.4965964675451058 0.5384550162427049 0.020528818823409907 0.030256981050934415 
0 0.17564206869198704 0.5667962883904581 0.017303585435494356 0.06356245358990242 
0 0.21525408976989366 0.5421886953606239 0.01548862884673838 0.04724031841528289 
0 0.0023003793058666545 0.5240286110802553 0.004600758611733309 0.07184697766323672 
0 0.6443003740006685 0.5227376610693548 0.010259221783041497 0.028053206055719593 
3 0.8723228105466252 0.5569623473739658 0.08936387905624316 0.05387098520733768 
3 0.4327818039710903 0.5378947771230912 0.015516992979113482 0.024761509781315062 
0 0.1999778187232827 0.5526914057153477 0.016845756567999717 0.051906404359636754 
0 0.298605239160371 0.5334441263973285 0.010307089952937894 0.038429634848709184 
0 0.23100892672913495 0.553980275519498 0.0158231385927132 0.04893351590548099 
1 0.7320819970175484 0.5305476837690264 0.025400852250823364 0.02637474639845613 
3 0.5237604164633158 0.5325156220738099 0.020843680937625706 0.026138780423027332 
3 0.08259839221191584 0.6405727261161483 0.16519678442383168 0.17354146617338592 
3 0.043589898844711844 0.5686773356856518 0.08717979768942369 0.24916557773822035 
0 0.32363446972363763 0.5623324627187987 0.02794936894883364 0.06243548993677305 
0 0.10434066890470213 0.5750365595239441 0.026417375726289834 0.06996281134548288 
0 0.04332076510032876 0.5391780344297421 0.023525598282946203 0.05670552113470977 
0 0.34257406296894766 0.5441257521784003 0.010042758891833472 0.036105989001668615 
0 0.2722000749323384 0.5437884121965395 0.012431637745028397 0.032869972418583304 
