0 0.8964031752125535 0.6337147975273744 0.10313174180828881 0.24291780190005965 
0 0.6579295053589513 0.5904235111874677 0.020959105397762842 0.09429580755642651 
3 0.17790170492115087 0.6181935510069595 0.12441984415789005 0.12743882344128868 
0 0.7382164784826845 0.6098359928029939 0.055172948166106864 0.1787236157581295 
0 0.6279256841221998 0.6016073171302496 0.042983534398362194 0.1384745451256335 
3 0.38773292197945713 0.7156252526670499 0.271337332961663 0.534614091975714 
0 0.8179233737670771 0.6240729319337649 0.05925391539286224 0.21294055951210675 
0 0.779610920418929 0.5905039980385378 0.04177977153471105 0.1529526638304198 
0 0.9273966091014234 0.5953491402789005 0.07550574662822257 0.22290332894839573 
3 0.2811533098735308 0.5825506556036366 0.03979005417920558 0.040810719142079455 
