0 0.2833683302730439 0.5732380440883222 0.018571300880330596 0.053497139248859564 
0 0.5347621476208003 0.5415170155218958 0.010967921980767273 0.02904008095954642 
0 0.237366635128964 0.5822398358407099 0.016412778715247534 0.061328559301959636 
8 0.6700086535453914 0.5508868972945322 0.023671731512255007 0.030722034970171546 
8 0.8103353662088306 0.5283302339551911 0.010238552706680082 0.016340276105241792 
0 0.08388528068206555 0.5957876630304118 0.027121706244998354 0.06331844374086011 
8 0.6556931909521901 0.5528988995020799 0.024059021626770802 0.03153841397511036 
5 0.900754773104356 0.5028118922943353 0.06698801121008216 0.10812614051422789 
8 0.4875874958779457 0.5707984055093447 0.03979189956454455 0.03886508939869518 
8 0.6242514521413784 0.5561104196866147 0.02958212937464296 0.0337752421715789 
8 0.7298697380257795 0.5415722160516148 0.018212890121835416 0.024313729851355423 
8 0.4563797836003525 0.5745530746521053 0.04466280754899692 0.039964736674361914 
0 0.27989216810195455 0.5795685746335979 0.018539708947769285 0.05822477259515646 
0 0.1620439535898559 0.5908954396251228 0.02070431112126956 0.060065923978744676 
8 0.3813336335418186 0.582625547260878 0.05225050877357063 0.04603194845331561 
8 0.5711828121183371 0.5633189816835917 0.031558503615953484 0.036173318349619434 
8 0.6056095788341328 0.5592299667646081 0.029795620779013206 0.03669987165549944 
8 0.4227246505708084 0.578204119738319 0.04517116787427654 0.0408877598400753 
0 0.2451615972025857 0.5809414912673085 0.019500063144896666 0.05515826588749772 
0 0.02527092058591792 0.6078814533365267 0.03672830553985008 0.07419783531135005 
8 0.5793131326281749 0.5655901002454549 0.012668434531532213 0.024007170568060714 
8 0.3376510312377682 0.5906114681302534 0.06712029353674978 0.062105049677422246 
8 0.28004962284828966 0.5958023220421047 0.06803331449453158 0.05547420482791747 
8 0.7462047720029525 0.538572106249436 0.015341976420406666 0.022311789871119078 
8 0.6834570518242444 0.5499845161384088 0.021909142211022043 0.028566136947824818 
8 0.720054885825875 0.5420145170858476 0.019672234398704233 0.025456954192928392 
0 0.16159213346342952 0.5888074800070737 0.02082318058940512 0.061334590727946586 
0 0.25050020905725484 0.5813275677853744 0.01848851361969661 0.05531131710026803 
0 0.8020269334318879 0.526178641114486 0.01062919165840384 0.02838557809931217 
0 0.8640368996830122 0.5294555390342157 0.015957275484497446 0.04531846808005159 
8 0.8684129750325963 0.5379442276330114 0.012543408156164447 0.03289167296066965 
8 0.8047120145721735 0.5292640916583927 0.010558190495710421 0.01620461056556937 
8 0.5914852994820773 0.5609469960889751 0.029935941935218507 0.03413681015493485 
8 0.6710523788710026 0.5501081534372954 0.022364293861178625 0.029022334678247465 
0 0.7876467605649089 0.5297768178545861 0.010122891519945228 0.022657615077965387 
8 0.709019655299586 0.5447278054378798 0.021289019433550608 0.026380782125606732 
8 0.5904241690683121 0.5640198242985013 0.012349865350837135 0.02511439900279672 
8 0.3711502480723747 0.5928106384748919 0.015461001393170335 0.03752368505607314 
8 0.6968972346895413 0.5474516896726837 0.022015221633855477 0.02799294175779715 
8 0.6408613383585682 0.5549560061772401 0.025773992796106315 0.03226519152197227 
8 0.7385121388418179 0.5399920172495558 0.01608248940578619 0.02367642204927405 
8 0.5613922425144019 0.5669408851336101 0.009736061950886069 0.025955531177362066 
0 0.0500862252108597 0.5936552032464275 0.015270530210583068 0.03692429407679646 
8 0.27831051076961777 0.5999562813322911 0.07320865881274873 0.07097755831129392 
8 0.2418063695056564 0.605600928985804 0.017690191035989997 0.04097501039411946 
