3 0.431754294315369 0.5517305482318544 0.05088797779037058 0.05550363012325186 
3 0.29321766924388715 0.578013745315329 0.09344658968009598 0.08670671344849748 
3 0.5167319793397528 0.5446068671426438 0.03327217092947258 0.05378574759461767 
3 0.154600627006039 0.603860729459317 0.15412141838293122 0.09598215060618391 
3 0.06331118430657355 0.6014870910790842 0.1266223686131471 0.19621671005266383 
0 0.19913880635415346 0.5352141897715464 0.017200269968648565 0.04559902823534148 
4 0.5003258154113336 0.5112707958364926 0.02792739407783863 0.05244984592647812 
0 0.2667294669520159 0.5296298168144097 0.014133396075594789 0.03572688553881992 
3 0.3514805604469861 0.5694354430523801 0.05455054749767186 0.05473287805353133 
3 0.15705318628073264 0.6026037829397313 0.1750958851254646 0.1420894361409731 
3 0.5872554543060311 0.5356883323803001 0.046792235968677647 0.031122129876632255 
0 0.3186912015120588 0.5416447555121398 0.010004899824856821 0.029042518412945872 
0 0.6545809415551479 0.5352487444680131 0.014943159723982262 0.055345452138604846 
2 0.39142775383881295 0.5668105159102637 0.019879199692252884 0.05329216702355255 
3 0.3816214170458351 0.560475154038805 0.04501804158567858 0.04430536142927116 
3 0.34078293136887217 0.5469856156370779 0.06616884590356292 0.08402608148547276 
3 0.030643659248172122 0.629078623737285 0.061287318496344244 0.18219283080444093 
