3 0.41883618973722336 0.5626122766812492 0.05972276667933109 0.0638090835544334 
3 0.22893316315269047 0.6015911985005702 0.1375912195316445 0.11487305372075109 
3 0.5185502397099941 0.5514060770886428 0.037353254645823245 0.05761836437931657 
3 0.07511716764238105 0.6341848928890103 0.1502343352847621 0.12815896496831253 
0 0.1618390502337094 0.5456694056031901 0.01999401419628672 0.05100283823256796 
4 0.4993001299843674 0.5183594160058592 0.02937820727114044 0.05574706109229194 
0 0.1276850444434154 0.5946663174356812 0.03951892042556247 0.07872180586932574 
0 0.23979799177153888 0.5390515969418223 0.016250500233648248 0.039534964257328324 
3 0.31962629353677274 0.58383323782371 0.07069283992027661 0.06619103619948243 
3 0.06592147603012048 0.6409625604618392 0.13184295206024096 0.19192952779819603 
3 0.6188139166600954 0.5415833953816319 0.051727410819627125 0.0336567224637185 
0 0.3054704872738095 0.5514873779553983 0.010795087925644858 0.031579050900201334 
0 0.6768285089608682 0.5427620613348704 0.01803805726082146 0.06459614992754881 
2 0.3623125088727241 0.5818618878085972 0.02712638277094932 0.0667656001710466 
3 0.3614644067060448 0.5742577210570798 0.054698220122680254 0.05168175088813535 
3 0.31418281204402315 0.5587321507874615 0.08127867998015699 0.09791957807068387 
