3 0.6905291727766484 0.577192353932119 0.14389039636782514 0.08332609919848658 
3 0.4011941023744832 0.5772321371575296 0.10825248769793405 0.06176500756150984 
2 0.5388661603481653 0.5553031922129356 0.026484967263552976 0.030526257344353793 
2 0.5341410691925944 0.5477104133229618 0.03384157280485219 0.035517069793777785 
3 0.6425396280314927 0.567689264329011 0.08812651104043774 0.05310343434225546 
3 0.30505416697217136 0.6011287558634814 0.19958417243432736 0.11719683748106326 
2 0.531410382513194 0.5491295074129064 0.02784753015662176 0.03444574980020446 
3 0.8163037559876 0.6102031224171788 0.2373426223599684 0.1385670828103779 
3 0.1751003797334377 0.6379840934245375 0.3237137285624567 0.1753864769497037 
3 0.13899842967340892 0.6845874078280022 0.27799685934681784 0.27550609734483505 
3 0.931227284128633 0.6891651212582328 0.13754543174273423 0.34413438647230077 
2 0.4549207131513076 0.5353792215523052 0.023026050858913367 0.03177496512997853 
3 0.6547029550875937 0.5716312554617369 0.091532019243555 0.06123761942594955 
2 0.5706374770783506 0.5462381980080335 0.03237976479028731 0.03191207350233254 
2 0.454531212967384 0.5464629727846746 0.027557336713912334 0.03146762240423792 
3 0.16100725307579775 0.5811447282313977 0.14514732559823362 0.08296002059452336 
4 0.320055964309349 0.5298073190359887 0.19254274274995667 0.09463659689826828 
3 0.3602200539343245 0.5814256128577826 0.1383950761896023 0.08430761089486762 
3 0.34799869532077793 0.5962437644529504 0.1535876247725536 0.0865875323567775 
3 0.05043399963414861 0.7285259293893351 0.10086799926829722 0.355678612877398 
