5 0.4037120962530249 0.5549051284267751 0.024422554079934714 0.029497118090699624 
0 0.5727916296053154 0.5467402954000926 0.008724005541612883 0.027745569982238674 
3 0.47552754766241817 0.5637742831439346 0.04057057930094778 0.05180857241014558 
0 0.5960210983120594 0.5485130475600737 0.012606976388256825 0.038630873160960595 
4 0.3766016466630752 0.5423591760860887 0.03192742154950572 0.06094991462005017 
3 0.5205788563242335 0.5517006366391904 0.029358465386210852 0.04504689761538354 
0 0.223064902040529 0.5946948810449537 0.009667365488389947 0.05227550749952627 
3 0.3285075805951337 0.5699323716084488 0.025648078517452044 0.03291916643336019 
3 0.49299041303658914 0.5503761740438379 0.01769720750359092 0.027614346856905298 
0 0.5808798299764577 0.5416982444419989 0.01087800033041333 0.03421359916584941 
0 0.5877501196411169 0.5462244992776926 0.0107323775317915 0.03331005614994075 
