3 0.4090096687003852 0.5602557513609174 0.029363911325789544 0.03261976616799586 
2 0.9745039653310361 0.5933611781096761 0.050992069337927715 0.19360867190694717 
0 0.5560127564332192 0.5484842758105906 0.00540071686449231 0.018556158818706574 
3 0.3611837953301392 0.5634536628769046 0.04163483819668123 0.03619368815985486 
3 0.4617155664771343 0.5825852540117863 0.052640324049124915 0.06829238835805718 
4 0.4168893443462339 0.5336373067536461 0.016739104127869168 0.042773388119212226 
3 0.2939860536670179 0.5818750671825816 0.08958165022463327 0.06591435928240659 
3 0.5173173555414777 0.5646692316293311 0.031013210191310633 0.04706453321218583 
3 0.0181262314769331 0.6260687729498804 0.0362524629538662 0.16371966161692747 
0 0.3515776815235969 0.5726779203551544 0.0043684503986174406 0.02969011965488423 
3 0.48742125613022635 0.5619518040156165 0.024316073059344988 0.03544713122609867 
0 0.259855880809244 0.5606668971953429 0.006585890340829366 0.038244478654021224 
