0 0.6626654661937628 0.5825255819210543 0.042395152080253955 0.1606614639110013 
0 0.6325550727852814 0.5691287900750948 0.03509052875726915 0.12099959619170167 
2 0.9539481450220711 0.6437903676157966 0.09210370995585791 0.15822837581818613 
0 0.5593930035912105 0.5802378994621356 0.027598703148958136 0.07627620208637381 
1 0.1720937234525824 0.5961863056896451 0.07517464692912898 0.03425456656506501 
0 0.6735330920401158 0.5618166506093172 0.04138492484049323 0.14376795987684027 
0 0.5794546870707356 0.5633379003926688 0.026302764921021266 0.09875200571485784 
0 0.5158048044350906 0.5893483025646161 0.031104921301048947 0.07824127642515767 
0 0.8706304785225624 0.5956483020582447 0.1012487028065992 0.26014035976271754 
0 0.5554056389064727 0.5632892881928229 0.03664134191758457 0.12195429133474382 
0 0.5669615889593298 0.5713474689960213 0.030769348224854626 0.11997835635703584 
0 0.15828983411453296 0.584683794969699 0.01752963119396906 0.04641815389532098 
0 0.6915359859665503 0.5688662189369931 0.04496390077431002 0.15534639732988487 
0 0.7320699417303805 0.5704281728016571 0.04899352295339483 0.1735123002255036 
0 0.5885633077621693 0.5767365626031496 0.03254240619484151 0.11618147777119948 
0 0.6387614065139137 0.5680835338165554 0.03976868770124362 0.1370279993653191 
0 0.49099312317672983 0.5748215833601451 0.025240096448844014 0.10832726978821212 
0 0.6014485744768462 0.5765870733614343 0.03549781366961462 0.12379378044446272 
2 0.9474357068752545 0.6612840365156409 0.10512858624949117 0.19230715152085617 
0 0.5202088944299982 0.5715442757967126 0.026545802804762035 0.11475059441466777 
2 0.9317672045459461 0.6734395277388476 0.13646559090810811 0.2050020544937619 
4 0.2872848139943425 0.5401526246149971 0.2925512771021944 0.2415759442193208 
