0 0.005886407707698572 0.6022864035131883 0.011772815415397144 0.08145615952203741 
0 0.36312719499020957 0.5607458530363303 0.0146095197966536 0.03613344458901224 
8 0.5340825146770201 0.5711272393301022 0.025520430919911234 0.03602087967103235 
8 0.6589846675880024 0.550136186862439 0.008474011067569905 0.01614931221385853 
0 0.6535288248698825 0.5435350098730395 0.009510073649930178 0.023255709075809754 
0 0.9961114421837701 0.5274228639148351 0.0077771156324597255 0.06298618930290704 
8 0.5188024778346886 0.5740631887248343 0.026683673713537602 0.03776928311397323 
5 0.7623770601032493 0.522613241234657 0.056367221275297225 0.11112961571449918 
8 0.28733163966328057 0.6057459026929668 0.06650062202960352 0.0604142549205772 
8 0.48314730229254793 0.5807692848607381 0.03526431103896201 0.042458841331680396 
8 0.5927726833381209 0.5615790520611699 0.017459334332550185 0.026441076157820664 
8 0.22953390265288717 0.6134116621587373 0.08191681267412068 0.06642920012099504 
0 0.0006871704030258993 0.607281984350086 0.0013743408060517986 0.08812487126031152 
8 0.06147634621147265 0.6332965795711608 0.1229526924229453 0.09005576287392185 
0 0.6551533286314816 0.5422604523241537 0.008880872427201467 0.023283859466607926 
8 0.41582221204096925 0.589583274458031 0.04211947963063963 0.04865303670390871 
8 0.4604988302591707 0.5846484937487908 0.03706094950133895 0.047431414933365536 
8 0.1546264162608189 0.6188797906799861 0.09392720150494319 0.07301663862626835 
8 0.42602618457097763 0.5922836099598933 0.016677784845503255 0.031793980569605584 
8 0.009781523650096225 0.6477394817269091 0.01956304730019245 0.10577595717908872 
8 0.6072045429388071 0.5584496480864146 0.014101076370698991 0.02377754840510919 
8 0.5479871810242486 0.569875011421995 0.022981658801642126 0.032916649328574486 
8 0.583775190209583 0.5621075851535232 0.019265288047829045 0.0280025946406217 
0 0.6651627766168612 0.5421882917173613 0.009960380153543155 0.028040350367220537 
0 0.7245372882475565 0.5494912213164344 0.014912391822252432 0.046695369680495494 
8 0.7281716678771389 0.55559465046434 0.010482156929647601 0.0338280660078058 
8 0.6539246173501191 0.5502655737726814 0.008824500781046254 0.016035086200484504 
8 0.4425725380917291 0.5859266731558508 0.03799607064043855 0.04446493939550149 
8 0.5341254970399574 0.5651456475830511 0.023857502620881307 0.03338398824909322 
0 0.650156016532344 0.5410358462936563 0.00836893798301432 0.02257660667501164 
8 0.5733309796904498 0.564845202801566 0.02128965725428252 0.029443262860640907 
8 0.4402606557703894 0.5913072176391475 0.015912209893999434 0.03282688048713453 
8 0.01620818555483717 0.6629229117450978 0.03241637110967434 0.07494217776617473 
8 0.5615137277224147 0.5672856456023065 0.02251870835607605 0.03171742001418434 
8 0.5019868310561048 0.5767459571299602 0.02964212576943858 0.03950683041316981 
8 0.5025781756867246 0.5762121426838651 0.02748004471265375 0.03769343604434823 
8 0.6004300564441503 0.5591024318157913 0.015055985781155528 0.025449087510993486 
8 0.0070209036888123025 0.6464077687855488 0.014041807377624605 0.09481450419375732 
8 0.40265009904532295 0.5928565688556195 0.013091095302740925 0.0347446284261284 
