8 0.2733455948908344 0.6202733112500843 0.06081011726386912 0.07280094893095654 
8 0.49255628642518273 0.5750474234461723 0.009519398170166725 0.019533925870809286 
0 0.5072904179054994 0.5677611527180141 0.009117769212234847 0.028167403398107922 
0 0.9040444523097262 0.5648396194520567 0.03644313943208189 0.07327917620149277 
8 0.22690724229184447 0.6280158569204435 0.07331418038172348 0.083173895488981 
8 0.24143102230319144 0.6212204461728015 0.06800457909926035 0.06975243745053718 
5 0.6455813570853484 0.5420758017499155 0.10005388337674553 0.1679419177037025 
8 0.08085145942265136 0.6584742086145464 0.1392426984482975 0.12007071555758468 
8 0.3380479684368706 0.6056066421553179 0.03820336953325878 0.055052769140180924 
8 0.4374713920324805 0.5906426934795117 0.010484717864454467 0.020995826058966712 
8 0.4014073616879398 0.5922369501350349 0.02790406495641257 0.040763498317643705 
0 0.5061250875068417 0.5681709970784812 0.00839254905138766 0.027950546361162575 
8 0.023047446082456485 0.6742066290782375 0.04609489216491297 0.13067340572245043 
0 0.5231276573388202 0.5689676965346014 0.010770029421370283 0.028341257876770415 
8 0.42548543518130816 0.5863846825969224 0.020620034003753104 0.034422997473521566 
8 0.30971079225506976 0.6122776328915251 0.04919310596926895 0.0618160537271942 
8 0.38534566611604554 0.5958788514628316 0.0324858377739946 0.04491428772667531 
0 0.5225886498675765 0.5652086686709048 0.011581433722636092 0.03342681094046535 
0 0.22848351926143579 0.5634775511828215 0.010718998364923422 0.027938300050631647 
0 0.5952853509402634 0.5819664285701849 0.02025312840510722 0.06877565837210031 
8 0.6002654932367019 0.5911736693739104 0.015412970611047357 0.04934944740841458 
8 0.48650992412418137 0.5752802393849248 0.010045686124227729 0.01944434768991452 
8 0.28348530408341843 0.6140355373575632 0.05269196963171229 0.06367089980095367 
0 0.5078291531697569 0.5678205656271386 0.010360631369325546 0.027301881115584164 
8 0.36525675296796806 0.5995005149988563 0.03837699207518781 0.04927888087420128 
8 0.34063306252580355 0.6063026206832854 0.043881605542910054 0.05607611580330614 
8 0.16714483888196732 0.6394839991941013 0.09459513626102126 0.09640172372455658 
8 0.18888337671531152 0.6377321678781115 0.07989908340976806 0.08548129414343887 
8 0.4144941872891502 0.5903060410328435 0.022952136871634964 0.03809256096188897 
8 0.31566485005010825 0.6088195711017733 0.04700945448751707 0.056217020247713786 
