0 0.8158586688560817 0.6210727428033982 0.07462579826904332 0.21370038640163 
0 0.5296056007567203 0.5767600008443777 0.01734216420832105 0.056233414279540234 
3 0.0649966678754917 0.6313780333877292 0.1299933357509834 0.11503882033968113 
0 0.7343797210744012 0.5667555449187065 0.031390180615994724 0.07167371994225624 
0 0.7078346481141015 0.6112203101054039 0.050493326783182794 0.16731053508671373 
0 0.30597575430190893 0.634374905841954 0.0614689833590176 0.19772984455862647 
3 0.2467702937117464 0.5797941483502561 0.02835642146567775 0.033343930845254464 
3 0.3839787436739095 0.7084966366764011 0.25601365174603474 0.5054492090121857 
0 0.7815158303949179 0.6169849763041124 0.052346955202759345 0.19913998102939118 
0 0.7599216441952373 0.5944013538286341 0.041059473923711065 0.15244628607416263 
0 0.8165349715863519 0.5958914423280157 0.0765174748409889 0.18887914482704535 
