0 0.578780440324377 0.5687499957612512 0.008206815895348284 0.03033360615048985 
3 0.5228713774394501 0.5693036356613909 0.01612602330874161 0.022730740505384688 
0 0.4718942856416024 0.5763807213060231 0.01998711027576732 0.06517727505649754 
2 0.8428097016357213 0.5633504472456793 0.05252928317929289 0.11667711925969361 
8 0.30952593881349794 0.6029929589195484 0.0339677374733083 0.05026768882845014 
0 0.6167696776107117 0.5659362925670278 0.02510878641675838 0.06844664765721771 
0 0.6095590433912857 0.5670370696866951 0.016810731382041696 0.04708655845476383 
0 0.5610023179246865 0.5633270593667562 0.010055751781390967 0.03146908287222295 
3 0.25999106069038486 0.5865234835635884 0.10783341877056074 0.1030159417777551 
0 0.22993149969755358 0.5915788566093724 0.024592326744713126 0.05797725630758028 
8 0.8000930109457918 0.5434396472338845 0.02904568737855243 0.02317795323320139 
0 0.6527754838057567 0.5666969348139574 0.0215390719909756 0.06542893924928339 
8 0.9395205510305692 0.5290889577494411 0.03441886353402381 0.0271007741574722 
0 0.739795604841405 0.5624622532755478 0.03160725094173856 0.08350868349581339 
8 0.339555462082421 0.5962139872437592 0.04151044981069216 0.04776468462036102 
0 0.3291534392147392 0.5834071413774936 0.030815707031173964 0.0824986217445152 
8 0.7813955711014947 0.5443302268729033 0.02928281672152082 0.022362204744552704 
8 0.7314998149465882 0.5505583145657196 0.027469092248366706 0.022210069264640045 
8 0.878846640791972 0.5359115326362146 0.03130948216425125 0.02592680706278107 
0 0.5696405062631492 0.5672448224068749 0.020942123699994326 0.062114193981364564 
8 0.9137317557109376 0.5321954829038241 0.03244369473652526 0.027882621236214884 
8 0.2870526112393338 0.6108270232154954 0.04157628520375152 0.05975787441646945 
8 0.2830840349217132 0.6122357365120146 0.03012033635563121 0.0639190572080583 
8 0.358242735911773 0.7454701971125456 0.05999981412859022 0.13159103417920429 
8 0.7524770051739863 0.5485849403710411 0.02668705144918789 0.021366285018321364 
5 0.17727268062863855 0.5942430785840173 0.08540692826022371 0.05980964150480474 
0 0.6273896128612546 0.5660875935755716 0.021184464002261975 0.05841954216941272 
8 0.884302432831685 0.539226430502099 0.010569107920812826 0.01683009904672196 
8 0.37745182122470894 0.5936466451943951 0.03915256378064982 0.040577512307772345 
8 0.4393411722264976 0.6469055607231634 0.02774640930859313 0.06815872797167243 
8 0.7090015782144303 0.5536726036099637 0.030630145861332923 0.02683889652469841 
8 0.46235996981790806 0.6192423885425046 0.030163798947256525 0.07241963408688043 
8 0.22984828707593083 0.62584263682271 0.021754512799605268 0.04338934714851613 
8 0.24140857608254862 0.6033199314320808 0.02577855791156953 0.023225719838321512 
8 0.683345387260874 0.5544245237268802 0.02741461562756186 0.022425409020282058 
3 0.5205648102428884 0.5671044317461411 0.017656734200145508 0.028430092256454348 
7 0.42462606230957745 0.5632656258385433 0.10588113196278158 0.16525941443750142 
0 0.610381110538723 0.5650156816116221 0.01647364954257789 0.04997900617142597 
0 0.5454012184300424 0.562928721161538 0.008980861528571893 0.03074109055387396 
0 0.23385119743100508 0.5924209451107285 0.022330569304493012 0.06179414109413358 
8 0.9029807243230892 0.5326312984265298 0.03194646125336604 0.02579928303513049 
8 0.9645636736277995 0.5264254207241195 0.03242555434666741 0.02704992482786799 
8 0.4841950259316152 0.5943318615431163 0.02027746649236093 0.044309867087162176 
5 0.05192732882629925 0.5641374202516337 0.1038546576525985 0.2513201980545481 
3 0.1498198158151189 0.6055639807424829 0.12355753837690704 0.08751709535375565 
3 0.0862099571675222 0.6322748190219213 0.1724199143350444 0.13338838816939344 
0 0.6484353142576137 0.5668409361598095 0.025363330877646178 0.06943884288921261 
8 0.47661627436480175 0.6040931462569779 0.02463183710026719 0.05588491560947609 
0 0.4423344248413841 0.581858046012275 0.017316666674172296 0.0628646562153946 
8 0.21763253385708178 0.601124825328065 0.02873003867610535 0.02538432650823476 
8 0.47063693957170133 0.6105411056617553 0.02674033101326323 0.061877559769549305 
8 0.6829177277369979 0.5570479869734327 0.028672706333457542 0.02786991445075393 
8 0.480219936610567 0.6020514965324418 0.020117923928149466 0.05097361383557313 
8 0.11027586163896437 0.653866640292535 0.03228968398710622 0.060886267860856075 
0 0.3390830804712384 0.5929637129732408 0.02416027311173785 0.08939709702389861 
8 0.4841741485475011 0.5935248116662073 0.024364985412833134 0.04490509457219357 
8 0.26347764135950225 0.6549176701622728 0.04597092111162986 0.044024074084453184 
8 0.4901177630539037 0.5735001160230119 0.003796487573236007 0.009980815352415422 
8 0.4940392376877186 0.5746959882820967 0.004473507553783236 0.010591114824831797 
