3 0.6597264771952647 0.5609722571753705 0.07608013724632606 0.04458224558829771 
3 0.05543511323324691 0.5737136838884836 0.11087022646649382 0.07494311673837122 
3 0.2668174703897212 0.5690716405156033 0.12912888818079524 0.08301923585072019 
3 0.6445920669441444 0.5557681252592096 0.05371794937707357 0.03250803128718543 
5 0.2334292736977465 0.5433396998386343 0.08903615048598593 0.07053071949128442 
3 0.47427663925933816 0.5611336482292788 0.08075236989733163 0.049234346198801786 
3 0.025668764010884262 0.5855236544337007 0.051337528021768525 0.0676523083991295 
3 0.2893277666872071 0.5743511482884968 0.11128926865022354 0.06153982641642061 
3 0.6853018938555886 0.5668170681152251 0.08635031273890505 0.05352222999828661 
3 0.45237032156304025 0.572638354522142 0.09562967821597063 0.05586027641238875 
3 0.2528002368259961 0.6368586966259827 0.268648061609272 0.16381130350899822 
5 0.8951070122513036 0.6250605567276731 0.20978597549739292 0.3058128258321177 
3 0.440729358873716 0.5740054223525015 0.10855622491967261 0.06584491587754081 
3 0.7160169930731479 0.5725540097957625 0.11555267367403133 0.0753341539617486 
3 0.2111149345301864 0.5825147030380087 0.1396708940881548 0.08413432574719491 
3 0.6488810265796521 0.5574368347763115 0.053796170758907566 0.03613397270267228 
2 0.6039056722034751 0.5454306543149313 0.02270545987825976 0.022237748101540167 
3 0.7399270965907533 0.5955347740479707 0.1504948145683929 0.07477226203679145 
2 0.5220792052330973 0.5377197277806127 0.01861121069694029 0.021469828189862282 
3 0.3830741069542492 0.591499832385212 0.14001840311943936 0.09358559878311515 
3 0.3819244438865884 0.5598076370555098 0.06467016920714919 0.041503762090044916 
4 0.4370090300430613 0.5341277010004015 0.12076689040664526 0.0613428200323123 
3 0.4257360850779534 0.5812408180688051 0.0992487927563375 0.06953757769821765 
