0 0.7323133144831718 0.6185489734325683 0.058847540357186146 0.18383704343665916 
0 0.515499973184418 0.5826417201522052 0.019157191932603086 0.07437108643990092 
3 0.22316321178640608 0.5761751056208549 0.021071681777055637 0.022800438498221637 
0 0.8486044681605077 0.5614228835849385 0.0344559831440651 0.07854935088970313 
0 0.6442539626938352 0.6099994905759447 0.04356046746370105 0.1527637053444044 
0 0.09886115804251779 0.648678844246984 0.08298886503614927 0.24804846897821126 
3 0.23667301074676125 0.5720132286017621 0.0124546977565781 0.017327123640531 
3 0.37128273738986894 0.7103116426090181 0.26058080000961575 0.533536106246198 
0 0.7082852564563882 0.6140923508231624 0.0434293078644265 0.17768561283689502 
0 0.6925645082351829 0.5951607339969552 0.034820240550404266 0.1385777915147721 
0 0.7339688939643138 0.5970605711213147 0.06334354226559469 0.17039888138665732 
