0 0.6358303873777603 0.5587515679581968 0.020320965548668257 0.07674841318378381 
0 0.8290652277965166 0.5893000010613767 0.11784908145595395 0.2420520859416848 
0 0.04557703905360423 0.5731068242275108 0.027888261686298967 0.0700666529082003 
1 0.7724943234763516 0.5505042075833428 0.030657599357443815 0.02854744346798864 
3 0.7363260812118696 0.5730855604483769 0.22086499170452334 0.17645122495453464 
0 0.18093341028498336 0.5599702942754179 0.01749395937904975 0.05723800501169131 
3 0.49275780416194237 0.5565732284705889 0.029457975153611926 0.04343591066266495 
0 0.23193978051174852 0.577843198618601 0.016938722309656953 0.05642549951423316 
0 0.6488343779484467 0.563729250824019 0.015666816176674984 0.06585892196873311 
4 0.45405871322451374 0.5247342187666133 0.04640321697627307 0.10412244395937548 
3 0.45142261914888393 0.5587115318680076 0.02873380894822908 0.04216240275652587 
0 0.5445220892396422 0.5484643854582149 0.00979366169824921 0.03719847005103759 
0 0.04054279582316491 0.5615022479329888 0.030004983450377977 0.07490897823386458 
0 0.1618590876177584 0.5589603095942772 0.017372576436588717 0.05458735076843551 
0 0.6326904260628352 0.5381855671998251 0.0124847065753859 0.03387879379000746 
0 0.07828018313590258 0.5725100129380396 0.019027988461044493 0.06678083864730695 
3 0.34506792992903795 0.5687791930716581 0.03875748864145812 0.04423504578398037 
0 0.1888399969328299 0.5699218880329939 0.016578027016299544 0.058636036802604395 
0 0.13940494131225 0.5591401081569924 0.0165521651283699 0.05322482839396192 
1 0.7840670810923699 0.5474537711079779 0.03470351581425831 0.03698468112434783 
0 0.6199727520520412 0.5540144343450988 0.013625246208927138 0.0638014943345088 
3 0.4912534725321097 0.553364165408281 0.02562983112938838 0.03420910922617692 
0 0.06219547448677232 0.6335749880400655 0.07984394296137888 0.159095581194753 
0 0.15940590553845974 0.5585187009443774 0.016292658485699843 0.05619821149456925 
0 0.21004315800532705 0.5611516448850784 0.011471740608171998 0.04940448413719676 
0 0.22394388010961608 0.5584929526034226 0.011323968525691477 0.044434053968790486 
0 0.24057101802078362 0.5747045618080788 0.01570792759883375 0.054830921775827365 
0 0.12603942596648632 0.5697070142352809 0.021243792006224886 0.047820408890550725 
