0 0.7289730769737165 0.6212044037018895 0.05822740477273882 0.18323824768179078 
0 0.49582217149225716 0.580539187381948 0.019850154114820173 0.06206158984650162 
3 0.1750379204981299 0.5872164627916108 0.044939418603094 0.03966271920399991 
0 0.7399582236592679 0.5692012271089014 0.029930237356687286 0.06966577855415779 
0 0.6443515855385492 0.6124303399072523 0.04349957287687282 0.1528437725622862 
0 0.12284906943350674 0.6480368799216606 0.078308453808361 0.24140004727624487 
3 0.2171863015601985 0.5753108294701805 0.02091425960839171 0.023845754134353064 
3 0.3630574022359449 0.7017650206630449 0.2425267562009076 0.4883387451025209 
0 0.7017580187076168 0.6164816170572393 0.04275527716658815 0.17533352054517815 
0 0.6901521962740498 0.5977388717335367 0.034531250455744525 0.13777622698614303 
0 0.7302780421568132 0.5991624508836036 0.04843360671499142 0.16579825434564852 
