3 0.46156765756372986 0.5482217163334959 0.030918755972866734 0.03508671502688944 
3 0.4024272002748221 0.5619063259588226 0.034962239711894584 0.04244080829503326 
3 0.5157371859813057 0.5501346501770878 0.02335775522313277 0.04285895360316033 
3 0.09942484717289746 0.6513812564745389 0.19884969434579491 0.194077668421009 
3 0.31946253705711913 0.5643609288786666 0.06576025368272671 0.07538821259110358 
4 0.5030259629690839 0.5208063439482888 0.022923691910023154 0.04150695537099453 
3 0.4188769340894566 0.5583182638718225 0.025736243292648453 0.0309543783244702 
3 0.37580597571040053 0.5656045768300301 0.042113286594597385 0.051998756220349884 
0 0.6031468701212105 0.5421287624311291 0.008430345083269515 0.03374499145144581 
0 0.6253280126007313 0.5914393947760038 0.038884002547152435 0.11497562971582352 
0 0.6189568216465533 0.5560223846334474 0.015076482174285033 0.06134703876249672 
3 0.4295595792531766 0.5542442393648642 0.024516953327686723 0.027483988195982835 
3 0.40378865639779404 0.5420499945555542 0.0347782109293972 0.05179082025747795 
3 0.23369435023300855 0.5816554667739142 0.07936186662146724 0.05866132661039791 
0 0.7382452678284313 0.5596468901266759 0.04028184990949285 0.12252174836900748 
3 0.34447101473902547 0.5720375566380107 0.058908209576245055 0.06239333427294462 
