3 0.40483589793655966 0.5653277510404409 0.07052538877667323 0.07310601284957682 
3 0.11857980139185309 0.6124295668367201 0.22926933368815683 0.1555000324573096 
1 0.6657395657925792 0.5388305141420066 0.01583232822074436 0.01422669051350283 
3 0.5251298480035321 0.5555991974801827 0.04357038121927133 0.060861507866296925 
3 0.005801550074956659 0.6180685213361372 0.011603100149913318 0.12156728640935556 
0 0.11979926638148353 0.5311088611647876 0.022668951929318767 0.056867839370497865 
4 0.5005861059889837 0.5201262849441318 0.03015712104762386 0.05843560433290741 
3 0.5039792818958644 0.5418813496508698 0.015320509244693668 0.02180326566524362 
0 0.03362232979670306 0.5894985437108976 0.0523348241369946 0.09649763975318328 
0 0.210615156145594 0.5279982875108044 0.018205431491329947 0.04357412149106791 
3 0.27398975300692713 0.5915734174119802 0.09608999447614405 0.07972970362237271 
3 0.21671238360166278 0.5578317103495776 0.06817824227339835 0.04499260419406653 
3 0.6549442786764738 0.5536580447817904 0.056289955001757125 0.03458831399834834 
0 0.29278669291164866 0.5453956635499208 0.011143109078734668 0.03407593246456833 
0 0.7098659543515681 0.5555971732088621 0.021261329212375984 0.07647144425474683 
2 0.31249765578747357 0.5880287227844595 0.040956835143859824 0.08885078879211095 
3 0.33716897599330814 0.5759109727684532 0.0675945396128034 0.058052591105284504 
3 0.2817737449319785 0.5534731678201662 0.10122831578041158 0.11393544254074596 
