3 0.01559790616884975 0.5073518687388854 0.0311958123376995 0.07119586909796347 
3 0.47606560105786316 0.5817150545994116 0.16557960811662575 0.1613734273429781 
3 0.6141697546713738 0.5074799429478787 0.06170245821853527 0.044833296674833226 
3 0.6079247068066874 0.5639540039379993 0.16397782721105877 0.12289100293387245 
3 0.28614194802467874 0.5273226204260479 0.0953944281568824 0.09502341681060664 
3 0.4825312912724145 0.5250223184768222 0.09216365380474223 0.08306440131778149 
3 0.2977716881600591 0.5107350892004437 0.11615972185807455 0.06726696109179411 
3 0.7494188963654506 0.5172848974846486 0.09234149463150373 0.062133714686837545 
5 0.7141421765837543 0.49317963283271615 0.06503297015026945 0.055758424372078064 
3 0.9497020800795534 0.5333780262422304 0.10059583984089343 0.055190235836307694 
3 0.5916031264283441 0.5112141883061015 0.05403117165715813 0.03763458938563145 
3 0.9170901644183198 0.5317920011324865 0.11344770293398952 0.05708771579221194 
3 0.7597845441159844 0.553480978919651 0.14189314609016576 0.09160290935556437 
3 0.39993824218951246 0.4995402117615817 0.05177754168532296 0.05100039861465171 
3 0.42263253172968746 0.5308961567163553 0.08750458703872462 0.08536369428777271 
3 0.5197769867575458 0.5292127011708792 0.09702638142394569 0.07055623762817971 
3 0.9016994824878108 0.5337706233939122 0.12098012200304865 0.06412332528129482 
3 0.7126659210358701 0.5230037927230409 0.0847656437654139 0.057138005530771856 
3 0.8412912261743398 0.540172634907632 0.11892464092673563 0.07424550525602443 
4 0.9197976701512459 0.4941964058986771 0.16040465969750814 0.07027098487581789 
3 0.5468679823765339 0.5131074886027689 0.057343386834571033 0.039224267161659755 
3 0.8824164103054567 0.5415026868591737 0.10240387783377798 0.06381484381924571 
