3 0.7081444566848287 0.5542788621359744 0.07573107190092969 0.04361913572278411 
3 0.16609776982443428 0.5615620293648053 0.10392001151315551 0.06350103413321145 
3 0.11866991713494834 0.7074118001604612 0.2373398342698967 0.3386722111743982 
3 0.349710602055385 0.5585539567044148 0.10734341893856676 0.0728458723438137 
5 0.3124259782372443 0.536703938699381 0.07594803800952442 0.06354576533498996 
3 0.529759863825017 0.5550771753946021 0.07470655046924471 0.04605925947907508 
3 0.1240583385898929 0.5720392715377771 0.09983601109257101 0.05610100427015962 
3 0.3663673442920482 0.5645621183984235 0.09420813008933752 0.05461971432811172 
3 0.7306296490720684 0.559239426554636 0.08473120216983233 0.051611343273797024 
3 0.5091261978286508 0.5635390879448711 0.08668251513533747 0.0513016103590865 
3 0.360467848692066 0.6116468533557079 0.1990157271233001 0.1275434446908377 
5 0.8962203338880377 0.6250285299213216 0.20755933222392473 0.25197420146791044 
3 0.49931682586326687 0.5630882536906633 0.0971171365829833 0.059719331547001514 
3 0.7568446133996307 0.5677384876683178 0.11200074274945948 0.07165851206358323 
3 0.3047505918168295 0.5711911023468964 0.11198367574323712 0.07151857910629322 
3 0.698496490707488 0.549919548144498 0.053779220546459075 0.03536313102549867 
2 0.6549852194273399 0.5388687674504313 0.02271423962726104 0.021793684635416387 
3 0.7779843337399674 0.5890663243775488 0.14437906743532053 0.07119399839215286 
2 0.5739598219494313 0.5300371236193168 0.01808848842345739 0.020737861522845517 
3 0.4523725724853355 0.5785059331020656 0.11804282831243945 0.08107786006689512 
3 0.44349382294889855 0.5513990120500076 0.05826641192423992 0.038178007546767895 
4 0.49350278133967584 0.5275812542373304 0.11331814269609694 0.05814903492474558 
3 0.04330500603210674 0.5803256055864594 0.08661001206421348 0.06613384799111878 
3 0.4871100004047651 0.5710216797745556 0.08734860217101151 0.06233312507153648 
