0 0.6109994908061384 0.567988818549305 0.013855515534285986 0.04457124148875285 
0 0.6192166960973317 0.5762775554632812 0.017147634489244865 0.05277895916272699 
3 0.4717507821765994 0.5722846052747019 0.02639410663838575 0.03910019169429416 
0 0.7590094769074708 0.6120883635385677 0.04755237330890836 0.12057329369915161 
4 0.2209642001929705 0.5409683311467929 0.11447860731795619 0.14777881999810777 
3 0.5153949929125028 0.5680908434552531 0.02795691446377056 0.04241087731035022 
3 0.3182819347564831 0.5811917740246276 0.05136604482284191 0.04505480290038191 
3 0.04716548381678626 0.6090671073224564 0.09433096763357252 0.08457885600024206 
3 0.33227685300293514 0.5739057822652831 0.03312483052385477 0.03537158759152931 
3 0.4814073388784646 0.56361796033177 0.013732040548616738 0.021592809266274268 
0 0.6652001197565384 0.5893322963205747 0.028494628255093916 0.08201594062240082 
0 0.6884560342541143 0.5841403524270172 0.028557428287955135 0.07923172848338507 
