0 0.14076474006286196 0.5842149217432588 0.026510971847733912 0.059871243976333074 
2 0.6384199736392135 0.5486786074307777 0.0210642283432729 0.049339881266433155 
3 0.43088476452941543 0.5907588242310096 0.07742969955994852 0.09421185505125379 
3 0.4345093634426062 0.5458608216150144 0.01768891481942447 0.023066043075812736 
3 0.5107667738074575 0.5626841664519395 0.03464398355144624 0.053074039763629725 
0 0.3908950486338763 0.571120498933261 0.0033159704853729013 0.022233136224887554 
3 0.30505593429491273 0.5939439370846382 0.14697872691043642 0.10227712336711078 
3 0.4709630937817035 0.5681555407356471 0.031399024074697836 0.04605140186147221 
0 0.9617836900633563 0.6036244546755312 0.07643261987328756 0.22016045133066997 
0 0.34463354639791305 0.5597516719879656 0.003968665618908958 0.025759214393809012 
0 0.990076115044748 0.6061327688359133 0.019847769910503958 0.2050392210530049 
