3 0.6378469673615781 0.6402263758637329 0.40387861939891134 0.468299018602639 
3 0.2465994479477774 0.6051032361986133 0.10670516278127828 0.1559659925861352 
3 0.5712878037359497 0.6039764949338913 0.13599465791925242 0.11191923764026589 
3 0.46961309190634437 0.6050289354702955 0.11906184988500876 0.12440221802724775 
3 0.8894491856568899 0.6157118174998755 0.22110162868622013 0.2489856484417943 
3 0.11106133096643298 0.6024196021306895 0.12292625221033397 0.1594216607414668 
3 0.8300715264951128 0.6788215390067353 0.3398569470097745 0.3282710889796932 
3 0.024628857223989678 0.6355055941257155 0.049257714447979356 0.15433243784983838 
3 0.9467184226743501 0.5880249743932009 0.10656315465129965 0.2038933339259994 
3 0.8187513604732481 0.583528398524756 0.15718614954886007 0.11593786432010057 
3 0.3639387249867958 0.6154849944270273 0.12168615910161801 0.14254037757179364 
