3 0.3961859408162588 0.649165625737145 0.20867419155137829 0.2125029539506693 
3 0.7130358018066959 0.6141641065537344 0.20127102356588317 0.16084746504354977 
3 0.47716815589785133 0.596537376035204 0.09130014521787615 0.10024840083822913 
3 0.6106277984949131 0.6274404198777503 0.20910897445953816 0.17739889012009435 
3 0.2114115957584239 0.615593664602462 0.07555648640992449 0.10670452727994195 
3 0.6027068839506491 0.5719961030979395 0.07784028085883535 0.04950744017657346 
3 0.4020574442594891 0.5971036390724122 0.08909849201544681 0.107475751933962 
5 0.7821385241234551 0.5731838567629503 0.1352948258642684 0.08660782297096344 
3 0.15256431306332197 0.5702850222583207 0.04640596178891402 0.07208137994705996 
3 0.12677488009926136 0.6061114684572907 0.09054410664032393 0.11992329646273649 
3 0.06559177286451039 0.701407985906675 0.13118354572902077 0.21510176899290184 
3 0.9112372194465121 0.6041867897497571 0.1372105444227239 0.08304743108509392 
3 0.04166906466707523 0.6424292358373133 0.08333812933415045 0.1210302444655205 
3 0.22213952636466153 0.6713700937562129 0.16657275263183216 0.23792051991858235 
3 0.5116565184371477 0.6496313736862819 0.19860428449810605 0.18372396228910304 
3 0.3090641866933844 0.5998054433327895 0.07873968902171097 0.11100681746377436 
