3 0.9852172370483328 0.5928456884835216 0.029565525903334448 0.1655949518696176 
3 0.08730544820474773 0.6431099169148472 0.11875300090202867 0.14444454350600458 
3 0.04010502508780414 0.7282401554748374 0.08021005017560828 0.5160356442537612 
3 0.9047324223175142 0.5957334168042214 0.1498501504847495 0.09233081541117233 
3 0.6091583687751324 0.6524791730834592 0.373457013273317 0.41477516229798395 
3 0.8057797919047175 0.6379640086874264 0.3884404161905649 0.35837147089399146 
3 0.9259404457058722 0.6038780456101283 0.14811910858825583 0.227023512733404 
3 0.3123154544877066 0.697597738193011 0.33012967406644733 0.5211106356563158 
3 0.8811138571765147 0.6226182535026351 0.2377722856469704 0.28747413152239143 
3 0.4703636443471356 0.6182778567684702 0.13324730419130837 0.14328125831784233 
