3 0.5552075047737383 0.6345473913202805 0.18472332720618853 0.184498970508809 
3 0.9075472210768898 0.6228381694184942 0.18490555784622045 0.12742901598683634 
3 0.1657910841039475 0.5857343138025197 0.11827659251414724 0.06816088194268945 
3 0.6845729469467792 0.6358927923556151 0.21139811545846918 0.1517792623545763 
3 0.13659428700060222 0.6193835940329371 0.20566025510886868 0.13391387747818295 
3 0.38327009852460664 0.6540612471205357 0.13856083127158222 0.18423284223082154 
3 0.8737435122689154 0.6289160882467419 0.23161432857328762 0.13615134464636627 
3 0.7880087434098539 0.6249275942870829 0.22671904441835763 0.1608920884413654 
3 0.14246852164972723 0.6048033524617723 0.18445815827920142 0.11357220048112544 
3 0.948572240123945 0.609517596149027 0.10285551975211008 0.12216740923171863 
3 0.9818485713721328 0.602173979150344 0.03630285725573444 0.09686060020483063 
