3 0.9009403761516805 0.5795640887794269 0.1682277827998148 0.10386850817022378 
3 0.3278128623123876 0.5930943438002171 0.11301102790635238 0.15347877064281382 
3 0.9994502616044906 0.5839189674874447 0.0010994767910189297 0.06771537676808123 
3 0.9699573042009035 0.5843223792380529 0.06008539159819293 0.07949689317009984 
3 0.8463580810589931 0.5742040947379708 0.14767472837733267 0.1067769328721373 
3 0.769661686888853 0.5868615388816157 0.13781698155116856 0.10392887649115866 
3 0.7076975502246095 0.5935004000823655 0.15265480452587996 0.11969081785133161 
5 0.195282655117145 0.6038029638917997 0.10289798322307332 0.15756970436837056 
3 0.735688330391338 0.64452959895142 0.4122610953560966 0.38856080554944217 
3 0.49439410336996675 0.6588503759122604 0.3175604518826751 0.35690080506243466 
3 0.06321595787852977 0.6463462959871854 0.12643191575705953 0.14269071171861014 
3 0.6213466325736084 0.5980701050199817 0.13959631521290888 0.10627582303870149 
3 0.5228368083759358 0.6016090950265137 0.12502060267243842 0.1095521730146665 
3 0.9422087128079534 0.6035493818216799 0.11558257438409314 0.09587912037259766 
