3 0.34793576228773343 0.5087760374905425 0.23783081994610114 0.180488211543936 
3 0.9684098609789333 0.5026012109884384 0.06318027804213344 0.10109068930604129 
2 0.06774435576973 0.591828984320169 0.09063078181398748 0.21005042310946975 
3 0.8010986973438315 0.49511994158862027 0.10655276026831217 0.09434135476670286 
3 0.6709493520533283 0.5321319369259155 0.18639170047029452 0.150455766123798 
3 0.4729476966751085 0.5376768374327887 0.33914953052494384 0.26035437081356677 
3 0.40868392533003994 0.5154559279518625 0.2893222492928673 0.21587388339433536 
3 0.5866428862515045 0.5086546151881141 0.1680297647031066 0.13115201896137427 
3 0.19056464067473766 0.7054193854947648 0.3811292813494753 0.5891612290104706 
3 0.7676539423090434 0.7230501330583078 0.4646921153819134 0.5538997338833845 
0 0.9769241920086134 0.5844953681388875 0.04615161598277325 0.22205240514640304 
1 0.4577118287610701 0.6208754199721868 0.14129211616593546 0.16016234567423793 
1 0.6522630994789071 0.6118940491605316 0.130935048756631 0.16177890526389868 
3 0.9327835573731786 0.5007119248257849 0.12898716019357295 0.09322157113118477 
