3 0.6933136826781126 0.5898082361348234 0.15561266131348575 0.12071687725404193 
3 0.0010141037388396667 0.6240954946469692 0.0020282074776793333 0.13834546944098702 
3 0.9135581386767581 0.5977594217665811 0.1574369346405058 0.09010552774156287 
3 0.8408200560003598 0.5976157178812349 0.15167947616138477 0.09894506541548063 
3 0.6135800257028091 0.5900376550106122 0.13284162619991308 0.12405687244258906 
3 0.5203813102070124 0.6043092676323425 0.11761684610300414 0.12173527312265757 
3 0.42814763080602275 0.6242247178155285 0.13051294622176393 0.14412701114809584 
3 0.31015954135625406 0.6293796727734232 0.10465863113481536 0.12933716284587446 
3 0.18489226250384794 0.6335797243034751 0.10208786123496663 0.1333158517667441 
3 0.7720746478277541 0.6132551951248363 0.15746272353225152 0.11222081013282358 
