3 0.715054627118713 0.5684490200765356 0.1517282572751553 0.12085738634542079 
3 0.10052406226197004 0.6149909744905374 0.12432730933808332 0.1743418419346951 
3 0.9980946563484593 0.5570135159236616 0.003810687303081579 0.0768693045547979 
3 0.7815743763535272 0.6483586780330218 0.35922186408001255 0.26854539291069296 
3 0.357274182104607 0.5890875305453669 0.12276107253104215 0.12139351283090541 
3 0.9715310504540051 0.5702040513693404 0.056937899091989694 0.07981874470528226 
3 0.9495730669056107 0.5630195728200517 0.10085386618877863 0.09430055573448669 
5 0.6359586837064783 0.5732013916151942 0.14215880345168855 0.12269044865101483 
3 0.5990811406200764 0.6476165867992434 0.3901771121236406 0.4242455674292879 
8 0.24958188471074683 0.6860645067273415 0.040698148608428894 0.12906910914855718 
3 0.9998773179052569 0.5091836200604777 0.00024536418948628124 0.03638587046106459 
3 0.5521614353592933 0.5892756017262339 0.12520620550173972 0.10634742958041411 
3 0.8421254392507027 0.5754954794277061 0.14559545364789203 0.0877896191316807 
