3 0.9534698197379993 0.5671362578404091 0.09306036052400145 0.09596249999804349 
3 0.00894373804480882 0.6515724414000763 0.01788747608961764 0.17967483879390303 
3 0.5996275537026847 0.5889385964955688 0.1511495954358538 0.13298646384421672 
3 0.49976108885493525 0.7347322439868349 0.3825595480127267 0.4344789173594833 
3 0.36173802680470124 0.6075095165700808 0.11883408656321695 0.12482070874022794 
3 0.7460530019011878 0.5870488846094726 0.14807994086144063 0.0967808933733147 
5 0.9267027653404083 0.5723667112743798 0.14659446931918355 0.10017895385599597 
3 0.7440430278290517 0.6638571440053109 0.4296189002507424 0.4015328065248219 
8 0.9370684410346835 0.6375070536030986 0.042659250678591006 0.08608332963502915 
3 0.8784382353027451 0.580643039409091 0.14639095520760406 0.0866425199033542 
