3 0.4799649671478078 0.5832867202374963 0.1321098381161874 0.14079583354730674 
3 0.9296860454568323 0.5732119026897546 0.14062790908633532 0.09944398610246898 
3 0.05455781634724394 0.7383878305430059 0.10911563269448787 0.4061359584407171 
3 0.02778241643856199 0.6235820886493371 0.05556483287712398 0.1401420238745128 
3 0.8655776545717092 0.5853028700770161 0.1419418872211871 0.09675233807545283 
3 0.8141168460597179 0.5855534617465269 0.15704555918356164 0.11074262991485777 
5 0.3743258710677558 0.58798244546528 0.11409237256664127 0.14384968076398036 
3 0.8853048986923753 0.6130585423582129 0.2293902026152496 0.277637857797318 
3 0.8128448652918487 0.6070198661880473 0.37431026941630263 0.296289260092284 
3 0.25384454158466246 0.6066462950699221 0.09893785031003909 0.12556294332449808 
3 0.7388294689692435 0.5900148079286525 0.14814484370679012 0.09803540791780486 
3 0.6475050428356285 0.5928454020142971 0.1356079719856553 0.10111479122401293 
