3 0.6111982455020407 0.6267351083303676 0.2327458647829849 0.18469241170720307 
3 0.8579644080276873 0.6050342657818062 0.20860880282641675 0.14532371574167322 
3 0.5820203866630455 0.5855449990426547 0.09827277395994428 0.09396526578629354 
3 0.773946127376031 0.6128704064174915 0.22089499336014926 0.158770200256925 
3 0.34709514030605804 0.6021783332968218 0.08122167602295381 0.09910075233597765 
3 0.6613968753048244 0.5659904690644215 0.07531674121975371 0.04756211306438969 
5 0.8568942713703261 0.5692985397956453 0.129059920688766 0.08248172345246126 
3 0.1639302862511359 0.6678835107887943 0.15243651951191048 0.1998083227419403 
3 0.24259340748347413 0.5595907333338773 0.044335631625496606 0.06909458668694425 
3 0.27291759483388106 0.5922821188216906 0.07932164235379872 0.11140332188448844 
3 0.3380149413481195 0.654758219254699 0.16137900634999533 0.1826543674691726 
3 0.9620671258092961 0.6007009651498542 0.07586574838140792 0.07700210026333473 
3 0.04566144383005452 0.6852740322375973 0.09132288766010904 0.20660778930672954 
3 0.18256432939734807 0.6198761812798221 0.0798087987041172 0.11300410012960109 
3 0.4682392536034863 0.640434206399967 0.2013482892707409 0.20502452917897301 
3 0.6957255465208129 0.6340964492747899 0.21728332738926873 0.16173399918761353 
3 0.4283527119259232 0.5831150269171103 0.08609391081428697 0.10103936617887503 
