3 0.6502665010645907 0.509007545555606 0.085648016171506 0.07999052067615833 
3 0.0142275392018757 0.5099148351634085 0.0284550784037514 0.13274081246961922 
3 0.507043234057358 0.5040268379125541 0.18935022073981778 0.13862580244796663 
3 0.3339676618447935 0.49634644845329706 0.07797341615885518 0.12336995620887661 
3 0.5546496218071729 0.5264379564515317 0.18287309107625369 0.12534732760240413 
3 0.8685588007027408 0.5317152335924021 0.1566193011261066 0.11826353178411012 
8 0.5903055186877234 0.5686272586292557 0.021650565972726524 0.07147514967844353 
3 0.7082441091668576 0.5651443381510168 0.2500378378437597 0.18702972668442783 
3 0.6046128128278327 0.5406941823751735 0.21348438416834092 0.15601507640604306 
3 0.45674625493585225 0.5023907019376113 0.17201845670622967 0.12462730931214928 
