3 0.289451800132961 0.6439907413481049 0.14664418394092482 0.21521191257688935 
3 0.7704638051049384 0.623649152396034 0.216892798050436 0.14222182304021355 
3 0.05619669513614282 0.6063823250012536 0.11239339027228563 0.07205317430218731 
3 0.453563915869833 0.6433684175160833 0.18386918804113847 0.17532122719019558 
3 0.022597623233722317 0.6440953783524949 0.04519524646744463 0.1341862821547079 
3 0.0812320658738584 0.6841109547669857 0.1624641317477168 0.21497957132776857 
3 0.6964282726723665 0.6369557316800109 0.21804906038350402 0.15393397969641512 
3 0.9595959448715786 0.6003545236640937 0.08080811025684284 0.11579933346836173 
3 0.5852413024076416 0.6323920654147542 0.20793118032936675 0.1838652480402577 
4 0.9568582793954724 0.5230277686878755 0.08628344120905539 0.65883568988575 
3 0.030651541052361165 0.628013279101391 0.06130308210472233 0.11528476987115797 
3 0.8657194499253782 0.6104536177139557 0.22965143395238116 0.14708922017861792 
3 0.9174161389447529 0.6048346183758073 0.16516772211049413 0.12527217553274536 
