3 0.268522768925643 0.6354912202657488 0.10181674729296461 0.1325383410450464 
3 0.12227507616415759 0.6371069736724906 0.12335679614340965 0.14797200085357917 
3 0.4049743844974838 0.708246901028741 0.3443739950979369 0.4606512315959714 
3 0.9504870401692614 0.5918096986391823 0.09902591966147725 0.08628219897978309 
3 0.08735601870049135 0.7560264314385827 0.1747120374009827 0.48794713712283455 
3 0.8298785505355123 0.631180690847746 0.3402428989289754 0.33917142556735724 
3 0.9044607888697405 0.6082941976357954 0.19107842226051916 0.25476002277240245 
3 0.9990779342979929 0.5557441794316932 0.0018441314040144618 0.08767315320091155 
3 0.6607488259732928 0.6596463525751451 0.41159352614641165 0.404925455469563 
3 0.9664081061401121 0.6017717737369068 0.06718378771977612 0.20397302487527505 
3 0.5923810136895041 0.6121818268939525 0.14371963602241486 0.1335948046725906 
3 0.028881383188850532 0.6569397476103797 0.057762766377701065 0.16342061843357922 
