3 0.026647542776379818 0.5204267215052935 0.053295085552759636 0.19686314263732949 
3 0.37782449228005205 0.49476316553679567 0.16070755832541486 0.1175209333091231 
3 0.8375056941160125 0.5066623405143271 0.15336527586758167 0.11377634879321116 
3 0.6388645529748692 0.4997692667571813 0.09915239458224719 0.10445244735304154 
3 0.2918249804161548 0.5472943239979607 0.22919941876696448 0.18432257905414676 
3 0.9025244332246882 0.5218606236792314 0.14765731380135919 0.10117269359643596 
3 0.1975141436064821 0.5169568901367589 0.19810025453770658 0.14069533887588956 
3 0.04606552997780306 0.5686765114233697 0.09213105995560612 0.29627018121157067 
3 0.04519691820059343 0.5280208180563798 0.09039383640118687 0.24083411993114473 
3 0.28795655187276104 0.5185299026401315 0.1996532310669159 0.15433670569561148 
3 0.9191060143159903 0.7071832992288702 0.16178797136801948 0.3874852722602389 
0 0.5764490007109331 0.6161921094083658 0.07919824559151799 0.2939093627218012 
3 0.9444050854074059 0.5357926140448563 0.11118982918518824 0.12297145775593561 
1 0.01704344965478815 0.6673790393027369 0.0340868993095763 0.21398684809582708 
3 0.5292388894291119 0.7074144565753251 0.800602494947961 0.5851710868493498 
3 0.7709832236780736 0.5051693697063186 0.14338689976600066 0.10395711940836545 
3 0.1934505630491841 0.5058228324039318 0.16451440596075997 0.10560685883826851 
