3 0.7221877185094627 0.5102024405614616 0.08825867438316848 0.07661755349205382 
3 0.0906244278826636 0.5123126106108022 0.1812488557653272 0.13432828371212263 
3 0.6276098635823896 0.505101778381307 0.1757742342872855 0.12937102704904502 
3 0.44312178825045406 0.4980702679350562 0.08692305282460502 0.11648601662265434 
3 0.6831932324104545 0.5257576427232875 0.1694493559835167 0.11621577091020728 
3 0.007717825063830745 0.5210381646231957 0.01543565012766149 0.16493744637123037 
3 0.9403536489975981 0.5309437799088902 0.11929270200480374 0.11077470490133844 
3 0.20124121944945297 0.7632438782024232 0.40248243889890595 0.4735122435951535 
2 0.10589542163002028 0.6745694460543258 0.21179084326004055 0.25301120063426685 
3 0.8722786177072973 0.559176773491202 0.2255740613795382 0.16758035325219434 
3 0.7401466819557883 0.5385952844806254 0.19653787256031352 0.14358373026125884 
3 0.5688049660660289 0.5036871760809732 0.1615846838590214 0.11712761089305364 
