3 0.14942673085381594 0.6941727040432376 0.2988534617076319 0.6116545919135249 
3 0.05441604749825065 0.6386627574351539 0.1088320949965013 0.16977244610827621 
3 0.41281978961746374 0.6236500566118623 0.11989595230277793 0.12274417246424049 
3 0.2947712424462525 0.6255233299364251 0.095353689399678 0.1372117082304673 
3 0.7209341948956692 0.6651218067597348 0.4208044140036299 0.36206621052306315 
3 0.9824462285900214 0.5811534514004894 0.03510754281995745 0.0757751834739792 
3 0.5012790928057547 0.7366513936984886 0.38783546680105724 0.4451940004938843 
3 0.9230037800504899 0.6032980111375567 0.15399243989902034 0.23985256583181946 
3 0.9836179931716467 0.5852270433376279 0.032764013656706656 0.18517800125792777 
3 0.8368343585598237 0.628706361277694 0.3263312828803528 0.3318295936700418 
3 0.6988350441933031 0.6009597362827396 0.15109720635041562 0.1253146982743612 
3 0.15933715407137292 0.6434426944747671 0.11391540987733732 0.15860356504578413 
