3 0.8089075116973962 0.5930559607600507 0.1640494309613625 0.11163673685828396 
3 0.13522162733885235 0.6132534113161316 0.11687122308767758 0.16869537397955772 
3 0.9633212593230625 0.6007980196612026 0.07335748135387504 0.07880591357435024 
3 0.9312375675283917 0.6011267542057935 0.13752486494321658 0.09161740554621202 
3 0.7437710651936549 0.5891749399624686 0.14289565833688472 0.11511263750357209 
3 0.6578557087110537 0.601699756821331 0.13020969470890548 0.11212987719530418 
3 0.5827471784385845 0.6153353144577746 0.1440348402759146 0.1301018374214 
5 0.033889530373896234 0.6270472645183403 0.06777906074779247 0.167655474099507 
3 0.382039015189206 0.6997302455131974 0.33026908391714954 0.5097581756200812 
3 0.07355020065016404 0.7017104386263199 0.1471004013003281 0.43294865447674846 
3 0.48326583663795775 0.6191081795097662 0.1256709559987798 0.11617078648100251 
3 0.3765593502206282 0.6223119074263602 0.1088181369034428 0.1196454236887655 
3 0.8804798536948844 0.6173845192433556 0.16216204839116316 0.10374423951097576 
