3 0.7813152481783401 0.6030724122810209 0.24401758863628914 0.1637713308212928 
3 0.9362096254398946 0.5864140621583149 0.12758074912021058 0.12752907106450292 
3 0.8974302673132729 0.591773783231432 0.20513946537345404 0.1438767609233322 
3 0.45873516889797694 0.5860167492227957 0.09066193048221692 0.09353441740329585 
3 0.714479851834061 0.5498281473690173 0.07293872699068274 0.04604007740493052 
5 0.9230484357014782 0.5548968751079326 0.12317243388549258 0.07873591384770963 
3 0.41895873412674917 0.6290381563661678 0.17814703098830173 0.1730458706938299 
4 0.07090259481208806 0.5 0.14180518962417613 1.0 
3 0.3214393409073271 0.5414321350566088 0.04775323800888199 0.06645742142552263 
3 0.5545711044415367 0.6208549934035777 0.18976343552279168 0.15986950215175397 
3 0.9977098103013043 0.5796318347268209 0.0045803793973915674 0.06865722412242854 
3 0.29003234566261626 0.6317746913127977 0.14992975823534604 0.18458145047117203 
3 0.3209209950897418 0.5918568832665431 0.08212351694660473 0.10516935250268489 
3 0.144499141096719 0.6286143225340671 0.16559620060014218 0.23549412397563432 
3 0.6654634008017886 0.5976488727054806 0.22082280062065138 0.18047393270093431 
3 0.8445289915429598 0.6125449886922737 0.2264266859742301 0.14533323340336646 
3 0.5373291332441721 0.5675660974613649 0.09435995342871266 0.09612327760465379 
