3 0.2700081830716906 0.49632512164436016 0.17033667397526578 0.12411046909826534 
3 0.7591631250512834 0.5022218202989247 0.16173970364954585 0.11963852080505831 
3 0.5649824107328363 0.49505860826514486 0.09489007218098977 0.1090144404377503 
3 0.10798282102498422 0.5460189088927632 0.21596564204996843 0.19678542836681534 
3 0.8211814641529818 0.5198648840467861 0.15583596654867649 0.10679012580911622 
3 0.08083178332955948 0.513178445145506 0.16166356665911896 0.1460489865086682 
3 0.1348664731971204 0.5153560249612023 0.22677899478389943 0.16593981505642463 
3 0.9912816151968363 0.5255824224994411 0.017436769606327403 0.09112709696810252 
3 0.7568705350039351 0.7565179393016784 0.48625892999213 0.4869641213966432 
2 0.5431658900409818 0.6229307368782184 0.1521456872374293 0.2033485386191348 
0 0.3480700708462063 0.6267523441454371 0.0825885360768811 0.332968736079411 
3 0.9688077119760473 0.5503580398616855 0.062384576047905545 0.14622754758738615 
3 0.8874142408498255 0.5331442705415974 0.1792270067850467 0.130595317874232 
3 0.2514877668732443 0.7051587686910372 0.5029755337464886 0.5896824626179256 
3 0.6949362458774924 0.500670300915448 0.15023470875124909 0.10894617747971887 
3 0.07676131835849997 0.5016351082835625 0.15352263671699995 0.11039853831111593 
