3 0.42165311833022695 0.5084270400416296 0.07415070639490821 0.09117920822830242 
3 0.35390256327314584 0.49150587672691887 0.05293519401221175 0.06275104601849565 
3 0.10069748117436414 0.5120643874468805 0.20139496234872828 0.16822391294160113 
3 0.007677042136863245 0.4967540944467342 0.01535408427372649 0.13038503880834942 
3 0.10128393505886525 0.5343769322872779 0.2025678701177305 0.15655394308074133 
3 0.5503632583411223 0.5377918519791984 0.13868154083708986 0.14552195534309767 
0 0.7752160841447117 0.6017376905192058 0.09068261032285008 0.2675250033581124 
0 0.3133928542656322 0.5071273092200886 0.029689395726532376 0.09893347677157813 
3 0.10895494387424455 0.5904115964843603 0.2179098877484891 0.25176228291098357 
3 0.46438201477658575 0.5254101825750314 0.09390937063578662 0.09969559940961435 
3 0.112338822573311 0.5536506712111957 0.224677645146622 0.19903631030466165 
3 0.08884658774949492 0.5034029784735419 0.17769317549898983 0.14789869062439917 
