3 0.8528891849759964 0.6106173637463811 0.2942216300480072 0.35998489438092035 
3 0.4268730511580206 0.5972045376964403 0.1260431685637449 0.14141770253833544 
3 0.7046511355829701 0.5996662236507381 0.1463590240559987 0.10312587476840633 
3 0.6152270156431061 0.5999902022345421 0.1344989947954567 0.11406408110619598 
3 0.9896741003908459 0.5955268865880663 0.020651799218308328 0.16613782916721512 
3 0.31780112863073745 0.5955538786307727 0.10050023169520611 0.14409292564947843 
3 0.9544947086650842 0.6345544072511992 0.09101058266983145 0.19887851466958706 
3 0.1934809227522569 0.6043952738710618 0.09651393357145999 0.1467994008909817 
3 0.05283104260892251 0.6550485170480408 0.10566208521784502 0.18803947508634186 
3 0.920931824918447 0.5813156986856612 0.15813635016310598 0.10816279329380235 
3 0.5249994652597123 0.6121963311437528 0.13881056853835397 0.1301475308790641 
