3 0.525125946244734 0.5177480899543085 0.21476715345679623 0.16359255186499538 
2 0.3868356429176539 0.5907040632995015 0.07210775080366418 0.18006258433450556 
3 0.8771084210603993 0.4943338883326797 0.10904219216718346 0.09012813962980784 
3 0.8194658050983665 0.5317092105717272 0.16878262860230778 0.13611460553707122 
3 0.6968849375556786 0.5401002014626782 0.2987272378645241 0.22635948460318117 
3 0.4364670855760824 0.5003973155991563 0.13686921315712297 0.10614736426490096 
3 0.5914367565419011 0.522900102218781 0.2618820973236028 0.19416694003618254 
3 0.5968746827775074 0.7188219826938189 0.7651172473196127 0.5623560346123623 
3 0.40880922493903354 0.5089742477680406 0.13612408686060598 0.10667744045220255 
3 0.9621038744866289 0.650316677799994 0.0757922510267423 0.3674335896894682 
3 0.025868383723158694 0.7593496716067729 0.05173676744631739 0.4813006567864544 
1 0.8888980446499005 0.6006795079119317 0.11107945841793779 0.14142893166161286 
3 0.973059635760821 0.4978489095352672 0.05388072847835801 0.08876995166933549 
