3 0.810561693441825 0.5626459123220967 0.15731784476351876 0.11329949988735191 
3 0.29017571991116337 0.5937086151729128 0.12845040544547753 0.15956989346814826 
3 0.01883664704232704 0.6419229820465924 0.03767329408465408 0.14232989550655678 
3 0.9068937749492341 0.6104189018461665 0.18621245010153176 0.1975149608511559 
3 0.49805997389788803 0.5914569534681706 0.13528906449418024 0.11371099267707564 
3 0.9836251086037336 0.5481200651370064 0.032749782792532614 0.08193505856059352 
5 0.7407462406790774 0.5693944604482077 0.15042584976784498 0.11501410451951125 
3 0.8229214353879835 0.614867265612032 0.35415712922403314 0.3410787976370061 
8 0.5292246834507652 0.6689265700260024 0.042825717900104365 0.11205899963418472 
3 0.6687142679374632 0.5866018089422634 0.13564527166771861 0.10054657198150765 
3 0.9226958884373769 0.5645124665409599 0.148151332528425 0.08335289977171752 
