3 0.36222942274127734 0.6395359503972996 0.16071383938961112 0.2045236603132857 
3 0.2568041734661168 0.6143122015254784 0.07341385915953985 0.1148727253737778 
3 0.20287255098918208 0.6775558400759604 0.15916185226212565 0.23186882669190992 
3 0.0004338541253452233 0.6533340153801189 0.0008677082506904466 0.09726320069556714 
3 0.49799714842426185 0.5729305569085744 0.08308040490437478 0.054453118459705116 
3 0.151763073289082 0.6149861201821497 0.09648000650795774 0.12396562733837034 
5 0.6345474901298153 0.5758362577367235 0.15055205900074461 0.09865010665923624 
3 0.7414418219803409 0.609756648470896 0.15240882377745535 0.09769447678904795 
8 0.937199675666701 0.6443226883480949 0.04570915538442406 0.10625105295108306 
3 0.056379796582455136 0.7282296281170182 0.11275959316491027 0.24097494092342078 
3 0.0486979011738047 0.6331016118358611 0.0973958023476094 0.127423922896348 
3 0.5880462408367143 0.5663248094348914 0.13094998395977264 0.08410157709512198 
