3 0.11162324462521622 0.6943585516734239 0.20609921785915714 0.2532412283501797 
3 0.548519060307334 0.6282153105093952 0.18701711438547222 0.18098483079203934 
3 0.3687892990566208 0.6079133218312192 0.08183547201938005 0.10768314510880127 
3 0.42164098565483654 0.6489846284129036 0.18665386871943696 0.202453090952022 
3 0.06997646906549837 0.6340255387649077 0.10503280924022874 0.11511741407484945 
3 0.5481793523204936 0.5763459091751825 0.08058165995920029 0.05225561524221986 
3 0.27738197070397635 0.6104958196073123 0.07688182691573456 0.11616320221173485 
5 0.7077204739945313 0.5773839977092512 0.14285773425644407 0.09264075875181978 
3 0.8270019317082427 0.6088577349736335 0.1446761719808589 0.09042916230338556 
3 0.012780423340078211 0.6977277994636369 0.025560846680156422 0.2112299470484887 
3 0.29404412623418197 0.6741939231079782 0.16391725865440213 0.2124591041192825 
3 0.17585676376030088 0.6179120230023877 0.07727856795508238 0.11984106541277097 
3 0.6559149350255681 0.5683803532566437 0.12512204313369074 0.0794243809877158 
