3 0.5001571209642338 0.5101727506025593 0.07894521608142917 0.08733477059646558 
3 0.41217485556594524 0.49205535756409846 0.05660480736179878 0.06087027872122835 
3 0.23190359609648886 0.5139285701818325 0.2264471598166472 0.16036368913207424 
3 0.08970684539591792 0.501425429615212 0.08075078919629686 0.13885810727469416 
3 0.25665679389618595 0.5363481045759091 0.21754194147371095 0.1473336123563686 
3 0.6648872519750337 0.5357057582859645 0.14757382552748816 0.13569573994409237 
0 0.9242261306503567 0.5913559429317075 0.08844471579390514 0.24164475453301812 
0 0.42569227917721025 0.5221421976482994 0.02754714710437817 0.09277234194690297 
3 0.28851127808105365 0.5905380866765854 0.3221163248933913 0.24006260382011824 
3 0.5588010794042882 0.5254918295939635 0.10071508652617496 0.09481869960951927 
3 0.2745711318095326 0.5547150492154718 0.25981888428621047 0.18778096638020203 
3 0.20429634182716055 0.507897920057954 0.2020038371934475 0.1418965046516968 
