3 0.1380598402410654 0.5376240491982519 0.2761196804821308 0.19946164658485158 
3 0.49976954033557247 0.5098561871244434 0.1503318637573843 0.10997944786258435 
3 0.9267457872388225 0.5109607734760888 0.1445364789869231 0.10709866379177552 
3 0.7247602982354843 0.5065027696771744 0.10366175908910705 0.09913096100765548 
3 0.4990442999774335 0.5541197197432383 0.20581089298986208 0.16547963754471323 
3 0.9628877542863943 0.5241950746320453 0.07422449142721149 0.09486526752755449 
3 0.357278580411719 0.5288753092619601 0.1785628972088636 0.1300012241914181 
3 0.2002400289699676 0.5868737983575733 0.4004800579399352 0.2993821192559514 
3 0.1702384017572325 0.545434265490274 0.340476803514465 0.24275098400701633 
3 0.4484443794239409 0.5289752573214284 0.182739904325595 0.14166549411441753 
3 0.3661393341793964 0.7280701806087376 0.7322786683587929 0.5438596387825249 
0 0.810740132596391 0.6072282079905954 0.07641211874777781 0.25327469483472376 
3 0.9950741525030443 0.5351824954960714 0.00985169499391148 0.10767891536027131 
1 0.08361961988419606 0.6872292421713706 0.1672392397683921 0.19718679341013853 
1 0.34858568133634066 0.6562966045908923 0.15873913534226525 0.19472665460834643 
3 0.8303251440660109 0.721863317163308 0.33934971186797824 0.5438012381691057 
3 0.8570118769837096 0.5104613053569838 0.13623911685966164 0.09831621840628707 
3 0.33763936513507065 0.5186333573693098 0.15072362156632133 0.09828244534610658 
