3 0.9455941871459446 0.5879966294089551 0.10881162570811086 0.23479892521344115 
3 0.5609084727769014 0.5899652381541391 0.1424799416886193 0.13066135845659466 
3 0.8078622870752602 0.5949354918792127 0.15247143534248367 0.09641406772113795 
3 0.7271604271929429 0.5947820317812866 0.1439451764552615 0.1062520167348541 
3 0.4653084919651748 0.5880222551849222 0.11812413486191695 0.1337590017645353 
3 0.3635305273322453 0.5992788014198104 0.10105441953973333 0.13367086845762516 
3 0.2458744915011545 0.6375626962681175 0.11147683721941533 0.16350511541078852 
3 0.09865499450152816 0.6416401892110717 0.13149719746793592 0.1450877228355647 
3 0.023211623949984102 0.6473273717519712 0.046423247899968205 0.14254796711413179 
3 0.9611771981625681 0.5774614823058953 0.07764560367486383 0.09687741199092108 
3 0.6480318202021667 0.6085479237087783 0.14916418288177674 0.12087077145272025 
