3 0.9039673600862425 0.5808465993913843 0.16023507890310015 0.10585635294953868 
3 0.45563774709047394 0.6001998119878426 0.14162474615951431 0.14493098832787338 
3 0.04510845439727812 0.7470376779201467 0.09021690879455624 0.47530108923050707 
3 0.17183268297043575 0.6255052044789091 0.10859143011517337 0.13711858936536 
3 0.9957858978187385 0.6084810672676384 0.008428204362523103 0.1380401036109169 
3 0.6295611595779264 0.6011472438490134 0.1428209241717186 0.10393097633745918 
5 0.8419041976822387 0.5859061461780994 0.15519125078263726 0.10687616323229811 
3 0.3483596258969224 0.7253446767885251 0.34658509403504684 0.5439618692880541 
3 0.9234187580497866 0.6042606878815161 0.15316248390042675 0.2305008139702555 
8 0.7554012961718095 0.6636621493440581 0.043076094688617415 0.09747474321707943 
3 0.779522790876864 0.5974844360485332 0.14203310197158103 0.09252946314987191 
3 0.9644404610075522 0.5834922611706456 0.07111907798489568 0.07399637836100971 
