0 0.21313031339942615 0.5535641902401774 0.024093891383956106 0.09729384373483141 
0 0.669056257112487 0.6643684898898317 0.10034784927277493 0.32360278179269697 
0 0.5231547724180444 0.6312131653162691 0.08897355940803252 0.33385217569768266 
0 0.5605590521796922 0.6658539420992335 0.06582476761857507 0.30350347981429876 
0 0.8962978283478096 0.6265470959541827 0.10932058144894655 0.3060559385789624 
0 0.40734648080405306 0.7166710180263627 0.08492574964804163 0.3760161737904968 
3 0.41106390172627144 0.5728167433969406 0.09575257013752882 0.11576924940286568 
0 0.4482426682760232 0.6574855497930162 0.08368097680071017 0.3567407381423489 
3 0.361094177867796 0.5390023231145091 0.07625314078510322 0.09912673495245125 
0 0.361159428800345 0.6431350038572508 0.08461231965935045 0.3417207674280893 
