3 0.6078122279482832 0.5790419743732241 0.1442512717621448 0.13005118189699652 
3 0.9667410476081724 0.5676579593998916 0.06651790478365541 0.08813620090961681 
3 0.4720544888836031 0.6940967187014232 0.2996814895331301 0.3390102602528198 
3 0.1957129192222082 0.6113838789628149 0.10824422673511841 0.13226043173299376 
3 0.937483639994104 0.5812722147630245 0.12503272001179214 0.09047349616933963 
3 0.903821984995023 0.5769538282952917 0.1589441069074195 0.10301013994787424 
5 0.5175431554614803 0.584272742939193 0.13114399488287112 0.13235797852688108 
3 0.17733867151665142 0.7016105196379324 0.35467734303330284 0.5555959268316699 
3 0.9753799385310531 0.5882906286246553 0.049240122937893885 0.1914600629358259 
3 0.9201587880166631 0.585675255659185 0.15968242396667406 0.2070965435419725 
3 0.4196575127416966 0.6018036486572427 0.11102711463783799 0.11510288123796733 
3 0.8377367620667019 0.5825875756605159 0.15316904816560764 0.09102049526185302 
3 0.7529043110493868 0.5863772650107157 0.14224649987196145 0.09397707767162855 
