3 0.04242745580990204 0.6647047311228935 0.08485491161980407 0.23774636042225766 
3 0.5938024087013019 0.6216525295673996 0.20012432946244274 0.1591969654298167 
3 0.16678301216299438 0.6425091230151588 0.1614625962196239 0.20484947564824116 
3 0.49414537779829637 0.6379662108581511 0.19350981088274397 0.17523686566152244 
3 0.8945420753160187 0.5980130334114209 0.21091584936796282 0.14389658074741166 
3 0.3488571067587107 0.6221762708204543 0.1746082914012947 0.2118756497716548 
4 0.7409460068982432 0.5 0.5181079862035136 1.0 
3 0.9631857015821186 0.5836215295231384 0.0736285968357629 0.11767186268159024 
3 0.7070055870431555 0.6099814191595925 0.21901052013690595 0.16422301155634222 
3 0.8080969737979788 0.5974839715261065 0.22440603452347246 0.1400281975947095 
