3 0.6586184813841826 0.5613929271310616 0.12307394457092798 0.10738087009148438 
3 0.5326738530879711 0.5761706290482655 0.10012012818863511 0.08654262054539774 
3 0.899190016056088 0.5655825622335426 0.20161996788782388 0.19139902736656614 
5 0.9325295995292555 0.5077353936464132 0.134940800941489 0.13402097627689305 
3 0.5963617616164187 0.5714585522463728 0.10291038090713954 0.08797132381552267 
3 0.9351621342225136 0.5726342988064635 0.12967573155497292 0.13423236049243567 
3 0.625741331493564 0.7660630530599821 0.4991537860410023 0.4678738938800357 
3 0.0647199936677558 0.5990931952335579 0.09330657244299845 0.12058290759032243 
3 0.05455562931935028 0.6624181293999797 0.10911125863870055 0.22647148227797856 
3 0.243630007571115 0.5872337492282886 0.06428413919704312 0.11123528207887634 
3 0.8072745932380074 0.5895160859083108 0.22576515458672247 0.17443816573164225 
3 0.9533717759010018 0.6408610829815597 0.09325644819799664 0.2544601307980935 
3 0.4687314904125907 0.5837568554492535 0.09647926637867314 0.09159777104292882 
