0 0.05175410160774849 0.63926133320099 0.03950669866286782 0.12006064879112058 
0 0.6211149200750756 0.6068841237106287 0.031022303575307504 0.1000382808193877 
3 0.12274793925424042 0.6314165115624777 0.08283863370346803 0.06492912133260802 
1 0.01654320100174143 0.64023939359099 0.03308640200348286 0.12789096611574136 
0 0.5493257501012785 0.6137156245045925 0.024800490094477896 0.10924817490957088 
0 0.3389001196996261 0.6155413194713392 0.028654849666818336 0.08121378448126405 
0 0.011897756435091696 0.6402283387427582 0.023795512870183392 0.12051515670275206 
8 0.9259012020121355 0.644656682169066 0.14332606995011005 0.1142463052179715 
8 0.8086512770881495 0.6513004079189341 0.14299626892182132 0.11166229790684244 
0 0.6157437909338453 0.6075126953868785 0.028280590665528606 0.1090242674572226 
0 0.4324301799483842 0.6204986088116018 0.031189726921691516 0.09708545735885006 
8 0.5650601002000205 0.6594135272509756 0.13201741329095484 0.11550177318845108 
8 0.6854494181169635 0.6555984242699889 0.1291029228512621 0.10895395592899478 
0 0.5621298800813743 0.6081212422653272 0.027465457440495486 0.0973835363795427 
0 0.2559448268979095 0.6302457172768728 0.033143007599034886 0.09839721745390029 
8 0.40860516435806354 0.6766205355375622 0.15931111385913355 0.14975105810721856 
8 0.3006645001431143 0.6633470507802104 0.14284856977666496 0.1194184200352509 
8 0.05707349807879176 0.6391345197787603 0.01760501367407293 0.026621695858987094 
3 0.0445855144474138 0.6341161108002732 0.0891710288948276 0.08881162377737825 
3 0.016140971693911658 0.6255949693817124 0.032281943387823316 0.05991607552839494 
0 0.4400346334378804 0.6194880173105417 0.031179701866987913 0.09848210285535086 
0 0.569225994700872 0.6146606006562164 0.02877833518036134 0.0992436113039432 
0 0.005217905393789852 0.6316185378300586 0.010435810787579705 0.11257573314179505 
8 0.49268160631916175 0.6898425160824233 0.030664139719986994 0.09871036091242925 
3 0.061968217072765966 0.616169925990657 0.08109362376098002 0.07082952839628648 
8 0.4365840927221778 0.6684801597451845 0.13403244249101412 0.13197086476730913 
0 0.3656688871464379 0.6071835555163023 0.017164408247785447 0.04881335225135179 
8 0.26286132781369853 0.681194202315465 0.15961141904384057 0.1576319039705398 
3 0.17371462616398523 0.6116908035530749 0.06763537464605085 0.06780472570231887 
