0 0.1068446504542559 0.6035178817012363 0.03803757080030369 0.10339927239537176 
8 0.13469753434873968 0.7587872048964962 0.254590169221948 0.2614550107351776 
8 0.013508901347298336 0.7732534596921254 0.027017802694596672 0.2515921207462951 
8 0.1327505703350117 0.75092486528271 0.2404544039564446 0.22156658361314588 
8 0.6953039312336526 0.7104229700627662 0.1743506399159302 0.19878852081234502 
8 0.9759016872428727 0.6785840972164137 0.048196625514254667 0.1727568428215549 
0 0.9910100086505135 0.545267679776675 0.017979982698973062 0.05606820552040277 
8 0.8370482488758347 0.6872403288309695 0.1718723233241947 0.16308503352638606 
8 0.36827652521164694 0.7459761057937572 0.21362440111554343 0.2327475632963596 
8 0.9049129702376965 0.6933481828164756 0.19017405952460706 0.1901533443742 
0 0.9460542670236955 0.5495167768655411 0.02036613557317125 0.05716497173361758 
8 0.35503849564259293 0.7325438879447966 0.19149645515151723 0.21411330855129349 
8 0.7489090396306685 0.7073828915546445 0.2063501101602155 0.20286667707340914 
8 0.5708244376958789 0.720699365789271 0.2116937523678204 0.22029966547306168 
8 0.9438881587877512 0.6753572969505192 0.11222368242449747 0.15348337930559258 
8 0.01642554012248941 0.7494349654481154 0.03285108024497882 0.22262057682585035 
8 0.5382160847890329 0.7122326587182013 0.1930452430114174 0.19654038309911068 
