3 0.3468649964014847 0.595808427909238 0.2805578738432836 0.17131821221485216 
3 0.30258122464590786 0.5820850968278986 0.2419285922872816 0.13445312760345315 
3 0.20933588781062387 0.5133431138258621 0.06729263334696647 0.041131124289725755 
3 0.7059304819595704 0.5981072661365293 0.16467633364181958 0.10862217461802212 
3 0.5067372978403136 0.5564664661200349 0.13307030640280473 0.0962629415745006 
3 0.05893502411686502 0.784491315130116 0.11787004823373004 0.4076699440012218 
3 0.05083945612427629 0.5038091682323458 0.09280361018167557 0.05327582995637619 
3 0.43814098916354666 0.556674185206615 0.10731765203574938 0.06469927310687568 
3 0.17368828918617318 0.5138136111795155 0.05948773385419287 0.03582342471159437 
3 0.0774334748389179 0.5051325925127631 0.1006827520869119 0.06780694747563068 
3 0.24704493818083492 0.5173075716104222 0.07751018807959635 0.0500287292278876 
3 0.17560938009481386 0.5243131607182281 0.18441435584322108 0.1282494657738589 
3 0.6350560428096023 0.5764502316991919 0.1568327099203411 0.10821174444800401 
3 0.5899977791793561 0.5756224912358909 0.1395813326770854 0.0855828166665149 
5 0.8450692609667734 0.568109196429822 0.20750237810208205 0.23479467890551126 
3 0.008910114120975114 0.589678037995863 0.017820228241950228 0.1657041801659425 
3 0.2372357107140566 0.5618161369751989 0.21082546427669605 0.11967967197923195 
3 0.4722382869237716 0.559458014565952 0.10990870359970031 0.07208542560109271 
3 0.2105310850145821 0.5524713445582417 0.19052195759724 0.1114157551995744 
3 0.09192689187895145 0.5227340076332774 0.11130541142886666 0.0636724928121039 
3 0.3352290288274805 0.5301690383855624 0.08548026004512789 0.06045955211983691 
3 0.2703437173296441 0.5267068065260866 0.08195844271582242 0.05467378786387201 
3 0.5432242853569892 0.5699842879346804 0.13653144211233012 0.07934861459388495 
3 0.17245077326148128 0.5412986362319667 0.15459903586518356 0.10090376478849142 
3 0.4239772965081005 0.6177978983572457 0.26879973044999084 0.1995695430163131 
3 0.023961595639212876 0.627532078467999 0.04792319127842575 0.23564137896747764 
3 0.0052559676101707154 0.6253820449058692 0.010511935220341431 0.1690833385468283 
3 0.4055415883068112 0.547491539839113 0.10522819399907356 0.06283257550987337 
