3 0.06543215107606522 0.6402914635951902 0.13086430215213044 0.18595497656686102 
3 0.07692356128500413 0.6134313627058421 0.15384712257000827 0.14295237298872135 
3 0.3936379988579154 0.5112055588896813 0.05975655444410819 0.036761001666393185 
3 0.6203048741559231 0.5925207161697186 0.2616580130789172 0.15168486410138193 
3 0.511365747112737 0.5534608226130961 0.1642779517221608 0.1117475860764518 
3 0.06189265328400745 0.5395353479779783 0.11343546709311428 0.0557245797758068 
3 0.23276415060467273 0.5153690980103418 0.0742761153974966 0.04334181538778624 
3 0.4797910699987823 0.5475249228875229 0.12175280668108755 0.06957522951812539 
3 0.3744243716338616 0.5079842710008683 0.054941320904191356 0.031945929779270285 
3 0.11313682392040127 0.53962220688682 0.19085842400731462 0.12156127163989418 
3 0.5760085559556589 0.5751876223222266 0.220740178104242 0.14347999886879556 
3 0.5542626123538064 0.5717666627961203 0.1864235539096257 0.1069483804335642 
5 0.737278301760181 0.535200627624993 0.4096000391782013 0.3903872602512426 
3 0.09499903408605832 0.5892160548641359 0.18999806817211665 0.12082184058789974 
3 0.49623943044663565 0.5547820882961534 0.1294820468036984 0.08052545947815916 
3 0.10358527732496468 0.5783277411717576 0.2065524122794776 0.10969219756106213 
3 0.028703686350358314 0.5440050906954541 0.05740737270071663 0.06458790141770364 
3 0.2150744028954854 0.5248240366099364 0.09343157519931065 0.054338642683147406 
3 0.41849731176279337 0.524618784227586 0.07749271457245165 0.05097499024161095 
3 0.5252617034792874 0.566296710951238 0.1766421577581447 0.09435697832828352 
3 0.15817328837883582 0.5464953039882876 0.15049402137481516 0.09626132394969501 
3 0.0012869767336933812 0.5541931098005443 0.0025739534673867625 0.07832726841608469 
3 0.04523214532910149 0.6594894770448175 0.09046429065820298 0.23181896814748376 
3 0.462041898526201 0.5475045913584373 0.1153018548981204 0.06515590375964368 
