0 0.4703469710914609 0.5264082818833224 0.023768232794527507 0.08745180878773075 
1 0.6478594692940799 0.5363765034666435 0.09530229089269292 0.0952934859318881 
3 0.01252472052581799 0.6501553368725573 0.02504944105163598 0.10788323328229972 
4 0.09777208823704793 0.5709405251459891 0.07743592385819957 0.140671328204166 
0 0.08377668418803261 0.623804808285025 0.051586874237761746 0.15627178039067802 
0 0.40705274402192415 0.5472862457686194 0.020123356258082696 0.06484863155606818 
0 0.380842675570736 0.5489634849615266 0.0216633348250366 0.05919324370839686 
3 0.48349694952795125 0.7013982242999527 0.9669938990559025 0.5972035514000946 
0 0.5025053291925003 0.5343970526893203 0.0330796798309693 0.1052059567706497 
0 0.5249536684936017 0.5364050659153814 0.038526017934447626 0.16470630893879046 
1 0.6777139122195607 0.5471968281054708 0.1101228136999594 0.12465614040728029 
3 0.08478170759933372 0.622267193242114 0.10152043691339964 0.09218155973708626 
