0 0.8494473912723229 0.5915158706977052 0.024382611488479995 0.09586286369765705 
3 0.7365788557332271 0.5911501292002197 0.04811854738151695 0.0546079390514532 
1 0.8169669178580037 0.5902429795843076 0.034949283073456884 0.10093500598340642 
2 0.5996332168270182 0.5880844265204991 0.03265562188032689 0.06682216038572664 
8 0.14711847917079085 0.6278718767668233 0.05643700512736574 0.050123111482275565 
8 0.3939662192001619 0.6031522420203249 0.03792380607435241 0.03570608079095109 
8 0.25303306730068287 0.618343393122316 0.038819904014649464 0.046411841882880174 
0 0.8068076203334156 0.666226337960651 0.09464125771982282 0.2969454058965297 
0 0.9619920075315045 0.5806316199022833 0.032121054811045296 0.08350572620496766 
3 0.43850468508937573 0.5935905612562725 0.053314893705224194 0.06837795336524878 
0 0.7937700228266329 0.5879427234083778 0.028336552224428716 0.09568387918361104 
8 0.3567793260162161 0.6075992086450067 0.04176352536741497 0.039559197592494176 
8 0.35218174379871825 0.6133565047898166 0.03500073877701986 0.04194648737487834 
0 0.047618371414669264 0.6659459951067462 0.09523674282933853 0.3128850900844985 
8 0.20788607411471238 0.6174381097073529 0.03268659554803662 0.05288244526978752 
7 0.06256477289260907 0.6090789016834633 0.10582154820226718 0.08144148759456724 
8 0.6392740406739894 0.6008594169403035 0.010044036044839758 0.024118116609129808 
0 0.15113194055402235 0.686711960624432 0.25371823440233465 0.626576078751136 
8 0.25028143258587543 0.6218758078610899 0.01952766170992007 0.04352243088682864 
8 0.3247376482170767 0.6129548913265597 0.04233728618793336 0.04773596020532523 
8 0.27534255260503926 0.616766209124775 0.04131685110881257 0.0428617461316618 
0 0.9048468404116204 0.5913974568769288 0.03720136241728923 0.08956442280161077 
8 0.004580683157269879 0.6391431104440565 0.009161366314539758 0.04833832899943597 
8 0.05264325395969477 0.6324326903766296 0.04507196006145794 0.046161474392397775 
8 0.6783829697639635 0.6069737017063762 0.01034127710269317 0.020866963547379606 
8 0.2829239687710488 0.6165435479546503 0.04672726339695078 0.04440476565442181 
8 0.6684344154065862 0.6097384728576104 0.01182379364955608 0.02197307382726068 
3 0.7074338127422755 0.5916047855644991 0.060748778848728195 0.0721525851364833 
3 0.6179985851016447 0.5892746339074956 0.05308585709357921 0.05128923019292175 
0 0.0004773763095429516 0.6367511641020502 0.0009547526190859032 0.1776178978993312 
0 0.8614199947662735 0.6475257598089913 0.08738977573303217 0.30473567350085 
5 0.5503749656597465 0.58591517549668 0.04748234679834774 0.05573877016197741 
0 0.7636124117138932 0.5885358202953512 0.02391959572497953 0.09000013774149351 
0 0.12646667687318627 0.6127866145053399 0.03518311342375089 0.0813552180163467 
8 0.44103235575680694 0.6129564880679975 0.009754530324784697 0.01918258119672474 
3 0.6440838842061005 0.5793637652373647 0.0464595626063926 0.058967404646780325 
8 0.09319465486197068 0.6352276323677698 0.06106120940534249 0.050000579503011094 
0 0.026858435735065026 0.6636139290064405 0.05371687147013005 0.34262630669228233 
8 0.6266313970238463 0.6072970405841337 0.009904300591726027 0.02298026892019695 
8 0.021617335312630215 0.6340595343865039 0.04323467062526043 0.04916151615618623 
8 0.18341718913550964 0.6238831243810182 0.0414807205825042 0.056019831452770306 
0 0.9121241809786412 0.5764855850408891 0.01649250599961462 0.04618104864632787 
8 0.6561903971493317 0.6087687679261744 0.012361839776099401 0.03195068133423117 
8 0.42532713815484896 0.6016989221828535 0.0335786409090214 0.03482204952388985 
3 0.5620507830723935 0.5933358327518031 0.06657005065419128 0.05807355836818538 
8 0.39526065582911674 0.6142928335591705 0.010839775999734015 0.02413962828468281 
8 0.6685110170525934 0.6068179756185413 0.011148257755502157 0.03142143422868508 
8 0.593541116981544 0.6064833439873609 0.012703555086113242 0.03206029975771192 
8 0.2272521565556516 0.6184790255049254 0.02998223494943968 0.04506941037898552 
8 0.6525599439984004 0.6011137318340178 0.010553425091581232 0.022362926589226187 
8 0.463010455383768 0.6009791847903259 0.03226557664851164 0.031205423329606546 
