3 0.7309086016496079 0.5595110110458855 0.12819642365246778 0.10364792877612192 
3 0.035130361151347995 0.7522503817554509 0.07026072230269599 0.46921791801457663 
3 0.6131993793625423 0.5751526805921605 0.10594775253361775 0.08322757696774394 
3 0.07572782147375966 0.6521540718660372 0.15145564294751931 0.2543656310498165 
3 0.9481612497800316 0.5584414214664271 0.10367750043993695 0.15851376608615542 
5 0.9601038369617407 0.5089840052460511 0.07979232607651852 0.12349078697785558 
3 0.6723564042739808 0.5698723913872301 0.10780842636008486 0.08478442636457512 
3 0.9801992218464998 0.5670882586751145 0.039601556307000435 0.11264384548068569 
3 0.8195646210432043 0.7647950990707477 0.3608707579135917 0.4704098018585045 
3 0.18545311826611127 0.5899100856253263 0.06746344172664064 0.11405227464993382 
3 0.2418738024253873 0.6441041082798953 0.15596611403800048 0.21287751027376056 
3 0.35042944650638264 0.5863017450648592 0.07193686956413366 0.10642170101877545 
3 0.019199272628387144 0.6178668159013366 0.03839854525677429 0.1261372279531074 
3 0.899646732314876 0.5876905204720088 0.2007065353702481 0.16206112960498698 
3 0.5545759544325907 0.5822770185137988 0.10350535099620835 0.08785328028702925 
