3 0.1296558683501533 0.6153684667831764 0.2593117367003066 0.20150385629662815 
3 0.07960798266093251 0.6031134102582824 0.15921596532186502 0.15556297297445124 
3 0.37432142979122984 0.5820359930005543 0.12721112888934336 0.10009675933591793 
3 0.1271041035876916 0.5620168832247482 0.14987261724400586 0.10613600628200011 
3 0.18443199556375242 0.7888268545585707 0.36886399112750484 0.4223462908828585 
3 0.04506308400483204 0.5505868424673718 0.09012616800966408 0.07334510894594441 
1 0.8610379819568411 0.5720903225065265 0.09226004265762328 0.04639518581249515 
3 0.29604311842743053 0.5751730684728973 0.13943345079822134 0.10728006221792213 
3 0.2406517639805231 0.5768691801628072 0.1351091832548549 0.0875138667591327 
5 0.5007255133307588 0.5449188137643776 0.12626593538136383 0.1922940708329919 
3 0.002175423572140953 0.5945189741438389 0.004350847144281906 0.1233209085527671 
3 0.07494243033467236 0.5551477401276037 0.13361461932206004 0.08121556874396883 
0 0.8531440678041945 0.5659030401982853 0.020467288013629455 0.06126392299352877 
3 0.2395088571659502 0.6127746511245463 0.2430929332417196 0.20995508504617816 
4 0.9503967272584088 0.5027971063698432 0.0992065454831824 0.2816346848127017 
3 0.019277032800754604 0.5674505250490532 0.03855406560150921 0.06747399296284723 
