3 0.788923107057297 0.6330447872107728 0.20778873381497207 0.3010409529227281 
3 0.944990443696736 0.46170634597419796 0.07684642277197583 0.08488593983570399 
3 0.03350432347179615 0.48741174184332825 0.0670086469435923 0.16372343939167 
3 0.4483779733474104 0.4971383506203765 0.061872075756250595 0.07314837066983658 
3 0.5163973382901235 0.49411420628479025 0.06400010469933008 0.08013438531419997 
3 0.7868460169980475 0.4738338121848158 0.06441365955531084 0.09030364323451477 
3 0.39414643458181103 0.4854273895643565 0.14410638998121364 0.14792054498705107 
3 0.6622332639977436 0.47088153068077676 0.11456671369519221 0.08604438577449362 
3 0.09081369689942395 0.48687454631581445 0.1816273937988479 0.15737257331067306 
3 0.7314066773309233 0.4587312393923665 0.10827293102843584 0.1596707463718476 
3 0.01431893705477578 0.48947131084157913 0.02863787410955156 0.1958453092119747 
