3 0.587713870457909 0.5674583078602868 0.11715768182473404 0.11153434624742639 
3 0.4517226754277836 0.5802268185639294 0.09282746448420333 0.08999514520447557 
3 0.8209454789638195 0.5712894065742162 0.2491399903182804 0.2091685729433058 
5 0.8923303436624102 0.5140403743706168 0.15314025787864993 0.13932980193147626 
3 0.5208694154150851 0.5766211535320978 0.09699136425467444 0.09138529605676536 
3 0.8894365011407541 0.5839125421082241 0.22112699771849195 0.15574787831540493 
5 0.8061959010692823 0.542713538839833 0.21731827707268395 0.12902949095503793 
3 0.1428303562566461 0.771066451603387 0.2856607125132922 0.45786709679322585 
3 0.0006084254342481004 0.6219084497657648 0.0012168508684962007 0.0433420030789763 
3 0.13224476097608034 0.5931667703451013 0.07963212850028505 0.11663936071407603 
3 0.6887076068929117 0.6027375986569015 0.21484400189070968 0.1874625886188809 
3 0.8578749807121099 0.713596746900078 0.2842500385757802 0.39320011397438154 
3 0.38145803909966913 0.5878098427431068 0.08745713192434267 0.09543675986088165 
