0 0.12449573100369321 0.6015742730196231 0.039918890642369094 0.1217212383863924 
0 0.6436849866583727 0.5638537520448075 0.02987932123218144 0.08299376064550087 
0 0.023163111141370818 0.6059937548570842 0.0440829790627528 0.1386027731055273 
8 0.9931032482591218 0.6479998743227242 0.01379350348175649 0.14200160432767184 
8 0.010147718165237272 0.6897180331454547 0.020295436330474544 0.16101806854872203 
8 0.8231980612411525 0.6682107245038198 0.17498449059161117 0.16281396814247248 
8 0.7638892893243702 0.6684279080807811 0.15488063817252282 0.15678186389387053 
0 0.11050991536246184 0.6053852587692162 0.04272611654101157 0.13506937060628219 
8 0.49059398126775067 0.6785413399044495 0.1678604481976226 0.16479550327074485 
8 0.6792483935197073 0.6790136395992684 0.17286314421261353 0.17949230595674232 
0 0.0732572848753193 0.6120277910499055 0.04651319170181068 0.12152026147140817 
8 0.4753137158808051 0.69772017300276 0.04452460043240507 0.1189427088755354 
0 0.0634681959052184 0.6045436471367949 0.04804224731644238 0.12336259777604615 
8 0.6363618575762584 0.6678244353709792 0.16155023289075238 0.15431911310152727 
8 0.5521543572368113 0.6971125232713441 0.050971349980706224 0.12492962458294705 
8 0.9350759266860302 0.6569185546341803 0.1298481466279395 0.15466440021842384 
8 0.9611287909932317 0.654759619265497 0.07774241801353668 0.1399734564317445 
8 0.403770485395903 0.686762439294748 0.034737349942488296 0.11904650956828278 
