0 0.7607941610111046 0.6127011572621149 0.0434172447290733 0.10811241264040228 
8 0.8790862450092516 0.6501321707963063 0.10587047736626332 0.12147012734734833 
3 0.7757909920949636 0.6093198046459611 0.2647816664624051 0.2222016313769532 
0 0.9522913129810965 0.6099371519125116 0.05957854649565562 0.1341283844067516 
8 0.956284913674683 0.6410174614553164 0.087430172650634 0.11848308430662921 
0 0.8728880910773702 0.6279899282944089 0.08233726861990803 0.2413502985909597 
7 0.8753104647708116 0.5915474360485075 0.08533169205388574 0.07018638012773908 
8 0.7929153022182053 0.675385167745871 0.12231473617106715 0.14165277272440083 
8 0.7186681038451667 0.6794300486176191 0.07959935056576271 0.15884205608668342 
5 0.7817854681373114 0.6041593366773771 0.11381272103117766 0.08901002844092577 
8 0.6717824247001462 0.9721703603536086 0.24190536341446894 0.055659279292782964 
4 0.6623080918579742 0.602520673364831 0.14652115103280736 0.0964608314513632 
0 0.8675360322595731 0.5953649376461599 0.048941955605576765 0.11919946554337343 
8 0.5810648785715621 0.7017479899934937 0.04364296701595009 0.0955807025372874 
8 0.893653866692981 0.6161962601888221 0.04469429056178626 0.039157251789253625 
7 0.9370597925256197 0.5437333644148085 0.12588041494876082 0.6293843232850943 
0 0.9828404808292368 0.5970553932011419 0.03431903834152649 0.13233894842310506 
0 0.7929421645008756 0.6090477491297969 0.04205422785986016 0.10709462654974376 
0 0.9700041755807993 0.5988797444617608 0.05453105938695813 0.14269490442538035 
0 0.9732889329169975 0.5955175807182232 0.031161408512841434 0.07238432233891223 
5 0.2251412299033613 0.5574624480678976 0.4502824598067226 0.45296041057253605 
3 0.588191510433509 0.6320853938728503 0.20686122404316237 0.1510690412021447 
3 0.27018108944219277 0.691145455589299 0.3748722365033275 0.24150252857995042 
8 0.8561998373397404 0.6101826379125388 0.04550674750270815 0.0410953962364388 
8 0.2394153446752363 0.7463137865078445 0.045323355724435216 0.12066835135910436 
0 0.8643770938283291 0.6399184342194293 0.0897418799417767 0.2606332208627102 
8 0.41492592610232437 0.8385422356510852 0.17189565368758017 0.13515765514708178 
