0 0.253598799680717 0.5965683346856129 0.03239336879403844 0.11460943597463856 
0 0.7561689609913603 0.569682452732469 0.03122888606780606 0.07985458172242021 
0 0.16374494779695212 0.6089269639893162 0.036134564028144286 0.1292472660310073 
8 0.2320295063427887 0.6749026392099078 0.1718692593186434 0.149901971504432 
8 0.9674794140212822 0.6607559892857064 0.06504117195743575 0.14504237081809973 
8 0.0779909339932051 0.6916875603858494 0.1559818679864102 0.1511984314972459 
0 0.24430644104173957 0.5983196867207832 0.034730654016609144 0.12668202976372028 
0 0.02104927137313024 0.6155329512467539 0.04209854274626048 0.11862944654239799 
8 0.7163259522162153 0.6682950865718545 0.15420446902830215 0.14543274460260036 
8 0.8939283540578856 0.6709498879588447 0.1614678397262729 0.15914221640567058 
0 0.19517711893034131 0.6014242112660692 0.040804574755359334 0.11385998601733598 
8 0.7199719065256508 0.686242346814444 0.048899866425919786 0.10507841774446307 
0 0.037410930351091366 0.6122859235608173 0.04606769874651324 0.11943774728782658 
0 0.19530466505071303 0.5994415700903962 0.03846609595174691 0.11548276965429674 
8 0.8405769808195896 0.6616241473699193 0.15097505075778755 0.13775877752312543 
8 0.7859645025957397 0.6867183583562211 0.052973513376232406 0.11091687549125039 
8 0.6418392498761805 0.6723590504723459 0.03583045892962836 0.1059636002922515 
0 0.06561311367688602 0.5913112248776848 0.024436515061707853 0.05666711331325675 
