5 0.025086689373922725 0.5568608554850996 0.05017337874784545 0.4035550223581184 
3 0.9664908762579164 0.572848454581325 0.06701824748416726 0.195277710614158 
5 0.9490207607362229 0.5718310952827839 0.10195847852755449 0.09024580601241079 
4 0.8118747520582537 0.575996156341007 0.1595570282562764 0.09547815641687724 
0 0.9958404192920897 0.5770549022835378 0.008319161415820701 0.10374003937373541 
8 0.9376869403639572 0.650743802218982 0.04427180579107585 0.08300583665896916 
0 0.9477593685852896 0.5802125862901941 0.03971361804676576 0.09556784989312107 
5 0.49973261708570904 0.5321630259627294 0.5305092908632886 0.4110238119406189 
3 0.8611008559138007 0.5955617343806354 0.19381088356428136 0.13536492836777952 
3 0.6790527517836294 0.6392674008589718 0.30584291167198785 0.19132275208467364 
8 0.6952868465594938 0.6833150787219855 0.043225461343059095 0.09632361892086957 
8 0.9426584984029615 0.7420288238124183 0.11468300319407718 0.09421814843556023 
8 0.3846314316421997 0.7228946267501096 0.04999953226527147 0.10923458155897997 
