3 0.36260165086006807 0.5896618798531282 0.28296620002905376 0.17074099224578063 
3 0.3316599496434293 0.5668210320696081 0.23841047486575476 0.13232573383614712 
3 0.30951701206237486 0.5063020545912241 0.062401047777773895 0.03900810350703757 
3 0.7719475740225394 0.5886902216731166 0.18705584973759032 0.11495038654965052 
3 0.5752548301759449 0.5396680378370555 0.13911186166855785 0.09904272789333529 
3 0.001943767532547045 0.7124882151932843 0.00388753506509409 0.2682899835679694 
3 0.038978651832571626 0.5231334566939133 0.07795730366514325 0.06176521029031657 
3 0.161932628317904 0.5015640855201112 0.08142967482501444 0.04878544654849091 
3 0.5109015332828214 0.5448549721918375 0.10900635891592934 0.0651217532708626 
3 0.2784939961417518 0.5081189379960599 0.05505056108951727 0.03358278321743203 
3 0.17817112215405956 0.4983637788598508 0.08922622371791007 0.06297438864726157 
3 0.34264533892461857 0.509072625574495 0.07282769605290206 0.047904824349564216 
3 0.2371770662213071 0.51201156955198 0.17216354437794018 0.12348417498624618 
3 0.7000294203657622 0.5588665732690117 0.17221307794493762 0.11482733541739347 
3 0.6556304192698903 0.5603967328790904 0.15049132327810527 0.08944842781803036 
5 0.8982026065312517 0.5514161681376865 0.20359478693749652 0.2596231850258786 
3 0.022704692434985893 0.5799283824377608 0.045409384869971786 0.15980959483040894 
3 0.285700104403882 0.5499540344878986 0.2011370619176973 0.1173783020984528 
3 0.542708120868118 0.5475184936139789 0.11316641923961576 0.07322621217078557 
3 0.2696897757752232 0.5416417366611496 0.17939702282464676 0.10806106458898827 
3 0.028066276033722273 0.558754093258023 0.056132552067444545 0.1197966305860709 
3 0.029916904635904653 0.5244307915858952 0.059833809271809306 0.0702598449476981 
3 0.1907565591034021 0.5167061169818069 0.09945003462569592 0.0593293583927048 
3 0.029872406927859474 0.4665255540737543 0.05974481385571895 0.04433647243023213 
3 0.03225205586648639 0.5516574561387205 0.06450411173297278 0.11476501039124495 
3 0.41712712495928894 0.5155920791829296 0.08320347965780656 0.05943927387093721 
3 0.36081586192961324 0.5178289248586007 0.07786885802378919 0.05275336269725762 
3 0.6094777281568281 0.5608467686543664 0.14497433241175364 0.0815294726566463 
3 0.24405505687760454 0.5315373382954368 0.1440879441093273 0.09688124450088632 
3 0.03126971018896378 0.5260037640619992 0.06253942037792756 0.08820902367090001 
3 0.0838768340736021 0.47104840927831676 0.07378926832638955 0.04685399762954932 
3 0.4339636715431261 0.611873278023361 0.2785262447342522 0.20142520181434168 
3 0.014929282807564611 0.6115134803431588 0.029858565615129222 0.22470682237831213 
3 0.013828166154706997 0.6134554508886013 0.027656332309413993 0.162547403929322 
3 0.4805475122876895 0.5350008204782051 0.10553919207495767 0.06278355346682835 
