3 0.6110168433354849 0.6512032585058524 0.4176448146379426 0.3085642717088128 
3 0.33602956287665287 0.6524815315613935 0.3185304951950118 0.21031216614786127 
3 0.8028857038868106 0.6277452475099955 0.24985540344526327 0.17316790659876782 
3 0.025327793641125567 0.5997174519627636 0.050655587282251134 0.36098118395050866 
0 0.8769835519223541 0.49788996141650976 0.03250379029214713 0.09063940136927462 
0 0.6945128446919273 0.580866632577438 0.055694989199324994 0.139467098298742 
3 0.9391020028837516 0.6254558413660204 0.12179599423249698 0.19363241383990643 
3 0.05631014642135121 0.6780303944402795 0.11262029284270242 0.34947363349512267 
3 0.9668543790630821 0.5388927714605999 0.06629124187383596 0.08688907205900957 
2 0.8360857961560249 0.6490121752820883 0.20030471697278984 0.3052059829778937 
3 0.9847001226883936 0.5339380965443503 0.030599754623213047 0.24632367395134533 
