3 0.6161606971508133 0.6120518334346136 0.2174276653082483 0.19764104499766544 
3 0.4724188429989749 0.6281106880940085 0.1819745671722891 0.1931222484900224 
3 0.4057835223178623 0.5814653271161372 0.08916516741590691 0.10527530211341526 
3 0.05331517326371016 0.5994100224505479 0.10663034652742032 0.1444835986861051 
3 0.3232762609661515 0.5827910971594777 0.08493205732123396 0.12151994455714746 
3 0.22656685262906373 0.5900853706998597 0.07974243724181906 0.10607321319843575 
5 0.5303959232594571 0.5357184098702492 0.12344275831342003 0.17701142706572398 
3 0.7357586616061267 0.7544050114593569 0.5284826767877469 0.49118997708128626 
3 0.14734432583239002 0.6546936375234425 0.1866910669215076 0.24436960191561088 
3 0.004769265668095757 0.6054247393014505 0.009538531336191513 0.09661198851530792 
3 0.046965719188492266 0.6615665498926923 0.09393143837698453 0.241404546861628 
3 0.07514420340636895 0.772929030742886 0.1502884068127379 0.45414193851422796 
0 0.6699146512635875 0.5292921506753939 0.016383336786926606 0.04708468591975961 
3 0.722530734017388 0.5938854931430283 0.2139062389230702 0.18475550556862907 
4 0.9892515500902829 0.4778592800062134 0.021496899819434392 0.19436722312099758 
3 0.9316599760901452 0.6598804103221444 0.13668004781970994 0.2996702788085113 
3 0.8559291909808195 0.7537204580309752 0.288141618038361 0.4056476505711155 
