3 0.004822031938414466 0.64094465602428 0.009644063876828932 0.16890782315346833 
3 0.03099364936323861 0.6323155376497066 0.06198729872647722 0.1468237414414987 
3 0.3869580950387336 0.5123748713269516 0.060060969446117274 0.03641894774524783 
3 0.5382162105770215 0.5965161180295594 0.27021404658753684 0.16210437002340553 
3 0.46492498342314825 0.5542387155020354 0.16738318789769507 0.11542554741238746 
3 0.0490109517538522 0.547044637307432 0.0980219035077044 0.05613184466986253 
3 0.21978259251210855 0.5191872684725946 0.07638406897838734 0.04286769820474875 
3 0.44346119494699837 0.5477792350379038 0.12338170536955921 0.07197015837526698 
3 0.37196757354879106 0.5081704694749547 0.055491093539775424 0.03133271263081951 
3 0.07662832823071777 0.5631843724656946 0.15325665646143555 0.12288369131634555 
3 0.5072394233042796 0.5774081491716553 0.2253615135225637 0.1510532531139471 
3 0.49447673163628486 0.5732062912881362 0.18991474684238072 0.11270670987944648 
5 0.6266742228931189 0.5369001456675366 0.4307550209450365 0.4223557062515094 
3 0.059259161532180527 0.6053690428235735 0.11851832306436105 0.12336463793993876 
3 0.0729513187840052 0.5998655566071156 0.1459026375680104 0.11215481911475257 
3 0.012829536385408692 0.5550857120845141 0.025659072770817384 0.06461110441077463 
3 0.19093327386073344 0.5313703352199892 0.09730805217281452 0.05459553069936987 
3 0.40501303224246904 0.5262659238121772 0.07796597616532822 0.051387361438094546 
3 0.4721807061942293 0.5676897187539616 0.18033113033839315 0.09903485678406873 
3 0.10885859597261707 0.5567540390929373 0.16001257021454315 0.09813246569479923 
4 0.9890880637886855 0.5218019919477288 0.02182387242262891 0.27328699319058947 
3 0.43783238660340623 0.5474867778235737 0.11660221645600004 0.06714822526894675 
