0 0.643596782331905 0.6604074839664513 0.07510884181348466 0.31456157921894345 
2 0.9857133805741533 0.5762612728009984 0.02857323885169379 0.07023773622861035 
0 0.2919657390412215 0.6198507970994941 0.05209234601755753 0.13839557700798327 
8 0.15851138869883571 0.6960585206756946 0.15836879035092974 0.15985868080940172 
8 0.5548164918043493 0.620394777607221 0.04272714149137812 0.04360860732246705 
8 0.74689862131776 0.5998970351161628 0.03707040996599432 0.03487359372568752 
0 0.7961784689267589 0.6203532692655765 0.09715145543280002 0.2707422037176206 
8 0.6214187561780132 0.6145907337298995 0.03542226774431271 0.04259567131953468 
3 0.8609893604036225 0.588431897337558 0.041318143853067965 0.052368775565356976 
8 0.7122301807913618 0.6041931751333784 0.04132793665918214 0.03801060412056826 
3 0.12088358509961675 0.6368901669220189 0.2417671701992335 0.28439592087342846 
0 0.4607535944031571 0.6153280438711978 0.060407407960770744 0.16062385914243527 
8 0.7266753959221895 0.6086977934140057 0.030087438990971122 0.03976245328904434 
0 0.9373801433923064 0.629638059462916 0.09576687008648634 0.2700275326823814 
8 0.5906780289933893 0.618913701642486 0.022342176751948842 0.0477447310228173 
8 0.288652267459844 0.6821537671954209 0.12639026446415014 0.14637341271314794 
7 0.4711484499687265 0.6014439353435028 0.07908469302730786 0.06960805934467777 
8 0.7211421811269348 0.714852340427404 0.05014404262052835 0.1216501179951557 
8 0.6333874184501734 0.6152444165313776 0.014649085261320067 0.039445049069144415 
8 0.041847886047538384 0.7188005022942012 0.08369577209507677 0.18120342003569237 
8 0.7061789568800174 0.6107679953817324 0.035778669143838045 0.04477684252527461 
5 0.37689424168601265 0.6079154911780745 0.10351442150491828 0.09161258810701049 
8 0.6518100607422318 0.6130469389357922 0.03715495178383982 0.03955879991179535 
8 0.4167914691192074 0.6696746114232374 0.1227106880472467 0.12581327354306976 
4 0.2744914149086873 0.5949510232309889 0.14413203745442357 0.10286749377845934 
0 0.39958751042832463 0.6088786450704932 0.04902746066111874 0.14375220154957485 
8 0.4157661905535415 0.6289895531701999 0.03944301089697547 0.040747091452032896 
8 0.4757887707660025 0.622857790327726 0.037266535968276955 0.039116348104799956 
8 0.6684011993277537 0.6112321909588071 0.045153332522835966 0.041075454908403676 
7 0.16635165184794343 0.5 0.33270330369588685 1.0 
3 0.9852966097860995 0.5813118199054683 0.029406780427801208 0.05411007678362005 
0 0.524996998832397 0.6018898958808035 0.05259052407235174 0.15670480155331348 
0 0.32136452544143623 0.6125354708980807 0.04634831287057232 0.13101367001063155 
5 0.946471577108921 0.5749214414235072 0.04021755245152463 0.04803618848971685 
0 0.4839684853237554 0.603384954511178 0.054380313582552804 0.1692890325790268 
0 0.5410071936080827 0.5978178595317052 0.02723034302245459 0.07088814355272063 
8 0.5913815988071386 0.792161458722855 0.21756717537572037 0.28534340390837987 
8 0.797886481024408 0.6068678416792378 0.010010433543157263 0.018995865925354186 
8 0.5131456419884173 0.6231000699153829 0.04899671260459371 0.04268184511140766 
0 0.9206134975824497 0.627456182752087 0.11263738784261448 0.291958935867641 
8 0.160537236968085 0.8533597751182077 0.32107447393617 0.2932804497635847 
0 0.5666653698488345 0.637603708532628 0.07389813453655088 0.25806686463032863 
8 0.44610254376637004 0.6197829923132958 0.03886438575685681 0.041314302799301254 
8 0.5781241971773261 0.6155930099509028 0.028657560024620138 0.04941566402463776 
8 0.568119234604585 0.6962039517721079 0.038648401692339934 0.08399529140607417 
8 0.776094059964685 0.5982693150131436 0.03363575868081838 0.03449949845562211 
8 0.4061589943486335 0.8346244777777411 0.31575316784089374 0.3307510444445178 
3 0.9540707192308107 0.583116267645449 0.06804419292622442 0.060221773805859836 
8 0.6263875197902917 0.6938429872282575 0.1490318104210193 0.17123047100025146 
8 0.6923321212236876 0.7379087238535115 0.09401060126349137 0.24203509390054553 
8 0.6013426374438146 0.6142768885752564 0.02221701515780481 0.0408282531707093 
