8 0.8524619920522167 0.6950529168011577 0.15384382475150035 0.1778835393452021 
8 0.39247302974516074 0.7405244135623916 0.19593929993117976 0.23328152074401437 
8 0.7859698102200102 0.7106561544471879 0.2042393331202365 0.20756144385698969 
0 0.9321320059603594 0.5510968538371502 0.01967679872109997 0.05637887948563193 
8 0.5735809994878783 0.7135805533754921 0.19114644321261282 0.1889749950264536 
8 0.9922012104751926 0.6789259193836166 0.015597579049614722 0.16360363313466753 
8 0.020565414484475547 0.7763923927096947 0.041130828968951094 0.2610120590430878 
8 0.6093611362092513 0.7292604782462888 0.21565383529082965 0.22656824216635515 
0 0.8927824949497338 0.5543438260658428 0.0205487861265928 0.05953190032733333 
8 0.032607582984396345 0.761590149182529 0.06521516596879269 0.2385704158134393 
8 0.9439136582532203 0.6750054288981364 0.11217268349355948 0.15126894601531238 
8 0.40279165202033695 0.7468846787323966 0.2345922493703906 0.24522169657515114 
8 0.15245490081117913 0.7602514186921303 0.27314087497961037 0.26925498651241997 
8 0.7264211985110239 0.702418177484879 0.15856343213465082 0.17654504042420602 
8 0.9236600477046949 0.695452841091908 0.1526799045906104 0.19335466799470877 
8 0.1682667756324722 0.7471492256715441 0.24152557635855473 0.2347173208323688 
