0 0.3759411347393352 0.6071919568116813 0.028088648254363947 0.10868445137596344 
0 0.8687474336539717 0.5734568248662673 0.0328154385164477 0.07758709751968891 
0 0.2960061225042028 0.6089040186279617 0.030198592362089906 0.12132300307877826 
0 0.08509093886297414 0.6193531257986263 0.03374761610264815 0.08718374604909425 
8 0.4941883940454247 0.671248896208359 0.14855564376126532 0.13359372308747766 
8 0.3464933152881757 0.68116909459128 0.15660972633375103 0.13450959315228841 
0 0.36937927680729943 0.6108171875105705 0.030426713621960033 0.11962162016416768 
0 0.16314931317939926 0.6278311900836749 0.03990344678273857 0.11028434481391741 
8 0.05731275687794077 0.6862175289838015 0.11462551375588154 0.14213190070571652 
8 0.9104689525427672 0.664401850532854 0.14819207110593227 0.1340021010976841 
8 0.18471861405980375 0.6854895854135266 0.16146651775502086 0.13481823424290268 
0 0.3215573930583642 0.6142442317732643 0.034248271632134966 0.10738822623145444 
8 0.9261475983835616 0.6817434138588995 0.05293051312840106 0.09598785958549368 
0 0.17551459709764586 0.617978650401495 0.03934256869564621 0.11129168701266476 
0 0.32169505889656175 0.6124422863995113 0.0324752715829646 0.10904708814444594 
8 0.9742819177731542 0.6589070543459393 0.05143616445369162 0.1269769538940463 
8 0.9790978854603443 0.6819974642972734 0.0418042290793116 0.10168636514310264 
8 0.8455598634066486 0.671213424193156 0.03769386323055386 0.09728416392462134 
0 0.162208251449231 0.6025259712628082 0.02131710657867744 0.05380373581231589 
