3 0.09207872002591158 0.7587167380946235 0.18415744005182316 0.4825665238107531 
3 0.9250190999295379 0.5508072232912391 0.14515300580007648 0.10123956781639562 
3 0.7394077152389662 0.750170778406077 0.5006602026997983 0.49965844318784586 
3 0.049803576758253705 0.650938166062306 0.09960715351650741 0.21518903841626494 
3 0.812723210991573 0.5726432533868587 0.11963851445185825 0.07976520913102245 
3 0.48557220625249886 0.6239828829225419 0.15639902654959678 0.21242684635716652 
3 0.10597108249367551 0.6135645086470175 0.08805948694799536 0.12466963827912714 
3 0.8681832537939187 0.5639623250083828 0.12157932090841271 0.08202901779263604 
3 0.4412018285396118 0.5675279383791304 0.07392281977683261 0.10208665180514724 
3 0.3310295976204819 0.6326984467722964 0.127580263420895 0.21063348278926114 
3 0.6054206245848281 0.620539765359916 0.1992104544876048 0.17887088831506068 
3 0.5799955529753595 0.5729258126235296 0.08727154765975513 0.0980513478862291 
3 0.2665667403876733 0.6005096120164912 0.0702261356614838 0.11759657603024733 
3 0.759452780484583 0.5738133988043614 0.11751322301725566 0.08324658108636224 
