0 0.3484584944695453 0.5072717784885901 0.024650097510773534 0.09013297030231361 
0 0.5700893202053582 0.5434479088896674 0.026953656042750396 0.09245616814348857 
0 0.7314945186399072 0.522909888394058 0.025893075747406586 0.09584453910472406 
0 0.33504310845024343 0.5391709072436485 0.031446056465607164 0.12111985681291938 
0 0.6055143492849964 0.4927662014484401 0.01681219673118214 0.070251750539329 
0 0.7888347801769551 0.5482578355694644 0.029803717969598437 0.10359503514418464 
0 0.5172403030777702 0.49188016314059313 0.023920357052505566 0.08047513878448449 
0 0.3031265473752296 0.5434400081009341 0.03341378399187711 0.12053163135663378 
0 0.5578206991163028 0.4971134618641429 0.028652765289826475 0.1020181424841663 
0 0.08471660842814542 0.47137855179420785 0.04806208758744069 0.11647368539977657 
0 0.6898789550749289 0.5185340447686928 0.021653415975091548 0.08856779233638323 
0 0.5262985477073637 0.505945607260917 0.024123023757746154 0.09977719459348906 
3 0.9190749121900922 0.5622160015646746 0.0863048469301289 0.12379856363272905 
0 0.50683986953878 0.5432118398002673 0.030436237101361528 0.10994616727414773 
0 0.7123048689719012 0.5119539127312771 0.02680322935418815 0.09943569378769793 
0 0.6609618575151254 0.5040851791004485 0.02145083955188639 0.08237700775870185 
0 0.38298202619456717 0.5539913100588396 0.03627092423049305 0.12603875165024198 
0 0.5079039341461664 0.4952594591340988 0.024751967236393925 0.0832259870114546 
0 0.33810160656593286 0.5131245384866123 0.025403947824496242 0.09304306097619 
0 0.6966141955394383 0.48180604985657877 0.017998915256684855 0.061217638275270665 
0 0.2568687554872529 0.6663733879377074 0.10871824344085507 0.319304048680512 
0 0.6790153362519308 0.49736139223052567 0.021287880359678154 0.08877683100228372 
0 0.7352298547646301 0.5276178038982098 0.01758106199661711 0.08370694268933518 
0 0.2290801135241341 0.47216690794465555 0.02694106643192008 0.09425109833561401 
0 0.7604717384840021 0.49942840627787505 0.017770425922012834 0.07724432010180193 
1 0.11678977377198764 0.5668666787697075 0.0999857715663953 0.09478560396580671 
0 0.4550555142319878 0.5382677492791434 0.04536596972021983 0.13693810733099984 
0 0.8027928742517824 0.5529760382589952 0.028575070522421697 0.10132437246303697 
0 0.6434231339750547 0.5369023882619333 0.025582025682875837 0.06877162702449129 
