0 0.423743288965659 0.5791816118528009 0.028103552259983147 0.09076925549481529 
8 0.82103234515435 0.6826554423397572 0.1770301186333792 0.18125755060903972 
8 0.6709574253469193 0.6985495217024578 0.1811446275622995 0.19130383953010033 
8 0.7639142643205407 0.680050155862962 0.17022440286684457 0.1579140030411625 
8 0.3196706751051952 0.7325527986609829 0.21427471745679735 0.21605317444418057 
8 0.29498423186862904 0.7170809014800726 0.18974129162389036 0.20152715940046254 
8 0.004737113059170829 0.7263162568791406 0.009474226118341658 0.18635008472622366 
8 0.10776216246204373 0.7417950029107617 0.21552432492408746 0.23967536484411386 
8 0.4666084935943784 0.7052645980987442 0.1658998760990788 0.18315023482833265 
8 0.9359698451202269 0.6751701648510685 0.12806030975954627 0.16559846707111028 
8 0.10481213964761464 0.7225627221555275 0.20962427929522928 0.20172500340511976 
8 0.8975741190019734 0.6721190344360556 0.15537151876717217 0.15728324517716097 
8 0.9993714116418869 0.6605317214827295 0.0012571767162260982 0.14702318167177672 
8 0.5082382588110134 0.7103917621624966 0.18492582286086331 0.20016679266948637 
8 0.6200487257543049 0.6924801910642648 0.16794229284630874 0.17472506639087176 
8 0.96802255718477 0.6602689805315587 0.06395488563046016 0.14606551768737971 
