3 0.05281214635099417 0.6059592787986317 0.10562429270198834 0.14186831299900637 
3 0.4773015192354482 0.614260912338972 0.31980242449329455 0.20982858801214535 
3 0.6725343215195736 0.5393753070479883 0.20577993761062083 0.14212295794399216 
3 0.4776680495461526 0.5205988629296942 0.08289170527213428 0.047735322432537385 
3 0.365786460605769 0.5309948611514537 0.14145398157757114 0.106375927835218 
3 0.550792223637805 0.5773533547663213 0.27488810829790683 0.19178483684335945 
3 0.6044631290433243 0.5712298778449098 0.2344022660121793 0.14059862136461265 
5 0.29217487131541486 0.5383141829100972 0.499493156900704 0.620046408287814 
3 0.5751609383687707 0.513258638612978 0.08979609265269588 0.052247349126913985 
3 0.6339984465025714 0.5620964443628084 0.21958873397467385 0.12101352379528647 
