3 0.10338777182023248 0.6669914626124662 0.20677554364046496 0.25968594687667756 
3 0.01963568176783533 0.6351334360097625 0.03927136353567066 0.18233584124995755 
3 0.1238733911397251 0.6076621194232283 0.10667587504830967 0.12236371201289753 
3 0.8306902909535648 0.7705829405869137 0.3386194180928705 0.4588341188261725 
3 0.03971338967644789 0.6147049627183899 0.07942677935289578 0.13606852794403868 
5 0.2883557452579305 0.5464997214595723 0.09147441581983672 0.20014764390951592 
0 0.5336299774365777 0.5398024029815773 0.017199646722093148 0.051025391084121324 
3 0.29438471091383245 0.6314447401926965 0.14425603215160102 0.23570657881677556 
4 0.8684189953968717 0.4508489336948554 0.2631620092062565 0.29588842163976514 
3 0.22288239523723047 0.7575573304896409 0.44576479047446094 0.4848853390207182 
3 0.003176113997558347 0.8137417607116219 0.006352227995116694 0.2480631859162588 
