0 0.28673026729066725 0.591184487430741 0.02860824780876424 0.09582889174328404 
8 0.5560740192826782 0.7201433661291426 0.1952350666880192 0.21081761462759813 
8 0.36574450745682 0.7397557867933652 0.2046489226572873 0.22562581976502152 
8 0.5155843680108609 0.7161877890489157 0.18654447697154133 0.18174996651049152 
8 0.026056133272203734 0.7687016304980857 0.05211226654440747 0.23728300133016117 
8 0.9304694520975747 0.6933908624979289 0.13906109580485065 0.17076212586664294 
8 0.02349038379294845 0.7520666610356576 0.0469807675858969 0.21830907173982925 
8 0.9876531595413632 0.6736647142323451 0.02469368091727361 0.13495793410672025 
8 0.1319892894957426 0.7552758663999609 0.20906010785132068 0.21691533965441737 
8 0.7222616059635415 0.7118967611261925 0.18395354995261096 0.19067843872351306 
0 0.9930462662166616 0.5576858693216706 0.013907467566676957 0.05452089477605935 
8 0.6781602538655227 0.7050367266049039 0.16856774261485655 0.17892579843837275 
8 0.9619296420611957 0.6854005049137022 0.07614071587760861 0.16897262670222465 
8 0.8770307219814695 0.6961647423840206 0.1878094730448383 0.18318613053723792 
8 0.14365425030619886 0.7556539098862036 0.23329581880277658 0.23961582590414499 
8 0.3357437317783324 0.7269467194447833 0.19005453844963668 0.20256370319560169 
8 0.8198099623834701 0.6901777242850348 0.17318275723719012 0.16618302071931454 
