0 0.48688567529601584 0.5287415840787767 0.02371675791156747 0.08800148185471528 
1 0.6510849023367851 0.5375548490026963 0.09510978872138516 0.0951223707207469 
3 0.013105231989739952 0.6507996904521608 0.026210463979479903 0.10837155278344653 
4 0.0923111854239224 0.5707127193382915 0.08291664893780543 0.149178559189429 
0 0.1111209131074629 0.6239426769292019 0.04753908833214046 0.15081613034996905 
0 0.4128535254159931 0.5455953081495118 0.02037798980482968 0.06562651597722631 
0 0.3862623753227028 0.548236584512558 0.021989872911136816 0.060028815286475995 
3 0.08658577191644146 0.7646746868219798 0.1731715438328829 0.4706506263560405 
0 0.4951672798632625 0.5351659502914581 0.03213194008512339 0.10256269296138801 
0 0.5284604826972049 0.5361429949328455 0.03828046645512785 0.16418242766336827 
1 0.6809238547289328 0.5469380301687817 0.1098806470859099 0.12439599322915146 
3 0.08679850337754498 0.6220693347703559 0.1010581705755192 0.09204767919878817 
