3 0.7473357835924196 0.6014457767167616 0.23794274370903032 0.18223474348625593 
3 0.6204026037328738 0.6218316707432108 0.20917737859804938 0.1775800517350421 
3 0.4904386817648232 0.5749084438495367 0.09919763305880508 0.10089440767766235 
3 0.1567931807456156 0.5883506166959523 0.09332606542192223 0.1386492966031968 
3 0.011610857186637407 0.6045504715675096 0.023221714373274815 0.09672764078818956 
3 0.052001167878298775 0.6362814618664457 0.10400233575659755 0.3123708943666203 
3 0.41403916458137235 0.5791133667429325 0.09586196288211006 0.1163165387018695 
5 0.6061724593076825 0.5326472366673773 0.13171529694355627 0.1701736943144633 
3 0.8579463302301722 0.7241743866918467 0.2841073395396559 0.42247263463704726 
3 0.06210907203510412 0.6122404891492477 0.10533442732873875 0.11636860223345542 
3 0.17660022616216012 0.6442994559044057 0.1657493040244878 0.24287915702458274 
3 0.48973163547797277 0.769091322541774 0.41946567659643436 0.4618173549164518 
0 0.7141253637711459 0.5266305504148536 0.016152220496910275 0.04587345121299803 
3 0.10928985179678646 0.7515527209297567 0.21857970359357293 0.49689455814048666 
3 0.8410908899546254 0.5877316844316639 0.22576337407796174 0.17190051457217187 
3 0.9611532488546085 0.6683724121189633 0.07769350229078299 0.24701086632200006 
