0 0.014378448346522108 0.6133408694119915 0.028756896693044216 0.1275951130176818 
0 0.5433043039746308 0.5696085836440067 0.02907416259045057 0.08634111389771078 
8 0.9710821834775657 0.6576711609308765 0.05783563304486876 0.15831068160983477 
8 0.8992522810001501 0.6697539749258545 0.16429676934751528 0.16653766161467629 
8 0.9392519580991475 0.6553537633296661 0.12149608380170505 0.13987298289199201 
8 0.6196008531110792 0.6933369489220127 0.1873112214411241 0.18332076700269467 
8 0.571738834821095 0.6869857607063251 0.16636066727987442 0.17428756466127956 
0 0.004175220122290063 0.6105906276472661 0.008350440244580126 0.139705433032911 
8 0.24074876792033117 0.7029695243351204 0.19408318651500836 0.1868665404862654 
8 0.44818732768639424 0.7031850970440261 0.18777575468454885 0.20357747002430288 
8 0.20154379143813705 0.7240652462566792 0.05826459335931254 0.13567650323579036 
8 0.7106085842670774 0.6741349306881608 0.152704803102054 0.1594570977994369 
8 0.42000346389064386 0.6924436540455265 0.17511356685020488 0.1736663431878171 
8 0.9993976470638606 0.6468511427542546 0.0012047058722788506 0.12997341227931555 
8 0.29376502877696925 0.7227811984592556 0.048733875473290916 0.14197354173729207 
8 0.7671946598213554 0.6780433010860379 0.16872489795381285 0.1723908703753874 
8 0.8365128874892197 0.6693880627984191 0.1530738751051132 0.15409133189592733 
8 0.14135618423277213 0.7153833625671483 0.04172676769770369 0.13454588602467904 
