3 0.11962913272501431 0.634002184409912 0.23925826545002862 0.18350864574363218 
3 0.11966817108431121 0.5958694706552006 0.23933634216862243 0.14139129524647823 
3 0.40160377866849756 0.5098514608795359 0.05972461103456311 0.0371639419188233 
3 0.6924824600902079 0.5908248643884372 0.2520335778369581 0.1438688974130614 
3 0.5542160079416206 0.5545001401833719 0.16108463928089115 0.10838356652265278 
3 0.08399011002669479 0.5365452095272794 0.11111907535313069 0.056623748820637095 
3 0.24597865862907078 0.5141984905829619 0.07314438990506016 0.04400246074624729 
3 0.5137964905479967 0.5487703584418514 0.12008351272196201 0.06858814011190317 
3 0.3802395292987017 0.5100333519469668 0.05432616996431463 0.03200215303554198 
3 0.1679518733800539 0.5336674105508971 0.1799386483027425 0.11975510111919542 
3 0.6376264188002057 0.5730808576332695 0.21530784121182892 0.1372482415711607 
3 0.6084650983659797 0.5718205303540339 0.1823599140825663 0.1028685769979927 
5 0.8180405966739693 0.5377448879155466 0.3639188066520615 0.3614849991862783 
3 0.14576275679623188 0.5709255756659332 0.22508299854640135 0.11909599332729423 
3 0.5343113529909712 0.5525328022600922 0.12743721519528037 0.07872852252604383 
3 0.1652516811440555 0.5741327903887405 0.19368575317396597 0.10738283465022568 
3 0.04468548727436541 0.5371155452232521 0.08937097454873082 0.06552327721989747 
3 0.2389805207581396 0.520163677449028 0.0915695383411812 0.055064636910438225 
3 0.431502405729849 0.5241522331371544 0.07722525677017351 0.05128495881658504 
3 0.5738934316121843 0.5663522023684825 0.1726112831326941 0.0911866719892212 
3 0.20781851083415098 0.5412082185837495 0.1436037197933011 0.09471085811002733 
3 0.02326169026809069 0.5485218435048751 0.04652338053618138 0.08211733528507738 
3 0.11586188403426008 0.6492316993121308 0.23172376806852016 0.22767495551813163 
3 0.4927880168782376 0.5447247060144943 0.11394293028292048 0.06462662759143535 
