0 0.5312295984298672 0.5138908685113515 0.023505990399894684 0.08641786852033054 
0 0.7521828689439959 0.5413729820355989 0.028526094830102978 0.0928946921981332 
0 0.9320868112046494 0.5280054440535028 0.028294004711770383 0.0971323800043337 
0 0.17075108669807837 0.6021161824912264 0.04249347666601898 0.1681270589928361 
0 0.5666121473615623 0.5509484004287762 0.02660762279643933 0.11096201613493627 
0 0.7879804997914959 0.5022326440110096 0.019079492591609723 0.07017211313581792 
0 0.9913144921079905 0.5554997087536913 0.01737101578401891 0.10528295199940917 
0 0.0059827378647782535 0.5026664443491197 0.011965475729556507 0.13644963784272188 
0 0.6898890383355453 0.49797256985359645 0.024519519119779717 0.08130094747397562 
0 0.5152724700784439 0.5550463723160154 0.030471522864016266 0.11594743227190267 
0 0.09874815321228425 0.6069738736482456 0.04371951974116687 0.18556417505362396 
0 0.7437462562295032 0.5110460401486234 0.03064283479799997 0.09993956943255379 
0 0.3174454495214934 0.47960872162384516 0.040576802877471466 0.10469377151742827 
0 0.8889857651044552 0.5196084577483326 0.023874148611675566 0.0892462587008992 
3 0.032690949132498225 0.5620429941788171 0.06538189826499645 0.13443717519546391 
0 0.7413829749447607 0.5239012725739269 0.023098585472854295 0.0964407166446696 
0 0.6887544583764478 0.5450889229083536 0.029230847107621687 0.10808385814562459 
0 0.9175119573051336 0.5237428676025034 0.0268443841508369 0.10090155791448809 
0 0.8522627929669809 0.5152476908140171 0.02310538750093343 0.082662575674849 
0 0.613198964140242 0.5757537444399882 0.03142820055565188 0.11690788919475709 
0 0.6824413628610071 0.5013479152396267 0.02523436969823223 0.08349405978196923 
0 0.5264230783384046 0.5179410395067837 0.0242785775623279 0.08940246786294741 
0 0.6136664013002124 0.6432320557674517 0.08983620885235923 0.2643378890455351 
0 0.20857453243706997 0.5896729565044161 0.04255754756099059 0.15200619917942118 
0 0.8795537282486202 0.5122437080954849 0.023311147288963382 0.08977283866090993 
0 0.9415601314516059 0.5272622464707967 0.020306243420456695 0.08621634239397938 
0 0.43729289491192613 0.48469135988662326 0.024568547009143345 0.0875313303769074 
0 0.9705699427280342 0.5212487077441647 0.020054941884111912 0.07985728316812571 
1 0.38114556406983996 0.5824000547643315 0.0814142985435663 0.08460003640271446 
0 0.6534925273632983 0.5558426863168298 0.04497861918862789 0.13361991077088256 
0 0.8300756194608035 0.5305325013100758 0.027259847645071604 0.06995964772511583 
