0 0.8766184336586512 0.6006942045561106 0.04078323238025689 0.0967177538894616 
3 0.9408794544069438 0.5793716884662032 0.11824109118611248 0.2085032256385461 
7 0.989587500360703 0.5772749435825258 0.02082499927859402 0.06670947974492113 
8 0.9955475453084668 0.6439637394866723 0.008904909383066553 0.122834922331415 
8 0.9874040155462872 0.6436022265221975 0.025191968907425633 0.1424213376761131 
5 0.9369323545437089 0.5755169319509658 0.12613529091258216 0.09148781092993077 
4 0.7911902226855263 0.5824393614469423 0.15783697155211798 0.09635667927066378 
0 0.9876822293505358 0.5800378192835555 0.024635541298928275 0.10942161544420678 
8 0.8724684322731916 0.6648453850408312 0.0445243425338478 0.0858442415006319 
0 0.9275426097514401 0.5891983131331537 0.041368763195672356 0.09891623209415065 
5 0.4326291027586656 0.5415258715347226 0.5519595000879705 0.42724204782732006 
3 0.813494480555988 0.6069005890027255 0.19762531728750973 0.13990997183325216 
3 0.6056444515016681 0.6502388319650269 0.3169668823161059 0.20100913045364022 
8 0.9910623009995118 0.5949384414296751 0.017875398000976334 0.03992770710589614 
8 0.6132823454809012 0.6992615813794517 0.0435837840926925 0.10082383312991308 
8 0.8544939017292581 0.7607334160449664 0.1349395613947651 0.10128340102505339 
8 0.27165675225655067 0.7411518914488743 0.05520203901044493 0.11553514281744545 
