0 0.09766511819558299 0.564489443306314 0.030484231169724582 0.10651642138486049 
0 0.27733883523618874 0.5498994235544555 0.02830254638060616 0.1057047937988454 
3 0.7941597739685108 0.5627370009605499 0.06872756427941099 0.10273121159424654 
0 0.1343159836292883 0.5178369734717687 0.021382570822507 0.08185943207423078 
0 0.32753827149538145 0.5774071223367102 0.030867750558366682 0.11147784984254139 
4 0.7186792745451972 0.48783473750043377 0.0900776597074389 0.2219314811845268 
0 0.05263565550830656 0.5118526134939829 0.03139681492015405 0.09137962074486053 
3 0.6968499733644063 0.562678712240256 0.07713948866520141 0.09396400451606496 
0 0.9701453370816512 0.571595923523699 0.03050244253612718 0.09970860175946332 
0 0.06029836997650253 0.5351800823461871 0.033139641867525355 0.12643089905158508 
0 0.2223957378429272 0.533297443869175 0.023758959425028862 0.10110942425734183 
3 0.37810136668515454 0.6000993058285821 0.09535132702026239 0.1489257350562347 
0 0.006486758689046605 0.5619223890210729 0.01297351737809321 0.13413481205275446 
0 0.24621929696101674 0.5373821660079626 0.033641688281128845 0.113059000888938 
0 0.19414991777353213 0.5262171533510508 0.024035467865583655 0.09369565440434839 
0 0.019883371516136054 0.513591470506524 0.03353884849511694 0.09659776159142307 
0 0.9828538576682699 0.5867449579534878 0.03429228466346018 0.18264847062964856 
3 0.8112049495480368 0.5433784325036387 0.05454408535006138 0.07449228127958261 
0 0.24585787776068616 0.5116224548157491 0.020574084254501804 0.06625791547388947 
0 0.21375995917579027 0.5368327866843545 0.02390393420580189 0.09983740814381033 
0 0.2639941718357485 0.5453133388763498 0.019707328015057472 0.09266244485969101 
0 0.29277672460840953 0.5313886286726264 0.019184382099375945 0.08387692781376364 
0 0.3455777446096641 0.5739895150702988 0.02967787150458193 0.1081329895972276 
0 0.17695615628610398 0.5117006203296453 0.030921837428082848 0.077112271351119 
