0 0.24720391757108767 0.6144751047995595 0.03138115421782345 0.10921383822980216 
0 0.7469581677674535 0.5933117620342986 0.032092475894510246 0.09767852417900852 
3 0.25997648377603716 0.6085616507611296 0.06890768500755527 0.05965137513599567 
1 0.20456267839349435 0.6152218912463508 0.040229664319590484 0.11641190791927322 
0 0.6751861427744004 0.6028131815242338 0.025792604983839312 0.1056367130681061 
2 0.0876845605545282 0.6080550421262197 0.05053387655520132 0.07916702556624398 
0 0.46526861277391435 0.6026493263660442 0.02740216627621187 0.07908332442315125 
0 0.19550122269229 0.613740838355533 0.037463470936899126 0.110704320613298 
8 0.05879406351392156 0.6331301589641561 0.01737851003583427 0.035699867004312866 
8 0.9695537278574432 0.6376178465116964 0.060892544285113814 0.10431243440180728 
0 0.7407060023675106 0.5986831987683265 0.029855965623185342 0.10608754568119384 
0 0.5628378728972802 0.6083680267879319 0.028729038704957972 0.09266174773682924 
8 0.7763831219309044 0.6387622369135402 0.13279366864983844 0.10652239556229069 
8 0.8921368670512128 0.6353638470627171 0.13308039198429725 0.10197242505458917 
0 0.6863024004866999 0.5975965188413385 0.028044166690731915 0.09446923082253035 
0 0.3978006553618035 0.6164931422681846 0.03165551654391898 0.09334693060796541 
8 0.6461358765101081 0.652838228549132 0.14933235028673386 0.13498188694074972 
8 0.5343077176880091 0.6427035246871666 0.12500405379117843 0.10700843175209482 
8 0.19825716282377948 0.6239331744529368 0.01507824603657177 0.024702721811455098 
3 0.19002461226858103 0.6097638986019156 0.09705010491290368 0.0826941707358833 
3 0.13396253269095915 0.6108636778200268 0.0818575922191891 0.059361561283300765 
0 0.5664574398976676 0.6062814740472294 0.028881523360317445 0.09411028688837506 
0 0.695822824926909 0.6038576040595574 0.02863847677915018 0.09623489896148221 
0 0.18184680597938854 0.6092282742424825 0.03208935625919132 0.10406561563319972 
8 0.7193471159638435 0.6688427652900953 0.032763141839921704 0.09094062115127953 
3 0.19539566118549542 0.5927362797654424 0.0676370673051494 0.06596910012543958 
8 0.6580843125428214 0.6483309953607128 0.12822476811145442 0.12022778621653048 
0 0.473787542617377 0.5959990975754011 0.0157759275313834 0.046808907005845536 
8 0.10937727116812365 0.6371308851223059 0.017426874042508107 0.038052428988421524 
8 0.5103300921577889 0.6561847583327614 0.13590006539003122 0.14005502971991304 
3 0.03282497505505424 0.6174415201552594 0.06564995011010848 0.07010548756145997 
8 0.14253179181433454 0.6328930508570817 0.015172750779614752 0.0367136613365119 
8 0.4459085467648751 0.661362470163424 0.02730847447205548 0.08049959035518049 
8 0.0867289182032566 0.6326978732119225 0.01649154463115541 0.03421953705583393 
