3 0.25612726991888984 0.6921395573943099 0.5122545398377797 0.37650284659723565 
3 0.11430461175478812 0.6779614693284554 0.22860922350957624 0.2300090495215515 
3 0.5990604785601483 0.6408011149950508 0.2772261478322146 0.19653691461221215 
0 0.7952431536416734 0.4972270631644615 0.033223431970457254 0.09523697071636958 
0 0.5555439265944527 0.5842261467014026 0.055566831835397464 0.14986026160307997 
0 0.9494805734661539 0.4815523289345659 0.036998386598725404 0.08417848437538188 
3 0.8197865955920852 0.6370821571315723 0.33548774879709514 0.23159857053177468 
3 0.9074570870348826 0.5393731481515579 0.15438157042227318 0.09642927296252297 
2 0.1533923632772254 0.7203105997187095 0.3067847265544508 0.4427573076645804 
3 0.9925176765131642 0.6027892270206956 0.014964646973671449 0.15736484279318946 
3 0.9094357071460607 0.5374492898094043 0.1811285857078788 0.2981284392765977 
