3 0.2782214936242561 0.6066805876788279 0.30339213959042427 0.17473652435594045 
3 0.26759754111129785 0.5679374625132821 0.24932362884854606 0.13662468544181536 
3 0.39660181803390016 0.5041810651547005 0.059979663358250196 0.038054304493098434 
3 0.7896309521474405 0.5876291120566868 0.2265906105923355 0.1294710043332495 
3 0.6098395831450208 0.5457844400865876 0.15239043223325766 0.10484588790198643 
3 0.10235707004944258 0.5251023586947343 0.10889153285936409 0.05957589640475362 
3 0.24980505719471427 0.5056650550935021 0.07357642681343628 0.04577115653370476 
3 0.555142796792635 0.542871769984731 0.11546338784872702 0.06786168451495346 
3 0.37076184188887057 0.5078240848653908 0.053444090093537185 0.03255480420063697 
3 0.25143307428636386 0.5204076370832251 0.16787178929353352 0.12058141702734171 
3 0.7208871335321959 0.5689640443303604 0.19929530491673939 0.12711518897159282 
3 0.6811074214328983 0.567206994527764 0.17042941940285175 0.09756769131058143 
5 0.8906955809200631 0.5447300015529252 0.21860883815987378 0.31010733418732667 
3 0.26792774239170825 0.5574118049602392 0.20309203156802894 0.11784417578710052 
3 0.5822841712608378 0.5459941758078134 0.12172161570999677 0.0771412183752935 
3 0.26828616075534534 0.5590682050257293 0.1775779378185592 0.1066943826955551 
3 0.022817086612213443 0.5636265504490168 0.04563417322442689 0.1146517865585804 
3 0.06329291767903346 0.522327697459188 0.1250242574218222 0.06969362923603922 
3 0.26052581053763185 0.5157120720340994 0.09139360882265801 0.05675346777733201 
3 0.14111044728259325 0.47235397265603435 0.06360564381512546 0.0405267865668531 
3 0.03757693280488553 0.5482703588020417 0.07515386560977105 0.110456555439408 
3 0.43578201860998195 0.517690799120728 0.07670842034197073 0.052148696826168295 
3 0.6385199723705343 0.5617214857506422 0.16171131197944896 0.08794181576734318 
3 0.2738617885654838 0.5300322358506775 0.1379017095673283 0.09554788622655375 
3 0.05302559555525648 0.5306063787178723 0.10605119111051296 0.08577158998533371 
3 0.3185135636053812 0.6202722079514876 0.30385558462942636 0.2139169400092412 
3 0.5287245176198578 0.5395578535367648 0.11022608231832152 0.06433907527344679 
