0 0.25593386398949663 0.6662348964784001 0.11517922129584918 0.34649739351648834 
0 0.31183994459296116 0.6200995284126954 0.043508918180488756 0.17412359338595929 
1 0.8394912655586907 0.5492238585902884 0.08155435653344043 0.08047304701965875 
3 0.1312305762911244 0.6012197415155859 0.11902869229412538 0.11909582232930777 
0 0.20380434058265412 0.619138608036006 0.06204184783062438 0.18498576885215445 
0 0.37237672953522266 0.6574293676081495 0.07745739952792981 0.27263337535788823 
4 0.1372972494717839 0.5158261391847493 0.13201887185619568 0.21564652048514726 
3 0.048037666225677234 0.6172770268981527 0.09607533245135447 0.1159776722637768 
0 0.3424536659013832 0.5730030815404011 0.02751679684595011 0.11117627114807167 
0 0.5398836704764383 0.5297471303620594 0.02054257470510265 0.06836413698549229 
0 0.49817209403435286 0.5241629792840091 0.022532644745227943 0.06262451235489304 
0 0.6017866615392695 0.5239422342611315 0.02005513390121557 0.08191161951052607 
0 0.71624076676394 0.5330862853922372 0.03438596398067475 0.14642030584398488 
1 0.8703699345743513 0.5446702887947249 0.09285929464411283 0.10500299682932823 
0 0.06220306284685596 0.621163430619697 0.05847399480207434 0.19016269604238825 
3 0.215767076621054 0.5720220368804942 0.06061476272889966 0.0813948628994793 
