8 0.2061218566630793 0.76189898597331 0.20647984578805628 0.2519504011615407 
8 0.6587403988417165 0.7552725750559787 0.06371344246276416 0.15136003995413388 
8 0.04037388454606921 0.8068684187688101 0.08074776909213842 0.29474028267811353 
0 0.8150338596018293 0.551504689257389 0.017036521952102673 0.05782036543049287 
8 0.4698204907599774 0.754569822433626 0.24840170680570248 0.25531671787909116 
0 0.9845375031591102 0.55159295031213 0.02196521557276597 0.053029286912083334 
0 0.7753089345322252 0.5583094292667098 0.018929670734116257 0.06543948827375452 
8 0.41559178738384656 0.7345524176661696 0.22214674157205896 0.21176845782343814 
8 0.05502165720947448 0.7749153983897719 0.11004331441894896 0.24301366878472702 
8 0.21559259139089298 0.7794190758839861 0.28087858849108804 0.2920647220558351 
