3 0.03776757446961419 0.6189784770518085 0.07553514893922839 0.10724948923988248 
3 0.45906055401983653 0.7553687965208323 0.3681260803897126 0.4892624069583354 
3 0.9985264598151844 0.5368374251686492 0.0029470803696314365 0.08595545827863733 
3 0.870108421115312 0.699997164280121 0.2597831577693762 0.39001167441648654 
3 0.24477894399521483 0.6321755953890321 0.15500322679285025 0.20264174495739548 
3 0.684847643693731 0.607542661058491 0.181676008349298 0.19981355656223734 
3 0.29413675101402376 0.5988048863328189 0.09575272403330455 0.11414261873245114 
3 0.9747443816325361 0.5509622302871066 0.05051123673492782 0.07796000099572016 
3 0.5874629028964009 0.5526117909094227 0.08089609281765463 0.0988864643538798 
3 0.5490741207430749 0.6117236423290358 0.1379879143240713 0.1933393774351949 
3 0.7932727569521839 0.6101023892984451 0.22222342819977628 0.1723371956040144 
3 0.7223201600710205 0.557590288120832 0.09713739789760865 0.096855095194796 
3 0.42991419316086465 0.5873924499569917 0.061535461628276236 0.11032033456461711 
3 0.9042502966390005 0.5589008353042376 0.13137627069296542 0.084629911334961 
