3 0.39921786812869714 0.513301777052049 0.059861894797067806 0.03692502719015825 
3 0.4642062678829777 0.6023883614587799 0.2857663647677503 0.17206273383612697 
3 0.43509191438893835 0.5551580163670407 0.1707683518700184 0.11980209578995989 
3 0.05079349466778726 0.5492332365642542 0.10158698933557452 0.056261402618229046 
3 0.22507677280021668 0.5190819388016686 0.07704165510454633 0.043362703604886026 
3 0.4249687451550863 0.5484024552162379 0.12450472184531564 0.07438968746973823 
3 0.3828234011222222 0.5093185210540258 0.05576092362498301 0.03139337878148417 
3 0.06112869178232972 0.5718311881126709 0.12225738356465944 0.12311043559013879 
3 0.4495651679445413 0.5805759916927099 0.23557793567845586 0.15887584602883792 
3 0.4483628133428189 0.5759552417331444 0.19638039094395374 0.11801368174290493 
5 0.5110601551010616 0.5431416839491153 0.4721228309069892 0.4524390757860381 
3 0.0360618610871583 0.606364908077002 0.0721237221743166 0.12308442968875069 
3 0.05342023583226295 0.5994868572000615 0.1068404716645259 0.11175552460092844 
3 0.18911640864967655 0.534749078125937 0.09872323976068051 0.055319548121254024 
3 0.43418643179443567 0.5699465469807506 0.18596912495601672 0.10330599104251696 
3 0.08194635144915445 0.5704156494233393 0.1638927028983089 0.09990853834170821 
0 0.9989464736649228 0.5371528245851279 0.002107052670154275 0.0931264707136382 
4 0.9410878834332522 0.5205755289667157 0.11782423313349569 0.31536956576515235 
