3 0.9969878801317754 0.5887211109864583 0.006024239736449459 0.05597284555828209 
0 0.38132643656809306 0.6840255902732628 0.08891494348735102 0.3481230963309381 
2 0.8585677401252513 0.5869050858933128 0.0338880017724955 0.06836950744620746 
0 0.132617112375532 0.6358623023177855 0.05949365450875199 0.15280311320686565 
8 0.43920991530922493 0.6287769556816764 0.04454303171201723 0.044567271532374914 
8 0.6385107730572046 0.6072976696251469 0.0360386624678479 0.034509413573467526 
0 0.5499021832177713 0.6377014492030544 0.09192633810800985 0.27417199452094787 
8 0.5131792244873494 0.6211728931068228 0.03511895509107994 0.04295719870858938 
3 0.7315643196546285 0.5968870993708101 0.04627670331470711 0.05620479915920574 
8 0.6043552525528838 0.6123202425228427 0.04005910418759633 0.037822012677775976 
3 0.004819447756069171 0.6378680964186701 0.009638895512138342 0.2569187503533618 
0 0.3088747911689491 0.6311460117375898 0.06608769588092478 0.17478587351433317 
8 0.6133842649701853 0.6170702370235933 0.030278067900708836 0.03968209346779885 
0 0.68022452432025 0.642152721112574 0.08882036842025727 0.26828622121922685 
8 0.47989405833947785 0.6264202037115439 0.024119492622418193 0.04843351050413528 
8 0.06678112532325829 0.705948870839649 0.13356225064651658 0.163052160358293 
7 0.35795603581676033 0.6112047301274359 0.08286869607914135 0.07157380360349812 
8 0.9013548949287968 0.6075312319005108 0.011125268263609626 0.024987806577986348 
8 0.49297390980247685 0.7399500001112841 0.05240141122140891 0.13232670099372626 
0 0.96218165165692 0.6655608605563161 0.07563669668615987 0.4682741602195138 
8 0.5210041941467326 0.6248104344505201 0.013250587895379268 0.039943439575323765 
8 0.5918287140628119 0.6179175188442203 0.03616052281883832 0.04480480188865992 
5 0.25676632042956476 0.6161540229453125 0.10808599326205891 0.09549358559870888 
8 0.5405610955518146 0.6212293291367587 0.03649793535320221 0.03981953971653739 
8 0.20373743222707838 0.6881572219674703 0.14037280846605046 0.13869559356633696 
4 0.15196767678565523 0.6000126539774753 0.15391215678044998 0.10837479508881288 
0 0.247004217735935 0.6165540383888112 0.05313157187724329 0.15745538429499076 
8 0.2989636827736075 0.6389656515731331 0.04045740641332912 0.04227342718824995 
8 0.3590469125976553 0.6305676026657336 0.03787664024110072 0.04033735337606004 
8 0.5543611750402849 0.6194478225398695 0.0439668498935977 0.041306496179163585 
8 0.9273700849562694 0.610549543355822 0.01327999786926796 0.022922798222612957 
3 0.9811520493421264 0.5895326506800974 0.03769590131574702 0.07488438729502693 
3 0.873739771834932 0.5914776894703363 0.05431005490952913 0.05290836185425437 
0 0.38426081240946647 0.6148069523172823 0.05687300167096886 0.16936416489514347 
0 0.1637992336323153 0.6269693932093244 0.05127601379967708 0.1436287897937633 
5 0.8209295887098864 0.5862222119265867 0.040398736857370214 0.04926250924480055 
0 0.33513755848465593 0.6129143166013141 0.058857343827980135 0.18308576079723593 
0 0.42407409312912697 0.6077311323115007 0.028135032930887576 0.07252704146809101 
8 0.26563427855318805 0.8382506439323207 0.2949303756728406 0.3234987121353586 
8 0.6867825053324381 0.6167834282259811 0.009589030918562998 0.018745201255277254 
8 0.395981815976848 0.6304350396366282 0.05019438890895479 0.04386510113559224 
0 0.6571488472570561 0.6419264188534853 0.10560649173477969 0.2925004838647944 
0 0.33485612898198247 0.6567126649024886 0.0842542909321072 0.28239229611008276 
8 0.3294099889457636 0.630031543165358 0.039764219991441044 0.04268202715276074 
8 0.46485476067871334 0.6237301255356118 0.030773667245825254 0.050296662668211964 
8 0.37514238242466574 0.7104479058282559 0.040741347546900716 0.09017093361949315 
8 0.9439200314509258 0.6050228563055009 0.01377807791767694 0.033002940904673074 
8 0.667303862246424 0.6065054644723802 0.03246970789298302 0.03401697973624854 
8 0.09586912647677548 0.8494426611961043 0.19173825295355096 0.30111467760779126 
3 0.8272282804989439 0.5946881954238297 0.06482877033954537 0.05846258654981385 
8 0.3996072502519861 0.7157570216649151 0.15038890179974168 0.1855879868415838 
8 0.43139908483363687 0.7702397363477292 0.14310493999031593 0.2719037222126153 
8 0.9427915096156656 0.6054732589097453 0.012483791700209822 0.03244511357444859 
8 0.49233952030139927 0.6215835704748893 0.023404506210424926 0.04129621465456808 
