0 0.7049905018928152 0.5900986071110493 0.02263262246229587 0.09578093619196244 
3 0.6219332948309033 0.587831595697425 0.04944198596977671 0.054365816737129646 
1 0.6719493354384184 0.5880730272860223 0.029074492895704934 0.10057052799977637 
2 0.48445331503754757 0.5820342821948026 0.0341986217112531 0.0678982367554963 
8 0.008985735314088451 0.6257913437932795 0.017971470628176903 0.050998666508294266 
8 0.2748507033674892 0.6024584800561835 0.04109451431040927 0.037280297120852054 
8 0.11699731681617266 0.6228198580302748 0.043210921994286944 0.04960293939277045 
0 0.5297727557803983 0.6764435398222214 0.07580796944973166 0.3203796267717929 
0 0.8308185763222545 0.5812030256432289 0.029259284300382264 0.08055716795430322 
3 0.28592746410120257 0.5881160531433672 0.060263409310458975 0.07974233756393422 
0 0.6526691150787138 0.5896883992692094 0.02644868504704199 0.09604416679043759 
8 0.2338627375775258 0.6028535966988962 0.045029110204289464 0.041369873968790466 
8 0.22073556982501452 0.6088173488940002 0.0399329083089533 0.04415619433644502 
8 0.06182335319993733 0.621007288478812 0.040122729616504926 0.05734090870314768 
8 0.5247006554433827 0.5975095650085754 0.010200191781460645 0.024403022164722694 
0 0.9300998804432132 0.5835496748128987 0.0289831269266584 0.08872038928791097 
8 0.10231401800363844 0.6271006935664513 0.02519673817832798 0.04721075299091555 
8 0.18809629435076972 0.6101634549127362 0.04868698824144456 0.05059764995140629 
8 0.13724371076250821 0.6112900850327749 0.04686753987191961 0.045527324121969234 
0 0.7774656269759835 0.592560639239182 0.03421687893002769 0.08819879941715575 
8 0.558388288341385 0.6051862054348844 0.010445225496158273 0.021016057083105832 
8 0.1412168082767248 0.621108804327663 0.05117398132384128 0.04719338046086755 
8 0.5577884594473443 0.6042224361154662 0.011869083038064616 0.02205707977219226 
3 0.5866712144837876 0.5874189055572484 0.06384941499629057 0.07253482142030135 
3 0.506634714976406 0.5843277345513538 0.05577303226585066 0.05182018013801749 
0 0.9346991297388517 0.5778950674322315 0.0294821589125624 0.090726220675103 
0 0.6029138900700941 0.6571027048071707 0.09500195720280331 0.32807003745370683 
5 0.41692275001997475 0.5806124169340865 0.05501827394421319 0.061899497236120614 
0 0.6258581310791831 0.5893729646780369 0.022631263868800246 0.09049611044258382 
8 0.3236639234005886 0.6088814819800721 0.010415943158062681 0.01986501408594778 
3 0.5354843091100532 0.5763020086372065 0.0484713884385711 0.05915276744694204 
8 0.029634224244530154 0.6253909420015755 0.05100585345634597 0.06093256148102695 
0 0.795981763692277 0.5734758945204165 0.015145975913158196 0.04524863437313254 
8 0.5330946575281276 0.605053612777624 0.012575912088771873 0.032389066506360045 
8 0.30936920147824987 0.5982385679624957 0.036061757784526235 0.036063279487764624 
3 0.4414267101967616 0.5904630420988867 0.07195429128894609 0.05943527745615938 
8 0.27072755421777656 0.6122264269452982 0.011810888590864934 0.02521483081093556 
8 0.5483074359190886 0.6015708006890501 0.011269248618536523 0.03173750682875518 
8 0.46846585134426433 0.6023449339803078 0.01311344770315678 0.03272027810847349 
8 0.49437516196332065 0.6009986294101198 0.011890656734784386 0.029134262228497316 
8 0.08669241264934352 0.6215900650685472 0.03584522805051145 0.04859076420430483 
8 0.5403288712011287 0.5970898055902024 0.010649169051487207 0.022515963690042707 
