3 0.170376019920759 0.7132703881452729 0.340752039841518 0.5734592237094542 
0 0.9270244269592829 0.5490993187343743 0.029992908671782316 0.08881810733941602 
0 0.5192880064171642 0.6092972353401023 0.03398392757091301 0.1379378686515643 
0 0.7994554288957966 0.5694432229784412 0.02392078777707326 0.09830148259542555 
0 0.2824020998517644 0.5220144195057744 0.03382690124264265 0.12153509685304888 
0 0.8500433229603763 0.5285935035831775 0.026064861768358157 0.0806046591432032 
0 0.7359860402935121 0.578894815638481 0.029224795554238625 0.11192629464762294 
0 0.4816829827647986 0.6090444963361054 0.031994236587547534 0.14813212630924352 
0 0.9160691812530866 0.5345185419970243 0.031578033933374175 0.09407381923750134 
0 0.5371991745799299 0.5174419736684545 0.0389158487888794 0.09744389550273151 
3 0.2959221152401676 0.5860820598001975 0.20682914462044966 0.12716923149489742 
0 0.9600064963869972 0.5490355848880267 0.022234866167853938 0.0889457684949906 
0 0.8692128251022987 0.566074545267304 0.026805933680105483 0.10041326848427982 
0 0.8558755446818797 0.5691472431498538 0.02759340369643283 0.1046407344947118 
0 0.8624830619171258 0.5332961991456163 0.026775011861044078 0.08273621256691266 
0 0.7081107356662364 0.5537998795191499 0.02332684923660409 0.0842399521596427 
3 0.09118168088132914 0.7250266866796569 0.18236336176265827 0.30689405188293084 
3 0.11795457947321258 0.598942157098803 0.23590915894642517 0.45217431983995027 
0 0.9689042629060025 0.6247891505200409 0.06219147418799509 0.20235255784167458 
0 0.5486395778549328 0.6050330075814684 0.034186723090882935 0.12705387205407323 
0 0.6305108499532989 0.5195023160868387 0.024754670789922245 0.08182816850943488 
1 0.651119123729155 0.6033315890069733 0.07134349147596232 0.07761005712002209 
0 0.8420590486554733 0.5759359512215723 0.04618412590762546 0.12670015704690338 
0 0.9979573440576113 0.5473354808955372 0.004085311884777383 0.06771256275584892 
