0 0.5725753227150329 0.6173464793466369 0.04451356430826948 0.1185885346436077 
8 0.5860235765382895 0.6691257512450286 0.11414490914236175 0.13082631061818284 
8 0.9843708011488324 0.6048351138787835 0.031258397702335544 0.03628643948163307 
8 0.9511019385135824 0.6102170351156512 0.04810403970564636 0.03963591100395193 
3 0.4866730736134609 0.6249023448030061 0.2871473311704918 0.24678641187955702 
0 0.7463492735096616 0.6151674736737077 0.0569304799781753 0.1431662481623398 
8 0.6861351713823247 0.6592582987355853 0.1136942190280012 0.12575548748911186 
0 0.5083388044336884 0.6494191297353139 0.09067147820043232 0.27042283485714924 
7 0.6974490349199343 0.5994508503041948 0.07899874530155884 0.06823138836741836 
8 0.8733000928994378 0.6151309132093384 0.01989509125549063 0.04012342519532795 
8 0.47785571490045714 0.6924101251463318 0.13883966020282848 0.15707817883315883 
8 0.36112115681211926 0.7098674117446893 0.13064963191519235 0.1857375499540735 
5 0.6074690529712665 0.6084888886892561 0.10441648083444321 0.08828247360696329 
8 0.8023416112493864 0.6541244366354289 0.11475153919621306 0.11220574346205997 
4 0.5002113558645377 0.6002645221193736 0.13903561614902762 0.09689165816574208 
0 0.6748287744889921 0.6038872828962856 0.04735277793958759 0.12725627167773382 
8 0.4053047730597089 0.8740115755287545 0.5630006794507717 0.2519768489424911 
8 0.19691234369906976 0.7257145756156329 0.0469122499988093 0.11279924449449368 
8 0.7092122459005291 0.6234546968511998 0.03956625457559085 0.03833607696844284 
7 0.6892021794749641 0.5 0.6215956410500717 1.0 
0 0.7955085432283088 0.6025221060633943 0.05025735489147522 0.14087735765166579 
0 0.5998336487928666 0.6125110019944645 0.04162945786120666 0.11490271156788658 
0 0.7662673748549779 0.6032945537546178 0.05204545360103865 0.15186769910378548 
0 0.7792782741465933 0.6001710762084731 0.027989483138020858 0.07036081449646922 
5 0.04779891695736159 0.5513513121681913 0.09559783391472318 0.4291952270896662 
3 0.2996590894737756 0.6459372603349525 0.2390635688728642 0.1682033636213908 
3 0.0095035734846481 0.6889863178930076 0.0190071469692962 0.228142187472799 
8 0.9143871647073184 0.8315628020086302 0.1712256705853632 0.33687439598273977 
0 0.9832936405067731 0.6231911281248449 0.03341271898645374 0.23049247124737487 
8 0.6766283208782307 0.6175065949341919 0.040698498015549804 0.04015412186667239 
8 0.944909373552689 0.6920819488365775 0.04098062170687186 0.0782985881993491 
8 0.7685987647321482 0.8481260387583646 0.3526486425318277 0.30374792248327076 
8 0.9869272060445715 0.7879972040201493 0.02614558791085699 0.2635804433362201 
0 0.4840191045663852 0.6646516631289482 0.10112328020698229 0.29882355003160954 
8 0.9905569481250613 0.6740849621079729 0.01888610374987735 0.14103520069052758 
