3 0.8885054458079458 0.6450001242516156 0.22298910838410863 0.41145288302012234 
3 0.11019026627022363 0.7054779229166181 0.22038053254044726 0.239688069860188 
0 0.8755517369609135 0.5818740221477828 0.03445932037413272 0.111422606703972 
0 0.5992036259993823 0.5206190781023539 0.03426573252524428 0.10549671829499055 
0 0.9991863754809049 0.5557729135102953 0.0016272490381903993 0.09739457442881101 
0 0.23315286143123706 0.622824604231219 0.055994773587695085 0.17362941015519526 
0 0.7845551643394196 0.5017059233694463 0.03861990950770888 0.0904104770154821 
3 0.2255775397398783 0.7333432794272499 0.4511550794797566 0.32748820239086185 
3 0.6788594525346682 0.5702334927652004 0.17333056937965652 0.11033235443311405 
3 0.7483305051722583 0.6626730007352446 0.3705631301096701 0.2486589520603781 
3 0.6391024758588589 0.5772652337901758 0.39955088041706077 0.36976021177413654 
0 0.9022867613139497 0.571957717984983 0.03471826174996565 0.10503059903396693 
0 0.8510064383271629 0.515733896011339 0.025332037612237315 0.07492922812564934 
