3 0.4313750172712257 0.577080552839753 0.10121309458929773 0.12180353767682549 
3 0.2720124884536211 0.5950661146946292 0.07302375044508473 0.09887738529297059 
3 0.5585130452120506 0.5893769947313275 0.2101368824085567 0.24828192151542144 
5 0.7843407139989494 0.5223111426281215 0.14761348243249203 0.1506241024971014 
3 0.3540008380500366 0.5919620299470545 0.08096258653657469 0.10003892214300714 
3 0.6717057575764244 0.6168660029781622 0.21346175251221702 0.1827754304712056 
5 0.4669322620304554 0.5722944095399268 0.23902662832354205 0.15380079159639953 
3 0.971945833731861 0.6362682792891579 0.05610833253627774 0.2230493429109968 
3 0.895669323911674 0.6831046855166097 0.20866135217665205 0.3330206145930995 
3 0.4013717202794019 0.6335170425552574 0.17639984698694336 0.22417323807650644 
3 0.2714729870261461 0.7678649403116089 0.4124389950671294 0.4642701193767821 
3 0.9911334328811576 0.5638267982270375 0.017733134237684852 0.11195622625093644 
3 0.18080233240928478 0.6048541546723442 0.0748723245537591 0.10651719060991499 
3 0.8133578250807978 0.7458066288306131 0.37328434983840453 0.45431884588588956 
