3 0.8586962732782977 0.5948602409420207 0.253680115435092 0.16967833461319629 
3 0.7452097255328443 0.6069341903175546 0.22745269909294996 0.16237094800847582 
3 0.5603213803611076 0.5767123316204965 0.1076608781908709 0.09686440902282893 
3 0.2565601147580597 0.5876622620356087 0.0789103358794175 0.1328191961874752 
3 0.06366766485121458 0.6106235139244774 0.10476279757578079 0.11003467207852831 
3 0.19083439728656348 0.6264680370270419 0.16830080421702015 0.30235053756103475 
5 0.6676279220087656 0.5322896828721471 0.13817348240066046 0.16329666752137176 
3 0.9511921100691979 0.6521853143393148 0.09761577986160433 0.2697585268315161 
3 0.16187377249238233 0.608419249069229 0.07934145398754705 0.11054112271509868 
3 0.37902401295812016 0.6295591862436266 0.15417270323335885 0.21559449229103664 
5 0.028742908565633267 0.604581071634333 0.057485817131266534 0.16182992124122697 
3 0.7737477547003078 0.7652336183242854 0.4525044905993845 0.46953276335142907 
3 0.5375088583593276 0.7541379408069635 0.4394924603485849 0.491724118386073 
3 0.05024687747253747 0.670162138635185 0.10049375494507494 0.25629309460788 
3 0.9098468098078378 0.5858215570013764 0.18030638038432442 0.15701362349329828 
3 0.01329044285630748 0.6147219761017607 0.02658088571261496 0.10103039615427008 
3 0.12023447849085277 0.7668589223555597 0.24046895698170553 0.46628215528888045 
