0 0.40088281492275124 0.6615888067371319 0.09630316038424538 0.32417703021451033 
0 0.4283746227519346 0.6139092145608015 0.03595897809570694 0.1682163464074741 
1 0.896161824125022 0.5610198972038326 0.07909935274565101 0.07675970173764882 
3 0.194716347045675 0.5909140204140128 0.1030947142180835 0.1135175981941535 
0 0.3194463064002608 0.6112531017729967 0.05648448481270833 0.1768967206932324 
0 0.49442738734034036 0.6521590694928266 0.06586698524510333 0.25802913811435346 
4 0.17474403851692688 0.5129794101141286 0.12190575416099186 0.22095216684742916 
3 0.08742202952958156 0.6114638108372583 0.1323380045375704 0.11237194188885685 
0 0.3958476340957304 0.5720698498823125 0.02589504462365717 0.10560262017146752 
0 0.5361487388311071 0.5294993516939662 0.022170569440867285 0.06241770678936051 
0 0.6524078989449197 0.5332012769526924 0.019028888989659692 0.0796085662857549 
0 0.7760059182186533 0.5467407392382684 0.03337460177210829 0.14218102177939185 
1 0.9276282709537478 0.56294921783978 0.08981648354280836 0.10071068590257622 
0 0.18803333062448718 0.6080330759031057 0.050721064774056475 0.18415957980528055 
3 0.2597849500500151 0.571055336089317 0.05443933381051036 0.07832220729258148 
