0 0.11306841487499894 0.6889124719363664 0.134652652575279 0.3660301307368365 
0 0.2009831449855004 0.6426005185598028 0.05136349704070554 0.1801728009996671 
1 0.7893225040455701 0.5409877488765462 0.08497162149206858 0.08462762745797565 
3 0.0752383140436657 0.6248154387611489 0.13489973615464648 0.12652548908203073 
0 0.08838062254241422 0.6448659751915339 0.06878422861314025 0.19471213850330596 
0 0.247057120092772 0.6810852474597353 0.09077068367966913 0.28923032780183616 
4 0.11104415102008897 0.5303042102485832 0.1396258539967107 0.2114493947470631 
3 0.023342321426013554 0.6305555807333976 0.04668464285202711 0.10769797994110061 
0 0.30439118086418604 0.5809714661774305 0.029479304550091394 0.11764722986402716 
0 0.5083010649111276 0.5310916062958787 0.021033925368727467 0.06864334801624485 
0 0.46811706217686144 0.5297171197745105 0.022967956727350726 0.06297740113494273 
0 0.5625348462106371 0.5255269420515615 0.023200117037550285 0.08510535535747787 
0 0.6720196502692675 0.5302527107555252 0.03615851532269147 0.1508411250260032 
1 0.8198486432871315 0.5373749971674088 0.09713556252670472 0.11022789151296315 
3 0.180436897883828 0.5852055108863963 0.06813866366671296 0.0844250648273708 
