3 0.02916466973060726 0.5706520694863045 0.05832933946121452 0.125991682436183 
3 0.42399841593525395 0.5813797077884483 0.31485132342275546 0.1917394754993019 
3 0.5333484967506981 0.5224057600192488 0.18316005747284378 0.12711185199477926 
3 0.28015073726811673 0.5010592847960553 0.0899148099559828 0.0494169711341934 
3 0.43912424971917946 0.48687105209647696 0.07087164422032878 0.04113895849965022 
3 0.5579822266731698 0.5152952818065129 0.13297754897029399 0.07805684681818958 
3 0.193302342061076 0.5097835978407302 0.16318234716227642 0.11010396656056148 
3 0.46490697467913505 0.5528354305470395 0.2587251469150323 0.17312785756851579 
3 0.49801416929450726 0.5476229139221859 0.21516329293028058 0.12780499824282351 
5 0.3142514728114387 0.5107946100358011 0.5365372548068692 0.5487656592565949 
3 0.09293292603642306 0.5505663799402284 0.18586585207284612 0.1108273785952205 
3 0.38891088019752346 0.49598979610157684 0.08897911025670353 0.05169538983302933 
3 0.02094788416095317 0.5332968068567184 0.04189576832190634 0.09035907292790764 
3 0.510307913454165 0.5400817828466135 0.20012876775825994 0.11025708017471458 
4 0.943613820054737 0.5093518610578162 0.11277235989052599 0.3219562904421049 
