3 0.3116443385783309 0.6422355797800381 0.15466749524061435 0.2354600444397937 
3 0.09695563110549384 0.6419157780793923 0.19391126221098767 0.23349302483610554 
3 0.22000591051430454 0.5954450415201451 0.08018226270490918 0.11513606690272582 
3 0.9290485438702303 0.6817552129978416 0.14190291225953972 0.2998458944317169 
3 0.11394344971096906 0.6047649237178302 0.11708467105455625 0.13396994768433368 
3 0.042742258822143206 0.6044065325759478 0.08548451764428641 0.11466358451615652 
5 0.3722563995340503 0.5414470779753426 0.10335633761181712 0.191977531325825 
3 0.02479198595774742 0.7604294751276931 0.04958397191549484 0.44889093260575336 
0 0.5805207883352413 0.5338289995994515 0.016936952092470252 0.04969816806349785 
3 0.45159164676436453 0.6245886102863892 0.17150018030406686 0.21684112470047642 
4 0.9123743752704481 0.4594325168061997 0.17525124945910392 0.2548558721981543 
3 0.7019920273571402 0.7507253295103974 0.563201181894887 0.4985493409792053 
3 0.2671336402026257 0.7849427357636359 0.5342672804052514 0.4301145284727281 
