0 0.5582401235800903 0.6556824884592338 0.0820302327176384 0.30414011981960093 
0 0.5781281944877656 0.6052793909031532 0.0367858636008139 0.16304487959381156 
1 0.9755069035631274 0.5674846875895118 0.048986192873745296 0.07560934241599139 
3 0.2893651641075258 0.5777661730099694 0.08662834807817511 0.10702226090390152 
0 0.4655825315506247 0.5955089863180402 0.04746361784601987 0.16873100675908587 
0 0.6341539843342338 0.6452623904639074 0.0576148973947695 0.24553437488642677 
4 0.2489509177027486 0.5027201156110814 0.10804552999360471 0.2233689117274884 
3 0.1893178275322898 0.5828836467976423 0.11148572956630158 0.10351576520034314 
0 0.4763975454560194 0.5644289767554634 0.024442273137553202 0.1003560589848069 
0 0.6058053571913037 0.5273791868934651 0.02221534779634851 0.06287758263443531 
0 0.8694609174444318 0.5550910495814076 0.03423541905727106 0.1411345665715408 
1 0.9894475946061665 0.5694239966668481 0.021104810787666965 0.09906863952716131 
0 0.3326431155487875 0.5922785405503778 0.04368121880738382 0.17745386119719045 
3 0.3367766087223818 0.5589595687009468 0.050944385340370955 0.07487883187932538 
