3 0.2927497154604779 0.5999538841210748 0.28272029567825024 0.17644775527904036 
3 0.2339778729423465 0.5845696319331056 0.25193653220214424 0.14088117864473323 
3 0.058734268962617846 0.5039251737095888 0.07826778105128869 0.044670279801662535 
3 0.6106010487920623 0.5886926821048343 0.14585540954696372 0.10336559794375641 
3 0.4061839381540166 0.5552356644534685 0.13083600534508777 0.09461018123235684 
3 0.1242533065026738 0.7900434402427057 0.2485066130053476 0.4199131195145887 
3 0.3311891132188149 0.5511693303095653 0.10963200885009666 0.06500828575219714 
3 0.02476285837690623 0.5036288058089085 0.04952571675381246 0.03870105682235381 
3 0.10459075668059821 0.509006557346462 0.08841063846927488 0.05365587583174873 
3 0.08140428539634824 0.5384559757304989 0.16280857079269648 0.13233534921822568 
3 0.5402014399826257 0.5751134143976143 0.14468784493185588 0.10538713356035007 
3 0.49400274907138114 0.57251649812543 0.1318036701503798 0.08345957041471593 
5 0.740293927295709 0.5625527299965355 0.1712108023575752 0.21428745062855215 
3 0.14587424894254566 0.5612263182386397 0.23046795231154124 0.1266824936740209 
3 0.3687931248026217 0.5536265865185304 0.11022734189309738 0.0717736997930591 
3 0.10408826908382907 0.5565141956386785 0.20817653816765813 0.1182494343824174 
3 0.0010861131394545205 0.5291785109820539 0.002172226278909041 0.05953261338022931 
3 0.2138424756918527 0.5282153250102348 0.09247646001387277 0.06250187932029816 
3 0.13551272687787375 0.5192452174283027 0.09192748209902492 0.057996633368863335 
3 0.07005660734113138 0.5372404015384195 0.14011321468226276 0.10623806997412076 
3 0.38316526442276205 0.6151752631121725 0.258108763226888 0.2004894296748282 
3 0.01488354488933705 0.6357420831923107 0.0297670897786741 0.24752356965682232 
3 0.2948563552211927 0.5467237428459043 0.1093739500823174 0.06335181650074333 
