3 0.21919872262477608 0.610088199009635 0.2904403975621558 0.1859946842140409 
3 0.14877707673263768 0.5947200554261455 0.26766941051801707 0.1503950109268942 
3 0.5095075238428628 0.5825872172084602 0.1328888186454332 0.09981877578538072 
3 0.2922577112869295 0.5568933237993048 0.13386905734822369 0.09753773085695615 
3 0.16326892152189032 0.7926919938705504 0.32653784304378064 0.4146160122588992 
3 0.20674390521390826 0.5493723525340145 0.11745463321976005 0.0666913871878022 
3 0.017319647706298888 0.549030626297148 0.034639295412597776 0.1288578658504148 
3 0.4373458495807799 0.5728286998817427 0.1377074733849907 0.10410820815965943 
3 0.38837435171425083 0.5701402266935466 0.1288181085916252 0.0834328351092988 
5 0.6345660711115354 0.5504434688032243 0.14457721027462087 0.2004025786869051 
3 0.08099238773832607 0.5813081918141366 0.16198477547665213 0.13159357174595465 
3 0.2500154275374746 0.552790388937008 0.11547969420736333 0.0736271572217965 
3 0.05284383241144194 0.5812731227910068 0.10568766482288389 0.11787935139922777 
3 0.06590523411874533 0.5435314531951044 0.10620596527300936 0.06470913036732964 
3 0.0105217946153177 0.5208500829004781 0.0210435892306354 0.05660400197285841 
3 0.0008788573755768604 0.547562287781616 0.0017577147511537209 0.10139027307626211 
3 0.33192134994403716 0.6151777765268477 0.24653785386369584 0.201917437612994 
3 0.16430950669827668 0.555020407851201 0.11965521119148415 0.06543289336410169 
