0 0.5608051187540736 0.5978494807928281 0.024086278683619754 0.09789947316770356 
0 0.9955097600439694 0.5719040607959098 0.008980479912060985 0.09668656711232239 
3 0.5085868334033018 0.5938916766094534 0.05312239933086353 0.055275924228462385 
1 0.5308424331009377 0.5950773095871139 0.02460045584083126 0.10329658964403576 
0 0.9281185736478174 0.576681799427979 0.02810928674654207 0.10372378497427721 
2 0.36527039631053626 0.5862451009239135 0.03744511029273575 0.07025730685641943 
8 0.144595577947927 0.6142275221973185 0.04629383076900272 0.03989476013456233 
0 0.17756817601688935 0.711263508403095 0.11508955189259233 0.37989125807738877 
0 0.7092019902392411 0.5849019694156393 0.0279081708324064 0.07876969388779584 
3 0.11352101726065521 0.6084664682517195 0.062252001658659746 0.09639597477369787 
0 0.5135677277936148 0.5968415421478057 0.0282989643162189 0.0986283429139035 
8 0.09763680767364162 0.6092800347428189 0.050449959249453856 0.04431488938753116 
8 0.07272004379928722 0.6274207776555825 0.047694845579263054 0.048280577473725925 
8 0.35598122116797243 0.6066002967017101 0.0131160867739667 0.03115961111293599 
8 0.40767135112057856 0.6043963362839165 0.010824167240204545 0.025168752065395792 
0 0.990837212301077 0.5781747977344469 0.01832557539784588 0.10505377330211685 
0 0.8078362484591244 0.5860098154859886 0.02796135643671846 0.08872922171453651 
8 0.03210233104076707 0.6296518725308682 0.05871741885678084 0.055708359959793244 
0 0.9394479411135563 0.5793493144060744 0.032887351586004455 0.09372765834324039 
0 0.6567442355258344 0.6019439164606691 0.03252225072445242 0.08842655035590882 
8 0.9906223582236209 0.6165679782795127 0.018755283552758188 0.11948412624247409 
8 0.9316339709946897 0.6111553937959358 0.1343193153008055 0.09765426374325469 
8 0.4402784599093155 0.6060464173323277 0.01102929661298191 0.021570424788499295 
8 0.003112270067063607 0.6317858887918856 0.006224540134127214 0.04980027656284354 
8 0.44610473492107616 0.6102165449280288 0.012413895701568478 0.022576743822735983 
3 0.4646576364903071 0.5929700603297137 0.07041434767970514 0.0745078599643022 
3 0.39289867697084874 0.5895384417927207 0.06103997686236205 0.053414078357213776 
0 0.8085226595235436 0.586068497620732 0.02830818121778094 0.09032436898355008 
0 0.9477227782344775 0.5825042320898237 0.032972567448846204 0.0950522365091905 
0 0.30330626132426436 0.6842823552825954 0.13042201090949768 0.3733326169333217 
5 0.2694333913612812 0.5860419385150878 0.06834489277646533 0.07089788653888074 
0 0.49191999793041086 0.5943557616755629 0.024306902892384415 0.09309096181012806 
8 0.19717224055546329 0.6180781962126867 0.011572967966238608 0.020992269916200332 
3 0.42961848600960095 0.5817733858816152 0.05237822402902118 0.06051878185697509 
0 0.6879043519907287 0.5782202597441076 0.014956638941158928 0.04515671190175712 
8 0.40604752954632517 0.6117401445958964 0.013435198414786385 0.03351195070891979 
8 0.18412992644539727 0.6114270896287531 0.04023371064980907 0.03839798926027217 
8 0.9238693842147504 0.6237956954723084 0.1437349587055016 0.12621434300793224 
3 0.31404786284746067 0.5954604212952548 0.0813355027531841 0.06223446531166214 
8 0.13327412273509112 0.6228058241939906 0.013440838064967818 0.02690662701120737 
8 0.4253788042891851 0.6064493683439913 0.011954781760998543 0.03268739278806897 
8 0.3411824592426973 0.6088358373734313 0.0141896482679649 0.034143543736335887 
8 0.8478435608574697 0.6287586367975503 0.028117685425731054 0.07151390389218527 
8 0.3726231053034793 0.6062392201515292 0.012730817890898223 0.030138643077827206 
8 0.4267454883084701 0.6031172822774667 0.011207787012609601 0.023103500041630445 
