0 0.9635281915030703 0.6229120028971667 0.0729436169938593 0.29338062936227177 
0 0.980137416124378 0.6006963249473758 0.0397251677512439 0.16838792988556256 
0 0.041234055401363545 0.5632349887026125 0.035298285745688086 0.12105743870564115 
3 0.5870479064949237 0.5586962506295932 0.06515311675583575 0.10009514636887547 
0 0.8755444646487901 0.5813091073725821 0.049844029375344975 0.16743157923956453 
0 0.10525957744457069 0.5940320382983527 0.03754661005934192 0.1256640545298362 
4 0.5235663171280736 0.4853388173710824 0.08455601028702098 0.21657960781399152 
3 0.49769055689056063 0.5585296372785984 0.08083135501881593 0.09371448235739656 
0 0.7504408697873151 0.5558363657909204 0.025759962975724023 0.09530156614539863 
0 0.8933277122848403 0.5200639120578106 0.02741333935264393 0.06872688929565805 
3 0.11273120864568938 0.6323373383745537 0.13032527123509532 0.18552281935015325 
0 0.011258766885566708 0.554371784932018 0.022517533771133417 0.13053003729050128 
0 0.7121071160860697 0.5734875753920242 0.03850896975119227 0.1709408434546662 
3 0.6113248773354708 0.5395315591139795 0.04871087745426074 0.07174517524102397 
0 0.00908804866465005 0.5169040914307148 0.0181760973293001 0.07565375804149856 
0 0.01900667239706727 0.5465442618736966 0.025759968483639102 0.10726507462613918 
0 0.057158530995051304 0.5350422073349258 0.024496887357456858 0.09601681428105394 
0 0.13022363904080245 0.5824583986183877 0.03541012733181114 0.12054104963736342 
