1 0.6608400967933238 0.5366594445584569 0.09447178785387621 0.09493679000397537 
3 0.015617857920612738 0.6525510099532754 0.031235715841225475 0.11055869737728283 
4 0.07968111531851485 0.5716277105605859 0.09612544944850393 0.17006216915889247 
0 0.1582605404403755 0.611951108481389 0.03946874100887577 0.14039508749650212 
0 0.42642823992439904 0.5409093736946939 0.021076601087096164 0.06748067877920037 
0 0.3951143155944783 0.545238712003342 0.022741018045368832 0.06177594894056666 
0 0.48369016550738886 0.5341857135156116 0.030447157618311564 0.09760012605921771 
0 0.5389902747566704 0.5328140789423983 0.037770366579397675 0.16285672374286833 
1 0.6908511917669122 0.5427691240030348 0.1100820669925379 0.12427925848582018 
3 0.09266255100609877 0.6221901218550769 0.09754954570772356 0.09205868006597813 
