0 0.8181203295588378 0.6047493410875064 0.04282669361721858 0.10434312698154113 
8 0.9642594399839806 0.6380462092838798 0.07148112003203892 0.11730754280081972 
3 0.8713330584160892 0.5948391548025442 0.2573338831678215 0.21640991527187384 
0 0.9937527294526646 0.6039084105949324 0.012494541094670667 0.1264625734877683 
0 0.977269902224057 0.6137589613388346 0.04546019555188622 0.23129044081829123 
7 0.93836774075456 0.5823647139313095 0.08836245691914414 0.07076200215527403 
8 0.8995920545007136 0.6635961192760365 0.12005475942149148 0.13750235271772657 
8 0.8355321096104718 0.6623602981935652 0.06748864671374989 0.1520621809318599 
5 0.8425814227772986 0.5964312187007653 0.11836214110759884 0.08945290580081215 
8 0.972035406010126 0.934807502412002 0.05592918797974818 0.130384995175996 
4 0.7170190262360258 0.5928274617548036 0.15076447331047546 0.09642405258283772 
0 0.9281915443898459 0.5863334504027511 0.04909973833739741 0.11621377018767053 
8 0.7026162334720291 0.6848138889994693 0.04372108689479944 0.09126706872467265 
8 0.9593062192697335 0.6075975052364588 0.046958252822697236 0.039429218524217303 
0 0.8539228890748225 0.6017933133590997 0.04200923883175406 0.10426861492725108 
5 0.2796068470469477 0.5486478327204584 0.5592136940938954 0.45706721926256294 
3 0.6823113923914538 0.619733943954873 0.20191629207395956 0.14613565007395524 
3 0.41484200201054505 0.6700985533944189 0.34527590255380985 0.22213794873144885 
8 0.9196404815355738 0.601205307274635 0.0476566165728002 0.041347708106892346 
8 0.4017340589266567 0.7224496020017006 0.04413063129034647 0.11134980044800437 
0 0.9747869783667787 0.6246402267766747 0.05042604326644252 0.24841685946175351 
8 0.6095664550666144 0.8003416453554897 0.1523934827768693 0.11836326909614071 
8 0.0009943162688716013 0.7783218652158497 0.0019886325377432026 0.12201791179685958 
