3 0.06975456959297054 0.6445105505919979 0.13950913918594107 0.2033641679194808 
3 0.004449490142904738 0.6061623310848799 0.008898980285809476 0.13872593143823508 
3 0.2188005547342825 0.5900780512811042 0.13092305279130564 0.10453767505373625 
3 0.0014241344593601435 0.5823563347094751 0.002848268918720287 0.10051542606851102 
3 0.2086610621369751 0.7975176872893939 0.4173221242739502 0.4049646254212123 
3 0.12633198475772967 0.5852874273481917 0.15399602490879313 0.11572790375631795 
3 0.0678600898613622 0.5965476854067441 0.1357201797227244 0.09775548084795875 
5 0.35632676187593887 0.542704395007209 0.11669098899070747 0.19257922254994683 
0 0.6807518588660133 0.5586251316944255 0.01761370533904497 0.05545532496761205 
3 0.13046982335940685 0.6199650522493891 0.24560731163495722 0.22448782692857724 
4 0.8788382786683218 0.4729939364224236 0.2423234426633566 0.3411902015043951 
