3 0.17946177623930026 0.61226220667459 0.32186544960214336 0.18048969028377598 
3 0.18483802445423692 0.5757956613220514 0.2635258251744928 0.13886431342248526 
3 0.4054370998329463 0.4998968649138148 0.05968276570543608 0.03723531265334651 
3 0.75163498606638 0.5815029922390228 0.24066251268134664 0.13657721596715222 
3 0.5896233600413813 0.5433028390308846 0.15703474613209026 0.10520155180497656 
3 0.10072398908056374 0.5295020890079776 0.10904631039210269 0.05677999450201304 
3 0.25468277398312167 0.5070944249306182 0.07259825952182258 0.04404814244209351 
3 0.5414961171500763 0.5397165184693061 0.11788526095661539 0.06722019246751566 
3 0.3817346917956843 0.504730246863035 0.05367844645978991 0.031781587540106605 
3 0.2147061577055554 0.5241635716319064 0.1715266039166275 0.11823847239332255 
3 0.6885460995753219 0.563489346432937 0.20827253434566254 0.1313826360766558 
3 0.6533501325769896 0.5642556204671756 0.1770866977390382 0.09900105490492422 
5 0.8607358990924462 0.5322055447890306 0.2785282018151077 0.33568961442946227 
3 0.21355322100268181 0.5624104084367795 0.20989686508140853 0.1165366887600808 
3 0.5655710070286013 0.5428378856571061 0.12475971247384805 0.07691024331779665 
3 0.2258615857827156 0.5669395583884724 0.18241050993288568 0.10530437473134883 
3 0.057796173082531044 0.5265323921254863 0.11559234616506209 0.06640430915696571 
3 0.2568854389077905 0.514974401321996 0.0901793609176416 0.05486295004528434 
3 0.018140422445218816 0.5570695532676498 0.03628084489043763 0.10839717174861026 
3 0.43989920005636207 0.5160850334720183 0.07677583282320022 0.05095319251078649 
3 0.6142448898262487 0.5570351286375358 0.167646410096387 0.08817935140607075 
3 0.25153448518530647 0.5319581611021672 0.13872078517836492 0.09353890559509258 
3 0.04196378782421533 0.5386981793376666 0.08392757564843066 0.08270589195992506 
3 0.1923889835681186 0.6331240196711736 0.3329152098095011 0.22416292806432214 
3 0.5176100354313623 0.5344482609079186 0.11212587927219488 0.0635721965402566 
