3 0.470341663341488 0.6260873239431111 0.18976763938629204 0.21654418597384947 
3 0.3074027223601479 0.6390350388993931 0.1474934271179673 0.21299927631551693 
3 0.31716923404610897 0.5921498455150783 0.07794729972551696 0.11059597192914371 
3 0.0025259147070496074 0.6021200056978746 0.005051829414099215 0.11731293313796844 
3 0.21611516424008947 0.5980292476651496 0.08893497619719334 0.128220907131876 
3 0.12316216847244967 0.6027700259242829 0.10568405118853358 0.11286824191145015 
5 0.4513810142456515 0.541242398751347 0.11443912138343577 0.18487825069393043 
3 0.2854188173744248 0.759629829776959 0.5558680362466056 0.48074034044608205 
3 0.03798871769237077 0.6673661817084288 0.07597743538474154 0.22795031054709822 
0 0.6243094509623766 0.5328940005590643 0.01676432390303354 0.04844994820786736 
3 0.5924551913785127 0.615724503870367 0.19795910074930667 0.20080385132388384 
4 0.955377050186992 0.4666848607752306 0.08924589962601616 0.22162601769081214 
3 0.8305696997013559 0.7533194472723168 0.33886060059728834 0.49336110545536627 
3 0.7268399884307821 0.7808689554524472 0.5463200231384358 0.43826208909510556 
