0 0.8607651738081132 0.6006648844352177 0.04210081496917752 0.10052915084817352 
3 0.9140008203216203 0.5846830271782388 0.17199835935675936 0.21217940822861978 
7 0.9742338310372098 0.5775040593850284 0.05153233792558041 0.06931144815850927 
8 0.9662892836304688 0.651683760812006 0.06742143273906237 0.13185542376120377 
8 0.9360045642082817 0.65021296157209 0.058718842936727356 0.14772128877367852 
5 0.9016951555087782 0.5838527175873015 0.12459261892615019 0.09060758370135949 
4 0.7644935329949689 0.5857041139984549 0.1552323298274905 0.09661696324669637 
0 0.9767788720082206 0.5806840144689358 0.04644225598355888 0.11352445508473093 
8 0.8053496846427252 0.6738526191453545 0.04427109342102753 0.0881625060597652 
8 0.9964983659515612 0.6031797032955208 0.007003268096877662 0.03777866935655854 
0 0.9044173252913364 0.5981664094876343 0.04206663718321337 0.10179248961359122 
5 0.3562104306689892 0.5448603291016397 0.5889087869568029 0.4453141773420568 
3 0.7629974137792865 0.6110951745588226 0.19966263913180682 0.14283009426337187 
3 0.5316337473280022 0.6571592355834326 0.327283309982065 0.20947522048956804 
8 0.9754369137134115 0.5955099538029526 0.04912617257317734 0.04174742905670061 
8 0.5311104322669129 0.7075688882410681 0.04374473375573231 0.10490003461931678 
8 0.7591588030537778 0.7758098547138348 0.14160127248359217 0.10796720158926051 
8 0.15737458505303326 0.7544575237075626 0.0608597780600463 0.12213464613686673 
