0 0.4134026435774018 0.6096085432523956 0.02683942937279113 0.10229956321844276 
0 0.876879326236977 0.584104738776706 0.03451941260702483 0.09726046067097684 
3 0.3908309469535651 0.6043935104468972 0.059208495195989815 0.05709113968841924 
1 0.37787162620030246 0.6086382024331374 0.029789275096626468 0.10840261631437885 
0 0.8017681242014203 0.5959528681116328 0.0263454772799237 0.10391371268023028 
2 0.23564033877113857 0.5946115427480113 0.042593903228340974 0.07394317967778509 
8 0.010661113678932927 0.6216933542627907 0.021322227357865854 0.041145330418666186 
0 0.5893462377380185 0.5979920852017254 0.027583133300537525 0.07832025415658349 
0 0.3648467589892721 0.60890110295163 0.03175984516685702 0.10337543146542676 
8 0.2182894124576879 0.6183608944322403 0.014761750175209585 0.03298651504996378 
8 0.28190688360429617 0.6159345567375527 0.01191585127595321 0.026400732582866467 
0 0.869004228180537 0.5900149193133678 0.032627725028747674 0.10525782151815223 
0 0.6873035335807751 0.6035166881850936 0.027944445237715883 0.08999908648562187 
8 0.9546540065592602 0.6255504190339456 0.09069198688147964 0.10200599206997114 
0 0.8123842105909634 0.5904944533090974 0.029886750905907748 0.09345907915507755 
0 0.5300524919752974 0.6123018478682877 0.03151347315502626 0.09024455169410348 
8 0.8599274614318191 0.638989374581237 0.15502169223023843 0.1284347912521217 
8 0.7404572889450889 0.6339007952489755 0.12568864772953503 0.10090457921521079 
8 0.32823895206979486 0.6208451161887731 0.0134392639652107 0.023473078232383135 
3 0.3350303310038342 0.6052213742573304 0.08086734131050385 0.07788878813944633 
3 0.2715841589296314 0.5989707491144217 0.06905582723865891 0.05581466975169936 
0 0.6892801378300021 0.603723009715736 0.02820996939759752 0.09151618029239274 
0 0.8214213803935152 0.5950763494194232 0.0302417673881574 0.09497654955928232 
5 0.0946669967835762 0.6058791252165682 0.08800330373010486 0.08393607449080125 
0 0.34679682948628054 0.605570939901401 0.027285684582494057 0.09741390975407253 
8 0.9308887107342656 0.6567291687402462 0.03729038895716243 0.08707375044548472 
8 0.05315958352970746 0.6325042448540092 0.013378576536915059 0.02261745572354913 
3 0.3179604730677423 0.5913874142089772 0.0584918747395109 0.062816024279625 
8 0.8609463345170241 0.6370719864264526 0.1344975525520431 0.11487070485975096 
0 0.5819518391482792 0.5925010710601903 0.0151644462280575 0.045690017188439166 
8 0.26801220546170157 0.6233186679043057 0.014958745498948395 0.0353282677469186 
8 0.04135169992086816 0.6222823105019274 0.04672006195579874 0.041397658478027524 
8 0.7267551659071811 0.6432185751101505 0.13426572450198052 0.1310879435558574 
3 0.17241249246726448 0.6049857362140386 0.09594443875170258 0.06642684382822331 
8 0.29316062605787435 0.6194813582923621 0.013187657732102736 0.03430149607172515 
8 0.20172210226225626 0.6201256784512291 0.015985957574224587 0.03631295295881146 
8 0.6572709170715824 0.6516717417618575 0.024662309652542548 0.0748668102400998 
8 0.2400619406552144 0.6161465534527244 0.014163938099308843 0.031726750473002815 
8 0.3059293567402516 0.6136970340210915 0.01221736385503906 0.024087953396938373 
