0 0.6699144447994095 0.6212205895409318 0.04387195093268545 0.11283976812346534 
8 0.7359271573575282 0.6653535683650125 0.10856862070827206 0.12582571432395537 
3 0.6359386792917769 0.6254334016734959 0.27185478351371806 0.23253585443180877 
0 0.8514962365951664 0.6179215904335886 0.05828257712010043 0.13820282434039932 
8 0.832288183702949 0.6550992216519661 0.11781062486772072 0.12298842914433344 
0 0.6977786436782626 0.6455892882463236 0.0854436212069659 0.2543708567060877 
7 0.7878237650227047 0.6010064364683299 0.08181992411602451 0.06939272322276925 
8 0.6409696099252418 0.6899441819386662 0.12826356434991112 0.14871218275475256 
8 0.5490601832805879 0.7005556533556465 0.10085185497449821 0.17059400572197156 
5 0.6966604790720217 0.6120862416331471 0.10855750092610905 0.0886123958496906 
8 0.946121106596929 0.6494053954890822 0.10775778680614195 0.11035851676894898 
4 0.5840713445024206 0.6070062156339963 0.14193076247739528 0.0964961283025107 
0 0.7737507465533022 0.6052282811638259 0.04818502469117703 0.12285105079309251 
8 0.8384061251533963 0.8578451721654966 0.3231877496932074 0.2843096556690067 
8 0.40192550023941503 0.720476358722152 0.04441887928774662 0.10291478290593975 
8 0.8027976327878511 0.6251808517156403 0.04194844917531256 0.0387621168613695 
7 0.8214561367539657 0.5274236017961981 0.35708772649206866 0.9238568467459075 
0 0.8958102533535077 0.6048919144261193 0.051456802156644554 0.13631632362089008 
0 0.6994379636702199 0.6167778711831204 0.04179286850872444 0.11063048192460959 
0 0.8703409938949045 0.6062831046165575 0.05341765713720108 0.14689027867194498 
0 0.8770723247279011 0.6029153876175773 0.029585880167053772 0.07135549547639124 
5 0.14313232890662927 0.5638042690899749 0.28626465781325855 0.4433061098192637 
3 0.4512051794898626 0.6460643052818845 0.21866623068182678 0.15922592498127744 
3 0.12914185722847088 0.7033868929550395 0.25828371445694176 0.24285167702939045 
8 0.768001386394064 0.619407050011892 0.04291597358637489 0.0407418114336407 
8 0.9743945774615409 0.8489094289601076 0.05121084507691833 0.30218114207978486 
0 0.6790532555495479 0.6590000283128673 0.09357105678290971 0.27607190416308913 
8 0.10070740988986428 0.8979941715690046 0.20141481977972855 0.16493180377341382 
