0 0.8888471162688957 0.6494228345904689 0.08737264779080789 0.2946995502399399 
0 0.4374182420821901 0.6195697565095103 0.04719561972671272 0.12698586375785761 
8 0.38504621924921256 0.6817746623653577 0.12960711484112372 0.142512759687678 
8 0.6726633276438093 0.6216554246449073 0.04235296088165185 0.04325436242983187 
8 0.8636602897402195 0.6004660515884946 0.03934993125967878 0.0356810878081626 
8 0.9361295664654534 0.6035984003541919 0.010830027437377083 0.02378899876114537 
8 0.734100358674425 0.6160703566758892 0.03683330047738991 0.04277467725245603 
3 0.9904302335331903 0.5879133249535509 0.019139532933619422 0.04929704272575249 
8 0.8274027872347753 0.6055801895686695 0.04396474821144054 0.03869702022775553 
3 0.2807959023878513 0.6353079813408921 0.32748156858213867 0.2733071356576711 
0 0.6055651632645188 0.6158361346480544 0.05750714777068154 0.15040829752190588 
8 0.704921827925404 0.6194073716841296 0.02128915966127991 0.04760473971760348 
8 0.49605880425634175 0.6701770797984765 0.11424078114592788 0.1340499911906559 
0 0.23518301776531952 0.6651580611155744 0.10749842030305623 0.30214921749073387 
7 0.5840240120057616 0.6011514033547879 0.07786290639580386 0.06863847989719798 
8 0.7503805954840549 0.6152563993029677 0.017006273883482664 0.039554376065917725 
8 0.2500066773668367 0.7097229989299163 0.16508097030516833 0.17605903590905528 
8 0.8277511256124835 0.6101889562201614 0.03662018793443309 0.04526578203948664 
8 0.09029370168840531 0.7341586256961157 0.18058740337681062 0.216082591738724 
5 0.49339912047073486 0.6090448965730593 0.10239748056700997 0.08939159422605794 
8 0.6130480116348218 0.6629432868370123 0.11466148759137752 0.11740444393743675 
4 0.3901160653397257 0.5989362336886355 0.1394043693732948 0.0991193112598032 
0 0.5414423076359411 0.6068617977483928 0.048001617660411285 0.13383190693930241 
8 0.5921892259318164 0.6247967496042787 0.03784835026205698 0.038499459629458416 
8 0.7884642563445834 0.612561535515134 0.047871670071752845 0.04140492439499351 
7 0.35834025038107264 0.5 0.7166805007621453 1.0 
0 0.661213298758655 0.6026250006412276 0.05058233041737367 0.14737061995135176 
0 0.4648178845156076 0.6134981087225045 0.0431110199445429 0.1216218494735166 
0 0.6270925511144406 0.6032410621405432 0.05236849237137875 0.15921518860733613 
0 0.6587003144633594 0.5994785066669268 0.027223057105360625 0.07020309212963664 
8 0.8774699865260047 0.759995999686118 0.18097607754377337 0.250480223296334 
8 0.6311469013267105 0.6253888529757935 0.04942582394315359 0.04209934984897624 
3 0.11173527971218344 0.6562175715269473 0.2234705594243669 0.18359595008994462 
8 0.5756937930436342 0.840498965696815 0.33607721564730175 0.31900206860637 
0 0.7850838355972405 0.6294835723705251 0.069979903440845 0.24283452517802528 
8 0.561507361998763 0.6192545748237118 0.03920024909009662 0.040567456195788686 
8 0.755712442056622 0.6932975739717391 0.03883542434553007 0.08015763388518395 
8 0.24613543073874403 0.8679467212101766 0.49227086147748805 0.2641065575796467 
8 0.8942490327904037 0.5999595054521438 0.03597131875859603 0.035451133267695875 
8 0.7611915128904901 0.825107462548487 0.23026037789018347 0.3409981162101908 
0 0.19082461116992683 0.6849715289621013 0.123759498787263 0.34081098505380686 
8 0.845265731998125 0.6843174379090513 0.15663169437261915 0.16272994347019007 
8 0.9456224227615184 0.7260723566156079 0.0771776244850679 0.22462363707289026 
8 0.7141888771180085 0.6165639876267667 0.021726393091507815 0.04088537735276949 
