0 0.02365494855642639 0.7094871686640979 0.04730989711285278 0.37539710565992795 
0 0.0904061943898282 0.666357315637053 0.05916160245474294 0.18558865280663844 
1 0.7412931306031553 0.5326487627149177 0.08849360783034214 0.08888098254171692 
3 0.04898599945756499 0.6424162904170703 0.09797199891512998 0.1285733510740805 
0 0.003622627243221857 0.6692961743781924 0.007245254486443714 0.18644579626056662 
0 0.11769883833761015 0.7108990440391638 0.10521792208366705 0.30811924338685726 
4 0.09246129010617547 0.5489130826606303 0.12928683092158763 0.2022281384317484 
3 0.0004504045002046641 0.672764522371186 0.0009008090004093282 0.02277055665658774 
0 0.25543610199801037 0.5875769704307209 0.031224636530501008 0.12364177905221324 
0 0.4798491985158988 0.5344750932969358 0.02144181257063501 0.06883566545864438 
0 0.44169546193855097 0.5329094638582563 0.023330704481696714 0.06319433180303595 
0 0.5270961109597502 0.5254009017640514 0.026151887332387675 0.08840819185762377 
0 0.6223310303658446 0.5281132512948356 0.03667941670708281 0.15550034048115108 
1 0.7715061008050011 0.5302090300225691 0.10154966054154102 0.11560419745861149 
3 0.14590874704037443 0.606624403632056 0.07822832370268103 0.08746859828409104 
