3 0.33931254081837625 0.5926590070757412 0.2871124151081586 0.17280425317795184 
3 0.3174901834786547 0.5613512728649217 0.23904451114119085 0.13705458334572648 
3 0.36443432725191094 0.503173820471692 0.06080203167869101 0.03897816387817815 
3 0.7951978470957485 0.5909850264822089 0.20815475005111736 0.12364482693330349 
3 0.6043598331284339 0.543420288976984 0.1463029989396933 0.10342099029502334 
3 0.07489471300220835 0.5173848097185471 0.11219121384965453 0.06292736208400312 
3 0.21894149666400112 0.49969354023916934 0.07658868533695522 0.04784252123398214 
3 0.5443700741925959 0.5411051091329477 0.11241536267863196 0.067811060888237 
3 0.3362331229551167 0.505626784220321 0.053817824977824426 0.03342178048848338 
3 0.3945919979017756 0.5054672659004449 0.07153865021777989 0.04812561451086354 
3 0.259630624343536 0.5110357565114237 0.1668619197484523 0.12350154165185258 
3 0.723708569815397 0.5699261407205533 0.1869528161627231 0.12251916874458092 
3 0.6810117922368601 0.5654314333268374 0.1613252367912967 0.0951812857347931 
5 0.9025551230631428 0.5524288300361745 0.1948897538737144 0.2843061041816156 
3 0.01596767234739865 0.5717263991382103 0.0319353446947973 0.15494134764626444 
3 0.2937171711973235 0.5557554581088191 0.19808991519930438 0.1190967213194461 
3 0.5740450707685314 0.5442348885321779 0.11776751962584549 0.07656632648951744 
3 0.2829826750919509 0.5495803204734698 0.17534605573820566 0.10885349657477188 
3 0.03295972534207802 0.5532727390687594 0.06591945068415604 0.11785468205121491 
3 0.0537047118731496 0.516271033862418 0.1074094237462992 0.07191966793756314 
3 0.23841353772992613 0.5123187217422642 0.09450812132125978 0.058822351433217616 
3 0.0977586264277791 0.4644718965592372 0.06671224312596874 0.042598228337630786 
3 0.042324672547272624 0.5422418319825607 0.08464934509454525 0.11367173602919732 
3 0.4085106161093799 0.5141335759124382 0.07703948349450138 0.05324148539247574 
3 0.6361626008895518 0.5614588083920644 0.15396531501385596 0.08647260146058114 
3 0.26892202841669394 0.5248355101333435 0.14057863441710375 0.09771400493467758 
3 0.04945704892906413 0.521032372860317 0.09891409785812826 0.0885927125933494 
3 0.15452772589424085 0.4605308354261472 0.06877098169195614 0.045759733941536006 
3 0.39842522002472813 0.610930531905607 0.288138739980342 0.2063012587535116 
3 0.0019808824459364113 0.5956760759955425 0.0039617648918728226 0.1417807664007613 
3 0.5157699367448071 0.5396652636426789 0.1079488314741473 0.06449574898795554 
