3 0.6456212597271324 0.5017603602141218 0.06896398539784414 0.08890629665481324 
3 0.9602108152663084 0.49869240135792475 0.07957836946738325 0.169352433209098 
3 0.12686415049939764 0.7308210568723531 0.2537283009987953 0.4060431697268317 
3 0.5012387203512881 0.5056839482517447 0.06160532912839379 0.08091355818059065 
3 0.007203716285994408 0.5493634102884718 0.014407432571988815 0.0743487625701686 
3 0.052327947355112404 0.5472853527154323 0.10465589471022481 0.0971239548499733 
3 0.9449911356664467 0.47018940823211514 0.11001772866710667 0.1203045221216616 
3 0.36132592123512824 0.5098468349360656 0.0628643639334738 0.09289739428402918 
3 0.999124766347098 0.45455601351456015 0.0017504673058037668 0.05437677333159494 
3 0.23059157731544566 0.5172649744948005 0.13649623362113378 0.18016701992225795 
