1 0.6535948348749331 0.5364879784914558 0.09502132984803843 0.09541687059126906 
3 0.013427079462996908 0.6523577412208194 0.026854158925993816 0.10883009979343393 
4 0.08558051411670882 0.5709196185186386 0.08953582400165878 0.1591428523484036 
0 0.1341251608887519 0.6247325538120481 0.04376810446842382 0.1457598723507418 
0 0.4182231230505657 0.5425906293621602 0.020748914620695943 0.06651207615467955 
0 0.3895780960307306 0.5465668852314921 0.022408395144629552 0.06095289415053066 
0 0.4876522062230229 0.5343229670465105 0.03137061486873975 0.10017344903951059 
0 0.5313028269207581 0.5341690799257093 0.038294613276100835 0.16381713993807326 
1 0.6834758315966797 0.544163922692041 0.11026891003325488 0.12478407618393507 
3 0.08820759148210212 0.6223584554475615 0.10080850432436035 0.09245568376116908 
