3 0.43024308895070307 0.5368694397151844 0.0767854296552276 0.09145773194312552 
3 0.9540652891966959 0.6124279948819329 0.09186942160660834 0.3186533424374982 
3 0.7342689131205529 0.5337896122010432 0.14283810575283795 0.17884804250283146 
3 0.2811190387355244 0.5408719145010348 0.06229766555491779 0.08589407739033542 
3 0.6841887780058792 0.5105567664169361 0.13747169255887146 0.11556601102104133 
3 0.11434117937702283 0.5566064923179257 0.08663849499660703 0.10349000364705527 
3 0.9564804299331072 0.4680359214988495 0.08703914013378551 0.10414068191195036 
3 0.9535379752774915 0.5285266858946748 0.09292404944501684 0.18319796110975914 
3 0.7965777154704359 0.5149840621081418 0.08144621903826775 0.11049961938344097 
3 0.002712319780882654 0.579552132819287 0.005424639561765308 0.0915018417598013 
