3 0.014483430533700605 0.5996902080513526 0.02896686106740121 0.14050679873481822 
3 0.06114145031386664 0.5887563981968713 0.12228290062773328 0.12079121416632088 
3 0.4488569724923851 0.604988841893003 0.317979452542306 0.19701593920968447 
3 0.5941387151144194 0.538190333177532 0.19079665847994512 0.13201944725077794 
3 0.36966755598825063 0.520433720562228 0.08531010042527967 0.047732088344911036 
3 0.5258156562098872 0.5052871528719604 0.07099266062800837 0.04091525104443172 
3 0.6280599815791449 0.5306923191599512 0.13947008969227712 0.08015298295460657 
3 0.27283752445890863 0.5302624134045437 0.15126104371360188 0.10730295969130939 
3 0.5036020748976252 0.572132217658976 0.2651626428164155 0.17959247577403004 
3 0.5453633311854159 0.5666534759108841 0.22224957186909947 0.13127639542401773 
5 0.305620668351204 0.5320287614444709 0.527269222982479 0.5805021422672305 
3 0.4715951248659161 0.5135990002792444 0.08789891588294296 0.05099774499181049 
3 0.06641542146213666 0.5567706139831522 0.13283084292427333 0.08481101400315588 
3 0.5648343898384532 0.5584342641126661 0.20686372790874125 0.11284068368953058 
4 0.9765302378732537 0.5178751326667511 0.04693952425349252 0.2707931059895297 
