0 0.9997607855066367 0.5463324913087579 0.00047842898672655564 0.02163231596983489 
3 0.8678502001174875 0.5792493840966082 0.04867307969576316 0.055853100785359405 
1 0.9788044566869991 0.5744832293363381 0.04198535113042809 0.10254823978908348 
0 0.030552520059423532 0.6976991297771004 0.061105040118847063 0.41370963459046095 
2 0.7236333407906821 0.5776480964261749 0.03245043547519927 0.06696863584366661 
8 0.29781101574324603 0.6182013572695183 0.04900033765685852 0.046662065996097735 
8 0.5150114239273126 0.5957723527537021 0.036229948481826355 0.0347435633617119 
0 0.2482179147485665 0.6382162317476424 0.09691966112242498 0.29409553846933195 
8 0.3847954029526713 0.6115444932491323 0.036175877718070314 0.04422181861426187 
3 0.5849274534383531 0.5873409298184876 0.04757940113751133 0.060845092568326195 
0 0.9517226999309069 0.5756990435721698 0.03265160713872049 0.09753640984969751 
8 0.48009357668328523 0.6019370267423781 0.04009544251501652 0.038324556581573514 
0 0.09481884651827537 0.6309462823887511 0.07853609386212729 0.19865719585600036 
8 0.48259134295856315 0.6057818079471256 0.03185184937191764 0.04035286017541542 
0 0.38288076763537904 0.6372896265452548 0.09181226115545123 0.2815087263847119 
8 0.3467262800485911 0.6138222908935326 0.027554418126809636 0.05012335108145471 
7 0.21655696071890052 0.6018907690912877 0.09158288727708844 0.0755222435938719 
8 0.7636683099792104 0.5946970729542214 0.010317788989960093 0.024329100701125223 
8 0.17589945738419654 0.7626603598586363 0.062084346442302006 0.15412617999272268 
0 0.6254747795766327 0.6793743488354582 0.17223259386423018 0.5642093787797261 
8 0.3876119553621119 0.6151128071820727 0.015750933544814886 0.041284891937755475 
8 0.45873864133533 0.6054930115064492 0.0382688494002565 0.04571724381690046 
5 0.10166351199271415 0.6054542734219661 0.11925757890358755 0.10229073197799336 
8 0.40925444755646295 0.6099711875249796 0.037836792865839186 0.04090328041119366 
4 0.03835639146851861 0.6023423786299573 0.07671278293703722 0.11759414504654514 
0 0.03173542945562014 0.612798620875754 0.06281275695594284 0.180137058651711 
8 0.1503019162562291 0.6305958452542864 0.043595593107058066 0.04499402913699214 
8 0.2127939803084879 0.6194634357378879 0.04037483539053358 0.04270140529000716 
8 0.8086674356356545 0.5969413553435624 0.010669709597886623 0.021061000914041363 
8 0.4200239949671192 0.6081859882516825 0.04435821417207997 0.04241419097590248 
8 0.7909824128852948 0.6022798400275752 0.012228144654470157 0.022219915308262318 
3 0.8414171069663268 0.579292412493787 0.060447297865901535 0.07325286156799671 
3 0.7400012784575817 0.5814611999733668 0.052453586534876424 0.051605322966607144 
0 0.192109981805987 0.6100142948241486 0.06675160896272896 0.1899012002715486 
5 0.6843438199158383 0.5769139589480369 0.042377951054635474 0.05165565516439939 
0 0.9178470052832775 0.5759358998877203 0.027416867274097853 0.09155038329531566 
0 0.12948163203480703 0.6041865335624378 0.069612411898859 0.20600580762198756 
0 0.2804664082018497 0.5983297271953474 0.030753778073191712 0.07600005526877901 
8 0.5618882686727076 0.6068118254498219 0.009465135696383981 0.01878555763862462 
3 0.7639938727958676 0.5718783494185359 0.046236497004719726 0.05975338202779767 
8 0.25063757549941407 0.6188512751381059 0.054061696835614584 0.04625707882236131 
0 0.35042452412323805 0.6393340517750287 0.1102419959571959 0.31182450248767046 
0 0.01766658704078426 0.6593466822583496 0.03533317408156852 0.32208745479830003 
8 0.7551860979158493 0.5974380671024271 0.010111881240819827 0.023070140405186394 
8 0.18202846882031223 0.6217160606712377 0.042735732786132775 0.04530423570095713 
8 0.32771124462692497 0.6126713386429764 0.0350083582744967 0.052356501994659334 
8 0.11084002661358847 0.7118760439045352 0.04770355845643792 0.10197417938436969 
8 0.7918713370385502 0.5973171063129433 0.012677063458488505 0.03209009615627919 
8 0.5444714726882559 0.5947825095393273 0.03235851203529151 0.034085662213262445 
3 0.6899889991094865 0.5858109309109671 0.06413267000143322 0.0576900844896271 
8 0.5210277631175078 0.6062315269439099 0.01032725397824045 0.023452315081927206 
8 0.08046691812325779 0.7303840507164822 0.16093383624651558 0.21456629458469112 
8 0.0873935368861446 0.8034039950996968 0.1747870737722892 0.33323997679169853 
8 0.8016747319324758 0.5966096872793509 0.011488820726581394 0.031654387955913355 
8 0.36208568836724137 0.6118229818566273 0.025974228105623637 0.0427253004728243 
8 0.7760827965341318 0.5949784446585061 0.010859799041167122 0.022572480769894255 
8 0.8159499426904882 0.5943278270574709 0.0096898178900463 0.024828940811075628 
