3 0.3428306050523227 0.5803539458562451 0.09021933606245977 0.12764386781378656 
3 0.16335916094237743 0.6014552347960676 0.07831154726138871 0.10488805072431319 
3 0.39247817498557686 0.6081184169241596 0.1741194747489527 0.2742032171615595 
5 0.7240243960690367 0.5237679811668128 0.1433203745258409 0.15702641889052094 
3 0.25935511283114776 0.5985161868357323 0.06999575335841549 0.10534068814692187 
3 0.5308209620474862 0.6123377141107487 0.18940690422045328 0.19905379884111798 
5 0.18688668376151285 0.5923772286127597 0.28083355373205265 0.17135488866255982 
3 0.8798558013600992 0.6917916504496655 0.2402883972798017 0.3394502920915177 
3 0.7864711047872112 0.754227218695066 0.4270577904255777 0.4915455626098678 
3 0.22655707434906502 0.6557710549140597 0.1420671818410463 0.2466887555852136 
3 0.9503075604169174 0.5693269452150855 0.09938487916616495 0.13285957474585933 
3 0.06786420877788955 0.6133586398526947 0.10351752561001965 0.113602631598292 
3 0.5577663626833577 0.7604196395396252 0.4218457399354377 0.47916072092074957 
