3 0.10206672894387292 0.5947199720095584 0.15984286611100815 0.1316714344815331 
3 0.5070858678070367 0.6183709900773234 0.31797050724077025 0.2254457138377807 
3 0.7624969996835609 0.5376942113610037 0.22806565565370576 0.15646040891101595 
3 0.5912568544455818 0.5165109665299364 0.083981497503664 0.04891911437964609 
3 0.4612390389978603 0.5276748371343247 0.13599908657345183 0.10749365995137111 
3 0.6040149500688797 0.5802971762892412 0.2855406412457495 0.20697112502186044 
3 0.6712165811282919 0.5736804886862498 0.2501864517581865 0.15290753923184267 
5 0.28502566520419126 0.5418259325474809 0.44776090178922895 0.6492706589590996 
3 0.6883855487212087 0.5071065725164583 0.09576842677005487 0.05493568463736993 
3 0.7125169724361196 0.5635470035776325 0.2377606030245078 0.13225737420473996 
3 0.03825317597302494 0.6067320798820919 0.07650635194604988 0.1485541954274885 
