0 0.09479872140579318 0.521151486850378 0.029916166384706858 0.10036160100988298 
0 0.3453349279799979 0.5378190217499412 0.027093257867154392 0.0961585055814681 
0 0.5054729954959537 0.5378520159810919 0.025376677252921098 0.09788187723366618 
0 0.009949981931217723 0.5673819622151159 0.019899963862435446 0.14358862777694406 
0 0.382882071790354 0.4976076083408158 0.01538365667342525 0.07333904430255296 
0 0.5598280885460435 0.5587438003459795 0.028077514722968787 0.10439518119253793 
4 0.9599193731728165 0.46514935403674984 0.08016125365436694 0.24095021273652883 
0 0.30097495526825924 0.49112050507239335 0.025575098182216073 0.08321542197841982 
3 0.9541946935480786 0.5487908902062472 0.08531545114424731 0.09980620866689485 
0 0.017619071447374353 0.5630087448093585 0.035238142894748706 0.1346100849887617 
0 0.3257708861727353 0.5112797651006229 0.02838296424603094 0.10950267298641943 
0 0.4615206945535583 0.5225799509407816 0.02112835150134437 0.0916412452240877 
0 0.2642119433875797 0.5245570346803692 0.028676450555265624 0.11048855941907018 
3 0.6420923996915997 0.5805455090112787 0.08245463119609163 0.13210739001573246 
0 0.2630487014129732 0.5279518537219746 0.03558857253850921 0.11781440310443637 
0 0.4837868799389829 0.5182043262957453 0.029911878745389944 0.10262923684520583 
0 0.4376843090508764 0.5141835178562093 0.021504083409021178 0.08530432878124619 
0 0.07334098601090537 0.57441061008543 0.0500309230777743 0.14817616372872483 
0 0.2815775413799853 0.49745815042693464 0.026745364712205844 0.08671274472196501 
0 0.0782544697060123 0.5150359657901666 0.03102593493941267 0.10386376022775323 
0 0.4749704053701322 0.4941739452549481 0.01796160139219218 0.06163250597493705 
0 0.45325933629614557 0.5132438344873582 0.021087961146845517 0.09141327769376315 
0 0.5038004483497218 0.5329975399121898 0.0168720087849389 0.08513465307441562 
0 0.5251087285920967 0.5157851095855268 0.016948202860610096 0.07791570677467828 
0 0.20659254451694323 0.5500809477058611 0.051927213437956435 0.14877198844235315 
0 0.5710110557380252 0.554974696724331 0.027252524222713036 0.10151400699118963 
0 0.4185338238317719 0.49442095661161095 0.026139298065648048 0.07059185924447453 
