1 0.6773697480624224 0.5360096620902659 0.09317003598186908 0.09364484080585164 
3 0.02207867795193033 0.6507804370874398 0.04415735590386066 0.11551826455600109 
4 0.07740942436384987 0.5695183839230077 0.1019186346431989 0.1820626039624298 
0 0.1814818778431296 0.6054982293117289 0.03695907648998436 0.13507650143340053 
0 0.43957706093331733 0.537179607421418 0.021330252222499697 0.06827183740987317 
0 0.4066136351064475 0.5416300441366073 0.023052306078159363 0.06252991807902618 
0 0.49279945063968655 0.5310945136095664 0.029444431026061507 0.09468273564590321 
0 0.5562220854607012 0.5322738489049383 0.0370343258765395 0.16139566669756744 
1 0.7078590294174402 0.5391482792386882 0.10905944067351954 0.12274814117768743 
3 0.10347451730560843 0.6188592835871483 0.09276457116875353 0.09103585843600336 
