3 0.8150659874485199 0.5575886067943632 0.1343561399108475 0.1010868294742826 
3 0.3784119033819662 0.7492392472709757 0.3870152251766764 0.5015215054580486 
3 0.7026693084670808 0.5757941332539056 0.11159389554497395 0.08060105816568403 
3 0.28465428196366055 0.6383957769245162 0.14125223430154635 0.2333665109619645 
5 0.9969953183162502 0.5136662811764356 0.006009363367499674 0.11077974544813338 
3 0.7587261294646949 0.5690394365632331 0.11309703833731191 0.08240600294161197 
3 0.9283166567729123 0.6745950574794857 0.14336668645417533 0.2865945958111182 
3 0.31166221320398474 0.5790095220874314 0.06714080318460112 0.10750311049844981 
3 0.09467467261621738 0.6546104857165433 0.18934934523243477 0.23672967210461296 
3 0.42903210426081145 0.6273547741942135 0.181048949325927 0.19260679424862506 
3 0.46055191599086825 0.5836029863996816 0.0793472654942699 0.10180325883712726 
3 0.11782539369124786 0.6119162719431102 0.09571481174776761 0.1270122789755935 
3 0.9557625251622088 0.5793523737856227 0.08847494967558234 0.13709642600614813 
3 0.6478712805890686 0.5783446874449735 0.10971270011349248 0.0846513731715842 
