3 0.7435473454620986 0.6913954359011726 0.5129053090758029 0.4997924719181081 
0 0.7653244856669937 0.6098169841014169 0.033608421947598825 0.11923905193556505 
0 0.9649694781109748 0.5527469372738508 0.025755603568879765 0.08834454247766473 
0 0.4966345354675856 0.5279130652134166 0.03389102249209408 0.11029606872204227 
0 0.9762150207700395 0.5239250171780284 0.026913347809821603 0.07877381697393364 
0 0.9201053189764299 0.5738405418618449 0.028317589677997433 0.10701082980280369 
0 0.0560592826361553 0.6351549643277606 0.06997861526020949 0.18725367030092696 
0 0.7018857778918752 0.5144320433298244 0.038561000125906734 0.0924116881540739 
3 0.05298236589179716 0.7347569055843192 0.10596473178359432 0.30202169780393107 
3 0.5564958163226745 0.5828298856085457 0.18264941728067982 0.11477228551130825 
0 0.9961457426851067 0.5555651838285796 0.007708514629786691 0.09269260949454727 
0 0.9935061948740662 0.5173133325890477 0.012987610251867494 0.07986678501016538 
3 0.5121114680396062 0.7000832706035607 0.41273604914514606 0.2818354784696885 
3 0.43872798478006436 0.5963914479675984 0.43777697734675786 0.4148066091332822 
0 0.7939603564347368 0.5913637929983874 0.03387129243878107 0.11239645558427519 
0 0.7779187422564614 0.5248927053245697 0.02506651534746169 0.07707895199712747 
0 0.9880063825069968 0.5469113836273158 0.0239872349860066 0.11743540329091812 
