3 0.40729074103545243 0.5924746329360824 0.3052213527387339 0.17859185330521085 
3 0.4741471229436012 0.536669723400118 0.17647157456114562 0.12255146088136883 
3 0.1796003831700996 0.5256382365442789 0.09828422010396931 0.05128006774270609 
3 0.345534935283244 0.5037696288258139 0.07255794911480763 0.04165517509577348 
3 0.48784400899482794 0.529950311563525 0.12737007651033302 0.0754302645705293 
3 0.10619915780835035 0.5366491688750684 0.18126620981956787 0.11456751257000317 
3 0.4310013897195654 0.5654651158999225 0.2491188945016761 0.16402553189489052 
3 0.4540408529582806 0.5607825533663103 0.20649969594135142 0.12052746927555777 
5 0.3430982215086392 0.5249864896889093 0.5261183822300466 0.5039815479014385 
3 0.05925510953046798 0.5829207536364216 0.11851021906093596 0.11457064082499124 
3 0.08146444709127501 0.5741169782157226 0.16292889418255002 0.10305526210424401 
3 0.299447863067109 0.5169035898736987 0.09236359650969664 0.052508068694558194 
3 0.4579697611500518 0.553881716564278 0.19290880710287162 0.10470105396811195 
3 0.16381835494185054 0.5388261329192192 0.14916911714958173 0.09189753032285182 
4 0.920679881168559 0.5110698196659776 0.158640237662882 0.3470808620677697 
