3 0.42551882426195625 0.7188526190716304 0.7099849570131731 0.562294761856739 
0 0.9889438299949507 0.5440330001921277 0.022112340010098847 0.08583730194409012 
0 0.6559749238815628 0.6260056774428356 0.03286937087838695 0.12745674238733848 
0 0.8927659756726786 0.5598574363186983 0.025282062312438285 0.093073691192215 
0 0.3982577982800221 0.5271883755098502 0.03397336982929638 0.1152294172170815 
0 0.9151951509111053 0.5055834006166915 0.026556404659162213 0.07993761484749073 
0 0.8331740918631931 0.5762427101694927 0.028724707778564635 0.10935026365224663 
0 0.9775668281335533 0.5279781185359655 0.02993853794751132 0.09007144166086264 
0 0.6242792529377217 0.5166659113935357 0.0387520282552115 0.09458364660692697 
3 0.43815749103264273 0.586064945805343 0.1927756624387017 0.12095138904376054 
0 0.941973067734533 0.5594251642481104 0.027898486584025477 0.09671168168921737 
0 0.9562501441404176 0.5600085651193306 0.029899235831517785 0.10021476313838434 
0 0.9332608818656561 0.5270749327747705 0.02718045697517809 0.08104792589354443 
0 0.7810005634516248 0.5555397572987693 0.0233834481339386 0.08156085711520443 
3 0.24637977808266712 0.7304223567677791 0.49275955616533423 0.32548387021723146 
3 0.2372172662372627 0.6076529246416456 0.4744345324745254 0.45592876983998737 
0 0.686416959988301 0.5985806737882073 0.03308394783002726 0.11988661119416065 
0 0.7084194412617059 0.5228796324959143 0.02497760972128617 0.07923383446641083 
1 0.7646110309728334 0.5971959525143179 0.06775348666588585 0.07417393057578876 
0 0.9289534661626465 0.5595134492037382 0.04645497102251724 0.12231524619756202 
