8 0.6039963006427992 0.7185095521650589 0.1685840542903106 0.20596046687307168 
8 0.0688899692508048 0.7718921197410561 0.1377799385016096 0.2649623719399397 
8 0.9759223252293747 0.7095170989826617 0.048155349541250704 0.12341414166941364 
8 0.46554451220506066 0.7473706089077432 0.23321046326817146 0.25092634067391817 
0 0.8772758562194405 0.5471973821108586 0.0184836867554597 0.05697612226398456 
8 0.24548275266014252 0.7448101909289105 0.22877822442987367 0.22462873677283307 
8 0.8394787137440466 0.7063742358835167 0.20270102539882587 0.20491706481048141 
8 0.21825922770130288 0.7744649612439146 0.26696684538289367 0.2789799381099297 
0 0.839507963383161 0.5526573985933575 0.019530820954139473 0.06206806233624636 
8 0.7504611358219911 0.695310310258991 0.18534162451021843 0.17447281061372627 
8 0.05257801728878238 0.7879840774751751 0.10515603457756476 0.2808682657815445 
8 0.44579470826487266 0.7314518567792396 0.17417411735636548 0.20712459714795034 
8 0.6689922878021898 0.7242894009902875 0.21456182680288513 0.2293146676944615 
