3 0.22025545427617815 0.5785206051943687 0.09566090580598406 0.0995000913665116 
3 0.8063284593274348 0.7327050234843101 0.3873430813451305 0.5171421202885362 
3 0.9949885641938144 0.5951394992526269 0.010022871612371347 0.22617741796854507 
3 0.48927051323757653 0.585377718710546 0.12509566900061195 0.18496697167651732 
3 0.03764241209914121 0.6010103448221579 0.07528482419828242 0.09642050017406568 
3 0.8943186263628509 0.5660092830920774 0.2113627472742982 0.20002387091563434 
3 0.4740796254726579 0.5584487518100487 0.11357002342489736 0.1125490810270652 
3 0.75166491584092 0.5138644238986994 0.09134278457009672 0.10012717154992894 
3 0.7568430519069356 0.5699365410592698 0.16590044111194047 0.18816409605220882 
3 0.9377052971967811 0.5594359584495588 0.12458940560643768 0.16166056860971353 
3 0.8927775867407235 0.5145177974981034 0.11326904008146471 0.10056744964171306 
3 0.5956313436069581 0.5541963182234457 0.06885777382543246 0.1079908480926123 
