0 0.010164685172612186 0.681095971796376 0.020329370345224373 0.18527196266343948 
1 0.7055790989491783 0.5283862704297065 0.09125402724484474 0.09197635423129125 
3 0.033833029063126116 0.6455411612180935 0.06766605812625223 0.1253530938717275 
0 0.03599814120565572 0.7306165555226072 0.07199628241131144 0.3212511177442497 
4 0.08359062675447755 0.5565591070113717 0.11628361549881853 0.19206618181363436 
0 0.2152534907181556 0.5929460859745281 0.03415739257445207 0.12949247917113957 
0 0.4574809817073107 0.5308722440206766 0.021523539757279195 0.06874147768711938 
0 0.42227723955603114 0.5324526199326316 0.02331573515897752 0.06303510563168674 
0 0.5030693379304754 0.5227196192037669 0.028430319369328244 0.09159868770051553 
0 0.5854407204706816 0.5248710639658197 0.03659918302903961 0.15903996132604908 
1 0.7359594202462413 0.5285374434651722 0.10589280797435223 0.11996870178680442 
3 0.12212754081690526 0.6096779822998575 0.08631903744148833 0.0896520825848901 
