3 0.0413603984025092 0.7080291824560772 0.0827207968050184 0.35490412193207266 
3 0.33192573681563725 0.672724619475682 0.31481476605840475 0.2290576531846064 
0 0.9728453850042086 0.5558990636206532 0.034219550953503416 0.10380412715818572 
0 0.6943286362336533 0.5092864149925378 0.033972329151584976 0.10057516564286882 
0 0.39372885638559096 0.6005195347625939 0.05452412625326396 0.16149111576792052 
0 0.8635468464825173 0.4914451402436089 0.03800759730476898 0.08760082037586168 
3 0.5401219944452917 0.6841168786523253 0.38917818678831273 0.2786654392083342 
3 0.7908936695214519 0.5547997779299454 0.16414790028113074 0.10387161780535589 
3 0.8900280226317915 0.633875338196151 0.21994395473641717 0.21399487164728304 
3 0.8139438174873204 0.5572408921016404 0.36586007310543367 0.33287215543480153 
0 0.9902131856971749 0.5541765060272902 0.019573628605650414 0.096982343893857 
0 0.918362831838015 0.5069174774133891 0.025013241668792575 0.07228060138010221 
