0 0.7387474416463412 0.6493077055169232 0.07512284179492411 0.2864613676826126 
0 0.7525229037788119 0.6042346903840271 0.04539291315274099 0.16253414555190482 
3 0.42175047307396824 0.5774913795893144 0.07306193577701386 0.10187936804488042 
0 0.6435988413715191 0.5899717734815777 0.041677357214249894 0.1632068806417303 
0 0.8043044362162468 0.6358264560533858 0.056776650753902945 0.24019964941209068 
4 0.3680894990716925 0.49869267619547497 0.09246388347579305 0.21777339191913098 
3 0.3296353505497231 0.5771562942047125 0.09279146043021584 0.09717464077003594 
0 0.5872849545475157 0.5633548678767591 0.02410897766968603 0.09638761793897137 
0 0.7215832044875095 0.5267902518329092 0.023526056772942356 0.06435337228728612 
0 0.999341341439054 0.548517534863405 0.0013173171218920743 0.14065478549621135 
0 0.4973387931969154 0.5857908207490595 0.039177966599567925 0.17090378104626364 
3 0.4538790700876937 0.5572037764878919 0.04835570932593413 0.07215160683888226 
