5 0.06422621412513285 0.5525021197216802 0.1284524282502657 0.40453553182374585 
3 0.9880673346581926 0.5765425760664916 0.02386533068361459 0.18056620391924455 
8 0.9478740793546134 0.9841570514899445 0.10425184129077295 0.03168589702011104 
5 0.9585325322827075 0.5778147598525775 0.08293493543458495 0.08777319294231897 
4 0.8278074634395685 0.5779162330735144 0.16064908776598272 0.09437351600315455 
8 0.9857330996194682 0.6504408899137383 0.02853380076106376 0.08025994796024975 
8 0.022411439831614737 0.7770849355431881 0.044822879663229474 0.1406291270387607 
0 0.9626791885416551 0.5827503970314285 0.038153854213670825 0.09186641524273764 
5 0.5574513583577088 0.529311229370014 0.5112500413713341 0.3971817277408763 
3 0.9012875936487541 0.5930095498280056 0.1896819650014983 0.13094728358897428 
3 0.7418267396646615 0.6343491306257851 0.2955387495567062 0.18126874423094264 
8 0.7654086126503136 0.6788845583644555 0.04268921203635642 0.09248897646000905 
8 0.9837815109692355 0.736582680538903 0.03243697806152895 0.08124930937880247 
8 0.4802410804979153 0.7135885698435678 0.04558967671249107 0.10402975652682218 
