0 0.49058256857934524 0.623027817202144 0.02879275036597086 0.10353195914212619 
3 0.011198650239467313 0.6337279999056474 0.022397300478934627 0.06213004076080703 
0 0.9848102892429946 0.5910413060557382 0.03037942151401083 0.07631686093685548 
0 0.41525807053657054 0.6250618861829258 0.026079354322776853 0.11462515613054595 
0 0.2045922524894514 0.6243637403177174 0.030807265520904254 0.08392851811960579 
8 0.707346258269551 0.6769669379904889 0.14181513159365663 0.12019758467236304 
8 0.5808447752338077 0.6786082870338774 0.14326045046061991 0.11877355998649654 
0 0.48519858723935244 0.6282425523260862 0.027421400876618877 0.11345340123934256 
0 0.29232216990866544 0.6344947423532412 0.03454281364600689 0.10320063256768308 
8 0.30331040901762635 0.6847138255770203 0.1463190341484623 0.12637343534291656 
8 0.4447827364024085 0.684793387062361 0.13203551943809955 0.11783880117281935 
0 0.4341970496112613 0.6284148179418841 0.029400858309819995 0.10162328289734572 
0 0.095096396912153 0.6525366583221319 0.03507578749193274 0.10476945394874267 
8 0.10030437370424249 0.7001419119597551 0.20060874740848497 0.16797770391845449 
8 0.043580656966222445 0.6857179027488579 0.08716131393244489 0.1305181127909983 
0 0.30199872856832694 0.6325338755997227 0.03424902422736565 0.10442942601974753 
0 0.43935950118601 0.6295962105666971 0.027793153392415917 0.10331969580158734 
8 0.2063210005183332 0.7186929142752296 0.04249386673221217 0.11137861692644378 
8 0.15468336869103744 0.6962627214297207 0.16761786605755624 0.14680744111824626 
0 0.2564565514676112 0.6160622799257107 0.0189045666682987 0.05099734601532128 
8 0.016804819456645533 0.703826587663753 0.033609638913291065 0.1734461345725117 
