3 0.5128060355842223 0.5738600520169026 0.11004688203611003 0.1162879059044967 
3 0.36572965570611915 0.5881887852055789 0.08395560162903558 0.09404141468732273 
3 0.7000543205974721 0.5827501908243476 0.23395014720907598 0.22684078066990626 
5 0.8403027596258107 0.5217631152222456 0.15076351803961316 0.14459177833646536 
3 0.44094591900003144 0.5852704288289844 0.08982616517491693 0.09537229041134279 
3 0.7949882307859832 0.6027916106177896 0.23124725223996337 0.16926758164154565 
5 0.6877599342699704 0.5564732321937734 0.22777647250956767 0.13859146993936475 
3 0.9830246731455122 0.6365955272244648 0.033950653708975695 0.22219697439228475 
3 0.03495345987956481 0.603520455179744 0.06990691975912962 0.11943703626917125 
3 0.5557328623406921 0.6194244868056739 0.19929365642627445 0.2035567362757765 
3 0.7153615267774387 0.7613722959608593 0.47851448475785324 0.4772554080782813 
3 0.28840283309127157 0.5961474754601167 0.07644768904615394 0.100092512105746 
3 0.9223923230104996 0.6670101342010542 0.1552153539790011 0.2872357669310625 
