0 0.852618497596616 0.5531050242042002 0.029500138676183098 0.0914447530749455 
0 0.365566790473962 0.6017041599344802 0.03456476386945745 0.15007982474758086 
0 0.6963669233558345 0.5716357612402387 0.02409720903684047 0.10420571940621029 
0 0.8803245848254979 0.5258929763220699 0.02008717999199291 0.06932646439774556 
0 0.15157334967883185 0.515813569882135 0.034502666980183554 0.1290484643066418 
0 0.7786828387842293 0.5259829634880688 0.025343217746323036 0.08130327878862355 
0 0.634537800108409 0.5747634536392429 0.029454486876810508 0.1140185572132638 
0 0.31207928700828386 0.6038154322169228 0.03467168847678984 0.16324227092126156 
0 0.8397411089080816 0.5401014066815774 0.03171440611943268 0.09715490000246152 
0 0.43866902797877266 0.5039575814800397 0.038674700419634715 0.10026492819421934 
0 0.9896455468917907 0.536365855595063 0.020708906216418656 0.08700542542793452 
3 0.13290559408320612 0.5645965559960575 0.23384709304684542 0.13507046603729692 
0 0.8624590727685498 0.5453582270357048 0.02265922233761998 0.09286553892899253 
0 0.7816635408834808 0.5711835465114862 0.027810611133552925 0.10328786495965118 
0 0.9540523490031448 0.5336807498025513 0.023852366462646445 0.0809998939115406 
0 0.7409805190706655 0.5778913032257014 0.028843977731459775 0.10978915369333164 
0 0.7891711696588809 0.5238427933147048 0.025896058347158118 0.08371024738893898 
0 0.626476103947529 0.5456747832204359 0.022961902091038554 0.0868813239519827 
0 0.8228613714364972 0.6401705442744086 0.09340291787526767 0.2300402651868335 
0 0.39899699175465564 0.6002843379176113 0.036765086537360075 0.13747968740442704 
0 0.9828476477940052 0.5351865699336081 0.024613680866876847 0.08829161469480412 
0 0.5439803826662309 0.503932915087781 0.02423170329790885 0.08445592045448697 
1 0.5278924562147619 0.5943094182677512 0.07518412306374415 0.07974318725291861 
0 0.7555153671294275 0.5743388579485083 0.04549501010589168 0.13011320132212006 
0 0.9311365849840141 0.5486609554479462 0.028353481197721634 0.06971970383247342 
