3 0.42239567139230394 0.6081099284529313 0.2984780039405755 0.1734280298921559 
3 0.4412063084442819 0.5567224815746461 0.17416512407884172 0.11980463811392478 
3 0.09754208388676527 0.5451065651243504 0.10705535522505287 0.05326321479026452 
3 0.27220064719095527 0.5208867857898147 0.07490941059645795 0.04190364630211516 
3 0.44299492125327633 0.5499313012691455 0.1260397856524253 0.07381466399222088 
3 0.07062124705996824 0.5646632211773662 0.14124249411993647 0.11884344589561813 
3 0.42640741326543363 0.5838528283259263 0.24327778447690926 0.159979791502067 
3 0.4373954907966205 0.5791921996379941 0.20178021427160672 0.11802002599009598 
5 0.41736317002068846 0.5458890494541114 0.5111321330897701 0.4708170448443777 
3 0.03869980700773475 0.6013548422357483 0.0773996140154695 0.11927599391809098 
3 0.05905981004229636 0.5947039397978473 0.11811962008459272 0.1076401378761709 
3 0.2305491147549242 0.5364817585306639 0.09597085938717292 0.05326567504992732 
3 0.4324241062052498 0.5726433289627781 0.1900804885275298 0.10270112324117772 
3 0.10475709803076187 0.5584085923198084 0.15904799379491094 0.09513145862614086 
4 0.9194770409567078 0.533329531550318 0.16104591808658456 0.33776659734162384 
