3 0.5326897825720943 0.5528590493906345 0.2288349762623787 0.16120450822798532 
8 0.1747518970525529 0.7775067999711425 0.0602962449055927 0.16578600703610089 
3 0.35026691889575573 0.5607535386103278 0.1421293165480959 0.08459685683502982 
8 0.2911307409491777 0.7097020531403447 0.047839598838363175 0.12726936200938982 
8 0.314691495540591 0.6996331861921627 0.0420705468807542 0.11934046657055344 
3 0.2790015412327136 0.5440672691925376 0.13085762693748265 0.08376294281077966 
3 0.4654746209442244 0.5733155971953361 0.17187420464126446 0.10576909835254425 
8 0.3326906782917007 0.679666758141022 0.03808840128628891 0.10611258854046254 
3 0.3906114710023533 0.5535191669482474 0.16642131198263307 0.11474095082244844 
8 0.32276809068520734 0.6888724659862987 0.03981835533174781 0.11212020515861999 
