3 0.4903140290826643 0.6237549242957703 0.08005137545875492 0.09514248766737043 
8 0.8200556609165983 0.681693366626952 0.054502582783526494 0.11365629927807808 
3 0.662639952614193 0.656887624964199 0.07343582356702803 0.12931846032697789 
0 0.353080546141168 0.7090435075783903 0.053057286201443364 0.17618750917972104 
3 0.6587704688137287 0.6449708141553764 0.061248566744525876 0.10229113651685869 
0 0.24983828810995173 0.6781326676452287 0.07255642075229446 0.18762570669548356 
3 0.33953705617649216 0.6717455308380326 0.16812788565485864 0.18009162820723407 
0 0.32040304070430103 0.6768716821851057 0.058225568293147595 0.20610261859900966 
0 0.3905815131597541 0.6850145735175794 0.054572755924083866 0.2117904292219704 
3 0.5223388002253466 0.6157440668865072 0.05639544571308555 0.0701870200234699 
3 0.45923340107931404 0.6456828631281935 0.09506630859129174 0.13224209633322667 
3 0.7458550445489217 0.8020897099400999 0.5082899109021566 0.3958205801198004 
