0 0.24397493953261454 0.5871748142244255 0.053861750045541223 0.18534429379610806 
0 0.4259029308041153 0.5695196499114227 0.02072050675818396 0.13123070544670454 
0 0.5392512766843993 0.5931789489296267 0.018318291579304074 0.09041355586927953 
0 0.522648565331176 0.5814616805898137 0.02413048998743456 0.11527507692935685 
0 0.7660461261888921 0.5718370903076792 0.0272080480157247 0.12077085390964157 
0 0.5476137174570725 0.5819045727924627 0.028396826721774106 0.12748332476338464 
0 0.035594163856453885 0.599094380437705 0.07118832771290777 0.2664329967912508 
3 0.0897550906124081 0.7642167803660714 0.1795101812248162 0.47156643926785724 
0 0.7002125236677921 0.5625288297393888 0.025572100202354734 0.08825658551749263 
0 0.19632269006334468 0.570926327600652 0.030122069300806766 0.11646855278581426 
0 0.23241856827000124 0.5655107274724841 0.031724840246472825 0.11355335693834281 
0 0.17053604292010288 0.6031525741400603 0.04998263882239377 0.1197195659101373 
0 0.17426596825793766 0.5714513926580621 0.023261010411202 0.089068001811395 
0 0.26974517523768166 0.5687627828500349 0.056075000806517256 0.19078559631506178 
