7 0.9926368211548098 0.668290717306256 0.014726357690380354 0.5372490530955369 
3 0.9097644201050903 0.5492868141350264 0.12052920301258908 0.09751061493475188 
8 0.5148161715685433 0.7173532020051243 0.034257193478135835 0.12319541077024307 
0 0.9382345351730947 0.5569919794516283 0.05912999055816769 0.24542412988605117 
8 0.8232243822065561 0.8821315752575484 0.08551147104779971 0.2357368494849033 
8 0.04225822382534673 0.667324621310814 0.0455482000572513 0.09944661262385454 
8 0.008875795433409703 0.6830423073519367 0.017751590866819406 0.10367638517940336 
8 0.11994475973701807 0.642973113118705 0.03740001682428341 0.0886862204283212 
3 0.9739477927999466 0.5483252695038837 0.05210441440010698 0.11539740411129686 
7 0.6316861012716293 0.5875874999017251 0.2803663050372762 0.46446333494882336 
8 0.08677793603082525 0.6549962073387853 0.0414285178454409 0.0932233194384561 
8 0.805572915820126 0.8523523136497039 0.06108624279924342 0.21838141742212341 
8 0.46893738631238646 0.7388128992882443 0.051139788477220234 0.13814192548653764 
0 0.9403679643356082 0.5755488551439435 0.07552923614221115 0.2631155580936018 
