0 0.520891849946401 0.6025142764524924 0.05320247843194935 0.21144011854324113 
0 0.6108719448027423 0.5898565220560829 0.02646501994859861 0.14251984248223284 
0 0.7172746042318506 0.6067233054535794 0.020081170498135067 0.09758347075273333 
0 0.4461718079728856 0.6107718763937745 0.039196866061888685 0.0764914774488659 
0 0.7029573719272701 0.5997109577723961 0.02674346776608019 0.124397834992605 
0 0.9792371771728352 0.5865505739267919 0.03565579666050581 0.13022753516091123 
0 0.7344498083798763 0.5944444150808026 0.03068664921726054 0.13769354252488938 
0 0.32631402562374284 0.6266237293550283 0.08041604422752346 0.3136725295665539 
0 0.8339078227987545 0.5744945028333556 0.025511088744229086 0.0931896657756378 
0 0.3321131649169197 0.576763183579443 0.02936728337670381 0.12380155278800102 
0 0.3669600991642818 0.5901427053709289 0.03047859820331631 0.12062635172852254 
0 0.3446793009334935 0.6268398298348191 0.04775602682202809 0.13022402050240223 
0 0.3140463516203032 0.591609138327959 0.0228673879312775 0.09566500660728731 
0 0.531550389366019 0.5923477855063496 0.05482473579911705 0.21526703054879906 
