7 0.6149748455199234 0.6533433017378025 0.7700503089601531 0.6933133965243948 
3 0.7713317634097628 0.5493184512804006 0.12248276827989855 0.092859078491964 
8 0.19121467770020545 0.692507837289615 0.04079784286359548 0.10488592226315063 
0 0.6366447032432815 0.5534946658297419 0.05397161713465131 0.21625026362768923 
8 0.22983130899740215 0.7984454972574617 0.06076112036236616 0.18195376113788547 
3 0.8575338258186289 0.5492888146625978 0.14058903538645595 0.11141735490447982 
7 0.33333373608119793 0.5868458623027222 0.4037910239836367 0.38376268696900007 
8 0.2631256367943653 0.7839608499597934 0.06397994522434541 0.16580559764233335 
8 0.13181069341313428 0.7033819854799487 0.04118807168376105 0.11488439174663856 
0 0.5981921572698147 0.5643355431376808 0.0488619642107831 0.23009453946994887 
3 0.949747283586907 0.5612411802483208 0.10050543282618592 0.09044840032521576 
