0 0.887012622540326 0.6503922284265641 0.0639338440668051 0.2471910860713936 
0 0.8449573867381353 0.6139347843346832 0.03619056758946598 0.1570432703614528 
0 0.9358083294908102 0.6328733654040196 0.02394658227536951 0.10711864955890532 
0 0.594508072071413 0.64523228717023 0.04168279674065119 0.08205436691308755 
0 0.9205549330478175 0.6195405655481534 0.03228143021438939 0.13579135127487785 
0 0.9627740775630773 0.6171735776936957 0.04374152495084033 0.15191902605511845 
0 0.7609970636752482 0.6761980654409584 0.0788069856142532 0.37765955900533804 
0 0.9830290659174132 0.583072385137346 0.03394186816517362 0.09974259423340433 
0 0.4905896654821122 0.6205235864910156 0.029926781959240784 0.13280101658558124 
0 0.524537481179092 0.6278382766515442 0.03018854965142161 0.1288074075017591 
0 0.5552061561637964 0.6623341791614727 0.04605262370384189 0.14304471433152344 
0 0.4723265150426345 0.637243214922135 0.023266260675738976 0.10276673830651627 
0 0.8743446416821026 0.6191107007941179 0.06619211270645024 0.2481769247694145 
