0 0.03806355018014024 0.6033392543213023 0.05368480399996571 0.16492030480998973 
0 0.27801287119904394 0.5861119320387103 0.017319236600680875 0.12145822753271028 
0 0.39531772165045576 0.6074653962976099 0.016835433723367856 0.08467565770739713 
0 0.37614314793252396 0.5933275603400961 0.022273479968625907 0.1074582916325725 
0 0.5928494058321029 0.5863737105259417 0.0267892908216178 0.11445578164875693 
0 0.29970841403417675 0.597677360870837 0.02061454856492958 0.09606242299743208 
0 0.397467190956167 0.5934857301975545 0.02795152960127531 0.11884095256040755 
0 0.5891104236629755 0.5784982703900574 0.02606781099891812 0.0841262256753488 
0 0.081548314371936 0.6006098195901288 0.030500506705759652 0.10950132605639674 
0 0.03631467706836129 0.6158562149075811 0.050569233038181664 0.1104103237740908 
0 0.07393872178529186 0.5859012877793097 0.056729306039140184 0.17136007044943274 
