3 0.5595636546321684 0.628533692384092 0.07171877639051814 0.0979841878410889 
8 0.9699414354765056 0.6874190078938412 0.06011712904698897 0.12038538591867942 
3 0.7736189589709469 0.6616571347692688 0.08894816332796111 0.13590908876196534 
0 0.4787009375929327 0.7207502763628533 0.05131098655426769 0.18754340725810406 
3 0.7432277182525147 0.649280391149665 0.07611827593068128 0.1064791473681881 
3 0.7241109946796315 0.6284092342599226 0.07245246118896702 0.08328167609437463 
0 0.4362728852047539 0.692982989485066 0.06839083248684076 0.20366961188893165 
3 0.46375189771063346 0.6842000873730176 0.14425638417575734 0.1942056346544862 
0 0.5283971521186641 0.6927981205503793 0.05416256930900623 0.22505918022540425 
0 0.5239487633876373 0.6968848931000035 0.05616859056822946 0.22801690791166948 
3 0.5787749036848163 0.6197192608531963 0.05165664932753792 0.07173583284160007 
3 0.5582273844028695 0.6513501772858808 0.08116822605647052 0.13886151768554933 
3 0.9178115942822676 0.8078180112409266 0.16437681143546484 0.384363977518147 
