0 0.26245253175116423 0.5544107971722514 0.03102170904763714 0.17357064972612535 
3 0.8954619449767185 0.5389456281983637 0.2090761100465629 0.1931986685504366 
3 0.4340310258902683 0.5409143843183245 0.12209670259981699 0.08181009695207536 
3 0.5894594089721972 0.5571872315043982 0.15060131525083095 0.09968692572279261 
8 0.18437835894787324 0.9046958402630203 0.08443663660174941 0.19060831947395931 
0 0.04351869107602266 0.5506572957158856 0.04607442666253787 0.16093756067925236 
3 0.47549683755921757 0.5392587084962026 0.13782488490441766 0.09654413387500035 
3 0.7890796014802822 0.5652331819447081 0.17620254211586314 0.1265885244474411 
7 0.02136159132015975 0.5590719889123861 0.0427231826403195 0.16835934553601029 
8 0.667942260648821 0.586219876859172 0.02122841675709367 0.052814066874050616 
3 0.6654091731363707 0.5498487166797453 0.17743655605024175 0.13548714629362615 
3 0.5464114221115933 0.5532297106577846 0.13048133731631814 0.0784108598819719 
