7 0.40262670633236697 0.6517730651636265 0.8052534126647339 0.6964538696727469 
0 0.7644404062064172 0.5800467179210317 0.053022492640051835 0.2178647242804818 
3 0.6590958258429231 0.5507073849890814 0.1229539889610355 0.08839636602896968 
3 0.9137618486745447 0.567931201481748 0.15567516895900824 0.11124651783783299 
0 0.42175693691286 0.5509112557903815 0.04984587133662693 0.19546114082140464 
8 0.23428036492596035 0.928955453516395 0.1257022879225354 0.14208909296721003 
3 0.7302430002615026 0.5519078605361725 0.1411933572945641 0.10555557520882959 
7 0.180218518124418 0.5837904337990583 0.360437036248836 0.33217643377871586 
0 0.35648469204592514 0.5560767811112319 0.03368885003149714 0.20660888710406103 
3 0.9698367443817225 0.5623804364251132 0.060326511236554976 0.15100803724300452 
3 0.8260919603855448 0.5636527968408276 0.1354176549417008 0.08593165162610546 
