3 0.34940018976495196 0.6000363404087943 0.09512147148056699 0.08919568234760011 
8 0.5335238118856759 0.6523288562163887 0.047112599208926936 0.10038888115017294 
3 0.4520878205517048 0.6300785760910284 0.09222662428020768 0.11611780026775781 
3 0.48577497237430606 0.625728360912754 0.06674176603338751 0.09449615805646153 
3 0.10566536506200079 0.6350043552615058 0.20349977638073913 0.15838850249413833 
0 0.8610577322449682 0.6821438358126634 0.03612019583761196 0.24071035066184102 
0 0.17104964732189173 0.6443382246064048 0.051845914970735305 0.17682197796117527 
3 0.8015413270865872 0.7870821278512007 0.3969173458268257 0.364728439834094 
3 0.39997094874809846 0.5968314200442617 0.06573761989730563 0.06726083740578626 
3 0.26455115176409527 0.6178568988970281 0.11851301591968078 0.12059008394380606 
3 0.15854865181404124 0.7824663389045154 0.31656958934572627 0.435067322190969 
