0 0.09122989048357993 0.5459121122380588 0.031313616887178944 0.15729521791443674 
3 0.7068207727524956 0.5474205590960145 0.230472289709501 0.17627056366877886 
8 0.6933503453719968 0.842250489729619 0.07624471465158365 0.21815305700814203 
3 0.3440564648047993 0.5413923755647415 0.12013618516518115 0.0763979027654963 
3 0.46505670382856035 0.5582421915603413 0.14664240788048602 0.09169720583135074 
8 0.726373552209085 0.7416756062369139 0.047992470845599655 0.155920391179937 
8 0.7158533284880403 0.7264422565149342 0.04752495645565063 0.14456746088954447 
3 0.37365602408831655 0.5404059432158311 0.13433984808751728 0.08963205237133896 
3 0.6180703216908271 0.5655486546109296 0.17525766313885208 0.11528169545549809 
8 0.6970649539554115 0.696549188905252 0.041283264908131376 0.1256781494553906 
8 0.5008284131504058 0.5858231761432441 0.018249612239843033 0.049233833787347595 
3 0.5215254027136929 0.5515756214421047 0.17233663506401342 0.12428165504831687 
8 0.226201285606708 0.8807109982071539 0.08060611156875819 0.23857800358569217 
3 0.4368821233337132 0.5575999935915449 0.1271741827267867 0.07280323481537342 
8 0.7053638195242588 0.708453817245593 0.04520047946561917 0.1339884182322957 
