3 0.6913767936132836 0.6399444427633064 0.07110663426792385 0.10473084160624202 
3 0.9548592158796828 0.6732639472363133 0.09028156824063445 0.14608889349496887 
0 0.7189630168009568 0.7443471246022485 0.0473574727676035 0.20949311250788316 
3 0.9000406469045078 0.6605123711995335 0.10714991965676873 0.11428064350384122 
3 0.8535275735628421 0.6365780283410019 0.09636158533887028 0.08833889440662662 
0 0.8722357471945016 0.7282114753091136 0.08283942744275208 0.24436599938001602 
3 0.7283257076113147 0.7080352829081408 0.13458608731286945 0.2213709951897171 
0 0.9832164322405388 0.7265872390875571 0.03356713551892242 0.2668237809659346 
0 0.7511863482389469 0.7295535368361327 0.05745952050372708 0.25198825645231976 
3 0.6804035327633345 0.6263293819142995 0.0475636699772403 0.0742984751459864 
3 0.7549863368209512 0.6639799669647182 0.09617051282058071 0.1523650706351787 
