7 0.152590007532413 0.6687364177875565 0.305180015064826 0.5947176278813341 
0 0.49547801065590025 0.5566451909790185 0.040582415215804066 0.1942858513699435 
3 0.5460155826338859 0.5386732201700034 0.1230893513633081 0.08530808356527479 
3 0.7472430662108169 0.5594165902148053 0.15384611069945933 0.10609673470022099 
0 0.22000672430122692 0.5402230756110705 0.04849530396436169 0.17788026005975988 
3 0.6036869990617517 0.5397036992475727 0.13976220518759483 0.10126541594842485 
3 0.961317179318461 0.5594310321023387 0.07736564136307805 0.13033272823264175 
8 0.08242689866705975 0.9143700304787743 0.11754807285321989 0.1712599390424513 
7 0.09840355758798464 0.5630845914815963 0.19680711517596927 0.23248538042406158 
8 0.8814642126757082 0.5874335956316943 0.024774122234983337 0.057465228659194546 
0 0.14829703445442804 0.5502604334011663 0.04255834954565547 0.18510967650999458 
3 0.8501670531800452 0.554095929585452 0.18155976835628976 0.14588143702835144 
3 0.6842754859280511 0.5498909929432026 0.13340898749333258 0.082221009629208 
