3 0.6262918534781347 0.6364742389753074 0.06608140588407871 0.1013414224792018 
3 0.8784516425604343 0.6695094959720114 0.11340264376287053 0.14231747209902085 
0 0.5990855860533191 0.7350674805015923 0.04918916364271098 0.1987397748599896 
3 0.824347037997832 0.6583794712037078 0.09162323185563338 0.11076271051909214 
3 0.7911573615466699 0.633436541709836 0.08437679110596748 0.08562562229742361 
0 0.6441554779569674 0.7121180445316175 0.06563985429172178 0.22245105770819099 
3 0.5887854051100948 0.7000470341826235 0.11851034585533313 0.20874488138848316 
0 0.7567898833474425 0.7123652589575777 0.054410057725962274 0.24680625733109904 
0 0.6416869575747252 0.7230817684250075 0.06187267955130892 0.24240997940714895 
3 0.6307550582619736 0.625215531047543 0.04705038138784928 0.07305422408558784 
3 0.659705846348951 0.6599617221290379 0.0765813251600772 0.14569366657679841 
