3 0.2791161561975033 0.6004723477759693 0.1014424882823477 0.08543147181394797 
8 0.40109064315607734 0.6464357922612292 0.046369044477171856 0.09390840687337193 
3 0.3525478615964792 0.6262204263831205 0.10101875099583943 0.10965647732961024 
3 0.053083118675404516 0.6327844549940236 0.10616623735080903 0.13918928102389203 
0 0.6018566324458722 0.6542123683900162 0.033757949282351304 0.2155647938630082 
0 0.07630328860489283 0.6393532904098203 0.046018647317424145 0.16118859184133535 
3 0.549748460131802 0.7581892952803271 0.4347770736170608 0.3285352483596671 
3 0.17070731952532187 0.6171469009087602 0.1274905495453668 0.11418855387859399 
3 0.0041159969346459754 0.7258031625159465 0.008231993869291951 0.30638734066936585 
3 0.9752757126128384 0.729000718914825 0.04944857477432322 0.4064334590738306 
