3 0.42696822555006686 0.6129133292028345 0.08724417102953538 0.09269186806275988 
8 0.6880297117532862 0.670644663854016 0.047722389648078546 0.10765453067376674 
3 0.5653351971412951 0.6464960448285271 0.08044849104517027 0.12351623249411584 
0 0.24286115437280778 0.6913658784637446 0.05350012322364403 0.1659211627780548 
3 0.5785874525075247 0.6324497446000047 0.05717630084814246 0.09815530229337027 
0 0.0945637348851405 0.6571239501430389 0.07329697716230175 0.1742284990212646 
3 0.23139234919307888 0.6549905362444123 0.18620253397221245 0.17027570201067443 
0 0.14720547488684532 0.6555942375218702 0.06048456272707114 0.19071457220005716 
0 0.29049130983719457 0.6670353842189919 0.05607976939758718 0.1957529089323441 
3 0.9717031508516657 0.8039037529207363 0.05659369829666872 0.34709004657330295 
3 0.4695600021693372 0.6075495150214437 0.0607415389653314 0.06923855756040477 
3 0.3704762014496224 0.6338266776733973 0.10661478720314178 0.12718466412021132 
3 0.510101619635428 0.7931234603398384 0.5317581258518812 0.4137530793203232 
