0 0.07570829198089293 0.6318639856540119 0.11341193499353752 0.3820181010523814 
0 0.010590589014558295 0.5975951501752302 0.02118117802911659 0.274204328538215 
2 0.6261964829368278 0.670899753062957 0.22104093218658932 0.24036846572723145 
0 0.0869951878238747 0.5835174264572791 0.09867902364802643 0.31382982935729115 
0 0.6680736042195998 0.6874400885702809 0.172530063179749 0.5265192365595825 
0 0.155202631396363 0.5923035226128178 0.09704466753151303 0.3240717928291423 
0 0.22914195969521423 0.5873759933982888 0.09609061089413143 0.36157139791739323 
0 0.0240763524086059 0.6037520059956539 0.0481527048172118 0.3273139923334158 
2 0.6370033420674149 0.7103833096556774 0.20737245710808794 0.2982961628152777 
2 0.6387996081020626 0.715444209232236 0.27687996189036745 0.33292782954016176 
