2 0.32112723406271015 0.563415277308598 0.22159828316600316 0.30836116887022136 
8 0.10019660633958105 0.478943236629674 0.036100187227464955 0.036832713526952846 
8 0.07401583536340679 0.4792500411993646 0.03775865844167587 0.037914300058775 
5 0.36500762400687786 0.45077035505021384 0.09219405187415258 0.1052152803507745 
8 0.019755685913341824 0.48387520206301615 0.03951137182668365 0.04073632475382965 
8 0.002767145922909111 0.48590360228483337 0.005534291845818222 0.04179132855810192 
8 0.12432811360949558 0.47813053251434456 0.03289163663018412 0.034127012713806706 
8 0.1881142926609125 0.46251611577821994 0.028051590308736538 0.02981280285131163 
8 0.16892729092728664 0.4728716898704325 0.030782150172193355 0.03119081923113899 
8 0.14775767417005253 0.47763488248295977 0.03238687537823834 0.03332409626606098 
8 0.046511213447717144 0.48041395747441573 0.04066182573518683 0.03883340723406206 
