0 0.8361243194670546 0.6114176053905449 0.09354691273772488 0.3671019526860374 
0 0.5291378580415405 0.6743466565438733 0.08563469423567419 0.23758516950423814 
0 0.5294123826248753 0.6188577903016163 0.07445012967396217 0.2786636641720461 
0 0.14094233201461548 0.6527205054992853 0.09029986883524478 0.19451073231555238 
0 0.5861535091575322 0.6185975525476352 0.13032880906641048 0.41447218717276074 
0 0.48478390294573487 0.6724752618115396 0.08156252284186102 0.2256502323177947 
0 0.6155974250903892 0.6225871417428844 0.08123016260156213 0.3122230428748896 
0 0.6355860420625536 0.6086489401529988 0.09554073782934218 0.38055249080149783 
0 0.7084377764318857 0.6380602847300793 0.09916274638039298 0.37702817233914576 
0 0.9739459923214048 0.6323019328020643 0.052108015357190285 0.44989296288593883 
0 0.26977290213793687 0.657172353103389 0.13584318690594027 0.3830312256594062 
0 0.7749751605240403 0.645149535725796 0.09465017130774683 0.41078484415171745 
0 0.34253632580851795 0.6300200828443434 0.113019746514052 0.3735286672756277 
