0 0.816782646944739 0.6796850825111305 0.0898741408229165 0.2682462980911416 
0 0.7774436601164864 0.6155141955259787 0.07688415633051988 0.3097648019702509 
0 0.27692018296399434 0.6424733985156547 0.08943531969330103 0.19678559853593344 
0 0.9323233683803034 0.6404663611671725 0.13535326323939317 0.4812531126657295 
0 0.7528192337640323 0.6778943177785608 0.0838338198237976 0.25307244962022124 
0 0.9030497199530992 0.6230977904061314 0.08485812241018223 0.3538089077735152 
0 0.9625665029003543 0.6236611183628941 0.07486699419929138 0.43453309511110827 
0 0.5050569534674311 0.6682170562291857 0.13581488313776396 0.4204470502932869 
0 0.5732609897342372 0.634969986990945 0.12817730001193006 0.405561413643611 
0 0.07988941332997604 0.5883613871620654 0.030018631456476836 0.06963725981732644 
