0 0.42815971331896135 0.644070599702891 0.10284662448459521 0.418571510447563 
0 0.2652813043300338 0.6013227323334627 0.08800290636690303 0.2930776348931735 
2 0.9319939390273925 0.7097444081861545 0.13601212194521495 0.2706165433114131 
0 0.03809272740004376 0.6452633955959158 0.07618545480008752 0.20431049399558698 
0 0.3909179892918854 0.5887770405191745 0.08579332893692303 0.32628425074388845 
0 0.07805267539215298 0.5926087877761712 0.07672539150941615 0.2460972330598702 
0 0.04392228015879284 0.6082200129906676 0.08784456031758568 0.3449678654862941 
0 0.022816788379026485 0.6847553720040181 0.04563357675805297 0.20027666924112963 
0 0.09401088599790111 0.6060703694815138 0.09526725169758557 0.31712169783120847 
0 0.4747136339929415 0.5979873163597293 0.08421441855301225 0.3391632809721045 
0 0.5621213883713384 0.5859412184257203 0.08244845406443481 0.39455489723765486 
0 0.13778522333907933 0.6224543604962006 0.09718748152222183 0.3078278179619165 
0 0.3055779228231794 0.6105212240457386 0.10153989490501601 0.34688476455446043 
0 0.1778105333739806 0.6133119406506573 0.09983502136990384 0.3262298894662653 
2 0.9690216364446509 0.752467327308719 0.06195672711069818 0.3470476276730528 
2 0.9674230842129924 0.7474238210297279 0.06515383157401516 0.38909063002210403 
