2 0.8087952020758281 0.61997437000005 0.3533750977983985 0.39305440403282127 
8 0.004247187843134662 0.48460765565855796 0.008494375686269325 0.04024484101313324 
5 0.2867944495771698 0.45180333225473235 0.08858363684168051 0.11374985094036409 
8 0.10149147547611109 0.4759596258264504 0.028793033753563825 0.03201152232720416 
8 0.1321265580820885 0.4780432467354636 0.024042923003650518 0.029296051002984 
8 0.01655916353646906 0.48567417647634975 0.03311832707293812 0.03904886849173276 
8 0.08305111676942448 0.4708276631498739 0.03153274626813239 0.03353455177204441 
0 0.1925190586817508 0.4611622650233172 0.014188133777029925 0.029214802037988267 
8 0.06262475150600755 0.48003785822470646 0.03492950863142229 0.0352938658177119 
8 0.0396768426127447 0.4818329464219216 0.037137596892829874 0.03783541952147472 
8 0.11764308834614699 0.47451394790833584 0.02542229305921671 0.031074168013766754 
