2 0.6194192856767303 0.5897981857631283 0.3105650436816271 0.3664714719128817 
8 0.03863556494502706 0.4751153085474066 0.03956048822719488 0.04026830261649239 
8 0.01584143829645277 0.4757361231416866 0.03168287659290554 0.04144327313062964 
5 0.32240358929377766 0.44342247318592815 0.08954669501026243 0.11037721924050761 
8 0.06416063709810482 0.47735974249246826 0.03575952800434904 0.0372625353287499 
8 0.13022532694388717 0.4569723829650869 0.029959629809125393 0.03200914266701602 
0 0.23611664752578443 0.44781264963686795 0.013729444388528265 0.028283711292137987 
8 0.1105211977762578 0.4671849805199767 0.033054489530113466 0.033627395518459606 
8 0.08848281520528627 0.4694195570965185 0.034999573722003706 0.03597127221952292 
8 0.0021840054237143047 0.4777012763132956 0.004368010847428609 0.04001664385164683 
