2 0.1529218697476609 0.5486628155573028 0.1697690442862006 0.2719538278432498 
8 0.1177516453788603 0.47244810259599185 0.03495181234238448 0.035059314041912634 
8 0.09199964774497026 0.47585702002632085 0.03646195509499714 0.036100159778586216 
5 0.3750481550140402 0.45359246125063096 0.0948666876757369 0.10265110397145444 
8 0.03481443530215226 0.47581300317455166 0.04534378626308481 0.03844686548059896 
8 0.012170192446247298 0.47842179188395456 0.024340384892494595 0.0411499247919197 
8 0.14169468065575833 0.47354132240532887 0.03195863934928376 0.03260842955891772 
8 0.2054272777526923 0.46486677594242415 0.0274785165391145 0.02884742358267892 
8 0.0038502084952818944 0.476975963572639 0.007700416990563789 0.03732502264925681 
8 0.18620777360214638 0.4752949362696631 0.03007078485309492 0.030118338177854552 
8 0.16490550967742387 0.4719649828554308 0.03156747868775856 0.03186923175018567 
8 0.06483237285405989 0.47239515366922696 0.03905514758698684 0.03672909901497708 
