2 0.22594700502562076 0.5500825626451195 0.19020043882183416 0.28682962955565194 
8 0.11655870958023014 0.4764210653181907 0.03519625246514629 0.03569655030454082 
8 0.09075802003611305 0.47739603741472264 0.03674618386139509 0.03670793332731484 
5 0.3760055719174946 0.45251207629522583 0.09350206220402235 0.10357542944679544 
8 0.03353755936795432 0.47954747070108134 0.04585885497268943 0.03925115918219913 
8 0.01159761166319528 0.4817408746955422 0.02319522332639056 0.04190205823837333 
8 0.14046007259447302 0.4775262948403606 0.032143325010750345 0.03317929223106849 
8 0.20383976095021328 0.46379768697518275 0.027572750614743458 0.029154427998788732 
8 0.0030489437151571502 0.48106187531731615 0.0060978874303143004 0.03789548305123137 
8 0.18472432852921578 0.47432932638583025 0.030201166213947986 0.030462926030811244 
8 0.16361756284473583 0.4757637298638771 0.031720908329443936 0.03240107007121291 
8 0.06372116163693757 0.47614322058175984 0.03942409460832907 0.037446066579002554 
