2 0.07033363910389963 0.5547557199567735 0.14066727820779926 0.2561734877382812 
8 0.10852520169813339 0.475312348138595 0.03497492722731133 0.03452230652366419 
8 0.08258870651197453 0.481862572359734 0.036474381763545866 0.035625907851529824 
8 0.024793571839787247 0.47782220760734007 0.045245958018453394 0.037746052411813356 
8 0.006994667397730727 0.47895237381500083 0.013989334795461454 0.03967721367522769 
8 0.1327455649954318 0.4770579599721741 0.03200503935661924 0.03214397964305603 
8 0.19736161224397147 0.47322688189479106 0.027554136850541085 0.02860544846124406 
8 0.17787884674709062 0.4835890251645572 0.030137258104619206 0.029853408140852352 
8 0.1562094121169445 0.4756275357551598 0.031630043889790044 0.031433856413651456 
8 0.055294616773114924 0.4762430349953811 0.0389904865755926 0.03614519346127357 
