2 0.43933758135594003 0.573163540557828 0.2590478054988322 0.33340482641620894 
8 0.07755246978877589 0.4779123710220157 0.037389417555194274 0.03832914535742538 
8 0.050710346637332454 0.4748636972896092 0.03920926300253987 0.03940122273515063 
5 0.34936960949830353 0.44458135357695433 0.0909884949289836 0.10733941861091283 
8 0.007920112396949565 0.48137713089962525 0.01584022479389913 0.040685591553682725 
8 0.1020565789110346 0.47500650103192804 0.03396832558711013 0.03538281116209115 
8 0.16655623661573976 0.45719521061774887 0.02876480283058678 0.030697852285033682 
8 0.14722262442977951 0.467424684607458 0.031632327860871536 0.0321681135001675 
8 0.12576686665714162 0.47096646686947646 0.033367181303397685 0.03437788922595991 
8 0.02279102031898949 0.4779107975188975 0.0423807549196295 0.04050379989902625 
