0 0.8236549187659796 0.673124834114765 0.11353534747590985 0.49689572919562996 
0 0.532955441639335 0.6238591469112634 0.08987060573812074 0.3259049272807918 
0 0.2755154547475322 0.6630828934658378 0.08415632668766851 0.2157292763772041 
0 0.6906393727800852 0.6046491631110127 0.08497762590553506 0.3609216085102214 
0 0.3016930720882811 0.6105278304472288 0.07360540910830864 0.25681991044501273 
0 0.014408289575343472 0.659410973784383 0.028816579150686944 0.1891354704541702 
0 0.2929917731040618 0.6175751581572241 0.12368441768920495 0.3686134823501413 
0 0.2438850459179961 0.6817159875325152 0.08146353702634543 0.20738888198545208 
0 0.352067594672429 0.6118308465465061 0.09266472319247665 0.33920420690698166 
0 0.8055438641769637 0.6006296851262058 0.09730919858567007 0.3830051476555757 
0 0.9387141318877136 0.5895790719636268 0.11792289728899846 0.46067485771730116 
0 0.4096612116522691 0.6457497202131769 0.09520942212429467 0.3323072508908683 
0 0.6137273207876512 0.6317895988118442 0.10374952372210508 0.3904211926164178 
0 0.05701973142353543 0.6597027743412084 0.11403946284707087 0.35870635771967185 
0 0.4527956477641324 0.6306070713745905 0.09578974231824702 0.3568825668195777 
0 0.1203835032657889 0.6370835873375031 0.10527041139616806 0.3525037835466457 
