3 0.34614513220254983 0.6049839932981584 0.39600995041633114 0.3678987304605867 
3 0.5985850179226868 0.5899872155531708 0.1525881061073251 0.13004310038661718 
3 0.9256286622028281 0.6073539063076397 0.11235008348360935 0.14318592456181933 
3 0.01562824212120372 0.5619240530937165 0.03125648424240744 0.06341520909605114 
3 0.7689445556882096 0.6765907384731548 0.3398214087783012 0.49397361449632576 
3 0.5064759184436012 0.5804675676331159 0.13823337215981085 0.11865164892302604 
3 0.4802871459541153 0.6698231032379846 0.4076871997700425 0.37340559338898227 
3 0.04791872516960985 0.5688228492586455 0.0958374503392197 0.059899423332748954 
3 0.4383600541997838 0.5856945386425254 0.13304837661984714 0.10389770821396484 
3 0.1537188691072708 0.5880423487379439 0.21361131421400728 0.14643645866112764 
3 0.09385257111622024 0.5808936053720054 0.12067516521706079 0.0640672801610554 
3 0.6802367496463089 0.6088125662192675 0.13931256014226287 0.1351773799750194 
