3 0.9569077827691712 0.5796061627529925 0.0861844344616577 0.17561184217521322 
3 0.3908403197479137 0.5802296819073202 0.13318059704126953 0.1090142557817053 
5 0.18323178266500773 0.5433826718759986 0.09245106529909715 0.06532041506962641 
3 0.27264646335314846 0.5783263969620126 0.13532068119445156 0.07777687370752491 
3 0.23645432714525982 0.63564613093569 0.3111318212972061 0.2040264138543832 
3 0.5422077161129669 0.5947678931551202 0.12237269212087043 0.10315418342138785 
5 0.8331180081780112 0.5862109050637705 0.13174392622941042 0.15549777234853845 
3 0.0024317222156891487 0.5667108177815726 0.004863444431378297 0.12119204334024776 
5 0.13311406342764184 0.5491989176916142 0.08536533156216405 0.06115177341910901 
3 0.16717853469152033 0.6026460165561801 0.33435706938304066 0.24267165706817834 
3 0.8500429517915711 0.6598210228210754 0.2999140964168576 0.436625564470862 
3 0.7185632719286668 0.6108875863765935 0.13386546105234787 0.11984713115876648 
