3 0.4649542830924305 0.5052755667783018 0.18816944312401376 0.14326163595440075 
3 0.9108199556755363 0.47389194255603473 0.1783600886489272 0.13787976750004988 
2 0.17959679678295498 0.5647784338752012 0.09907028700952138 0.11153806655806459 
3 0.6627286148095501 0.5214445668036668 0.21285800079425612 0.16850767883301696 
3 0.7066763159086655 0.4910287356200863 0.1782958449009059 0.12982965615740039 
3 0.35290328615166844 0.5468088998918521 0.25491032764559046 0.19640075424056888 
3 0.4243769935262447 0.5119416341676439 0.22603584446390215 0.1699229253330087 
3 0.7537941583767083 0.4892709041867471 0.19992343296439047 0.15284582622715528 
3 0.7915169731028716 0.743037533947128 0.4169660537942567 0.5139249321057441 
2 0.933733330300563 0.6426552682519082 0.13253333939887413 0.26715587675204977 
3 0.07875247236652846 0.6618097378624399 0.15750494473305693 0.32726492734182144 
0 0.7691504351761287 0.6040319233030891 0.09443140365388615 0.34019718835471535 
3 0.3225293810124205 0.7018450271486273 0.5964777241297418 0.5464196873118106 
