3 0.03284211402721535 0.5779304518135372 0.0656842280544307 0.08441001496592555 
3 0.4335912709692862 0.6198274617945007 0.18567438312555987 0.12747819622093473 
3 0.16476179650757108 0.6050599945088411 0.18062899093862447 0.10197313291134807 
3 0.7393133301841514 0.6542374328877515 0.16911286214506946 0.18363454923890407 
3 0.04572849461809008 0.5758636995501158 0.09145698923618016 0.0778243731127509 
4 0.078316899467061 0.5260575271676212 0.156633798934122 0.6044479162641261 
3 0.017914653276369936 0.5769378002023192 0.03582930655273987 0.07000770373822743 
3 0.9755133805410491 0.5373376470705049 0.04897323891790194 0.07664774525308865 
3 0.9552940687767861 0.5732223529367917 0.08941186244642765 0.12460380317780549 
3 0.9017469220536455 0.6631625548952547 0.15458356131030443 0.20950286431640405 
3 0.09563361864132447 0.5931407569215627 0.1836382943296514 0.09617072533252224 
3 0.31946645916759786 0.6042604858124141 0.2021463797319261 0.13812956289130415 
3 0.06462010466942097 0.574394992514918 0.12924020933884195 0.09715301642827001 
3 0.6230966613344116 0.6378247705503715 0.1753605355923691 0.16294818904001565 
3 0.8602869469648828 0.6028235519752168 0.09874737432696762 0.11341084594117945 
3 0.5758266960898579 0.5879785583931271 0.09812344093861505 0.08101903051264596 
3 0.5040641442595415 0.6185361102460006 0.17940103207244995 0.16909518434742862 
3 0.9910287430304939 0.6423543026875945 0.0179425139390122 0.2530601020311652 
3 0.20266409422764317 0.5928677609310367 0.19192013798874213 0.11929574702699154 
3 0.268121352226492 0.5914624550963666 0.1943526888340343 0.11758177977938589 
