3 0.7721628592185624 0.5916723682494467 0.13811170413196563 0.15500000147167908 
3 0.2990062417970742 0.5844735862073551 0.1309076999834975 0.09927552772722215 
5 0.13746341925916405 0.5521331675706653 0.08701526392223626 0.0620449124645591 
3 0.2000218629825261 0.5843034275575381 0.13178609189469956 0.07202533198708945 
3 0.10876899727134857 0.6367319686264291 0.21753799454269715 0.16702649812676587 
3 0.4267751003974769 0.5943048430639368 0.12433726120338336 0.09265857750970756 
5 0.6606971476134557 0.5876756052503282 0.13969317851203805 0.1359950152214775 
5 0.08819958765486145 0.5587488911767122 0.08006171258782657 0.057900484350418474 
3 0.09581427106207448 0.5952765442419654 0.19162854212414895 0.18553169384342008 
3 0.6867705575108926 0.668999146368183 0.34280057697653926 0.49552939219144054 
3 0.45893009660952944 0.6670229018057073 0.35292339742714146 0.31246327993187295 
3 0.5675382855013449 0.6063246300340692 0.13606762178852044 0.10538241652652845 
3 0.9859510125888847 0.603221308154376 0.02809797482223047 0.14004455424823561 
