3 0.156417835237788 0.5236257636133917 0.1297813080634434 0.10311601607101446 
3 0.4934778111543326 0.49848869259361706 0.1336310541956651 0.10037390322983053 
3 0.8966198890461619 0.47165412980417015 0.2067602219076764 0.1723222378938538 
3 0.8049459475358997 0.467989316486799 0.08571760898916239 0.1298056287242649 
3 0.2088941780002009 0.5372458159169418 0.12851983690713614 0.10907769370684055 
3 0.9004871591791807 0.4928449364903229 0.19902568164163895 0.15866761894142106 
3 0.3455645113398182 0.5122917179451735 0.1239609609603212 0.09442003027964935 
3 0.04380829446896313 0.5532231107591414 0.08761658893792626 0.12659556223975965 
3 0.09670377491335658 0.5301871154140337 0.14808330441612547 0.1156316340568032 
3 0.33858657419877847 0.5137436163084041 0.1336536110575041 0.10638318454421967 
2 0.11757465478883354 0.6114579539995127 0.06033981657347086 0.13156440602604866 
0 0.12564110357445604 0.5820297574035539 0.057892785365522635 0.1853955296174091 
3 0.8596644010942729 0.5470560140833256 0.2806711978114542 0.2533664741957327 
3 0.8895654074581225 0.5111355464163796 0.22086918508375505 0.20005511175111942 
3 0.8988308792962729 0.4642356334893183 0.20233824140745427 0.15389630257258968 
