3 0.7072813342772812 0.6543839780372839 0.21298201649267726 0.2125298413450456 
3 0.9864808304881332 0.6491334903394694 0.027038339023733614 0.24087361065876722 
3 0.23041444908865685 0.6163000192421064 0.1788820958855339 0.09818966845013848 
3 0.7853198240732112 0.6165308212091636 0.10343776645661876 0.10193205498614798 
3 0.9663135683572578 0.582583793049344 0.06737286328548436 0.12839991355775723 
3 0.0664537970495468 0.6078313455667699 0.1329075940990936 0.08285026847559455 
3 0.6423135517387543 0.5708962405141859 0.0693989684359385 0.0599333541325347 
3 0.41645149112606433 0.6359455012027255 0.18505550468354712 0.13193944267901367 
3 0.004881536886924509 0.5898137035889326 0.009763073773849018 0.060860406791846025 
3 0.68299283165737 0.5711414436552079 0.06514496043840921 0.06178527610789148 
3 0.49226561056852935 0.6371438668976269 0.1819188962446387 0.1437841111952758 
3 0.03946966715131234 0.6028842627257934 0.07893933430262468 0.07430256602443497 
3 0.14418571574258068 0.6064297987626679 0.18558346099490686 0.10755050949803648 
3 0.017341957925656445 0.5884268062061145 0.03468391585131289 0.07421074538397464 
3 0.35022354562457786 0.6266399023087049 0.17838451944535721 0.12150585929861986 
3 0.6479381506182962 0.6032105073539787 0.10584409802782148 0.0954240786063292 
3 0.4375877984820099 0.5968657690128872 0.09729028099034089 0.0701067653137285 
3 0.2688203276987272 0.6133004420883059 0.17601819537790472 0.12679292522659846 
3 0.576823617906872 0.644002608693693 0.19998746298848183 0.18862019344570924 
3 0.07989887301381768 0.6022064091529726 0.15979774602763536 0.09616969858339776 
3 0.11656929092848634 0.6000259240806938 0.1778472536787042 0.09345200700830364 
3 0.8688915854315817 0.68631473606853 0.16970861261749876 0.22801192693512362 
3 0.8756902905616797 0.5936323873587941 0.09851641894221785 0.11911203068108105 
