3 0.6277130114898869 0.4897695876494672 0.22012124674338857 0.1650284484389938 
2 0.3182410555151569 0.5587271241257894 0.10280260292591446 0.12863347676670633 
3 0.9003705855763008 0.5046503841489455 0.19925882884739848 0.1977440542479786 
3 0.89288975469132 0.474458594012355 0.211192928537899 0.14870320236166948 
3 0.559792022042076 0.5360092963789675 0.314994609141171 0.24118707751049726 
3 0.608879678839487 0.4956441729748235 0.2723853004876895 0.20163715940988222 
3 0.9295699154487664 0.47539791495218336 0.140860169102467 0.16867052081965261 
3 0.05149996182777362 0.630905746848297 0.10299992365554723 0.28824164591964724 
3 0.24272220082672352 0.6998690035436587 0.48544440165344704 0.48235555129903346 
1 0.5479820946288373 0.6105237423641885 0.13532972182130926 0.16332145794242864 
3 0.7108202939013151 0.6790160164556959 0.5783594121973696 0.6419679670886083 
3 0.8983743207371859 0.46501081415606726 0.1758943893570266 0.11459326893460589 
