3 0.22499111094063345 0.5649734717990436 0.20565932701388603 0.12747886780400153 
3 0.4729637866768059 0.5771639292478785 0.18388748097080843 0.16099408841506696 
3 0.6570947458421261 0.5504044326960899 0.10729488048365056 0.10061921736318394 
3 0.3799815064566011 0.57106354242378 0.19723190022576811 0.14973126251553537 
3 0.04487942842552756 0.5485247279201336 0.08975885685105511 0.06867166665723504 
3 0.5897116776733979 0.5513559183983048 0.10983883303332355 0.09668655518150931 
3 0.11051699807465479 0.5617496106067217 0.16964924797958325 0.0903187857727236 
3 0.013546655030681214 0.5415241486140696 0.027093310061362428 0.07193221967434561 
3 0.07810133260227355 0.5558201814353265 0.1562026652045471 0.08638976263981255 
8 0.9448352405470584 0.6692481650479082 0.058421044128252934 0.1768070764536363 
3 0.05041943411165867 0.5467072541904469 0.10083886822331734 0.08913614398532888 
3 0.16467818907462456 0.561533030017924 0.1877665040079767 0.12062930192084656 
3 0.3033909401628916 0.5843400343604523 0.19639341958829395 0.1329049078261178 
3 0.5184825526255827 0.5438184790629293 0.10277756155600351 0.08989405551915758 
