3 0.27953668507548396 0.5193359285135924 0.15258708340165691 0.11917693884775822 
3 0.6649752779440568 0.48935432900981296 0.1566453344484746 0.1164283079466126 
3 0.3797374975085016 0.5344907331519786 0.15911031599362624 0.13047218608501548 
3 0.49065090952336243 0.5055534377392178 0.14528069420357695 0.10890731358541006 
3 0.13755804192516735 0.5544385463694166 0.19512683708731146 0.15177790901671825 
3 0.22798144096540957 0.5259232603777433 0.1782634215416509 0.1364803272785243 
3 0.5015011632870331 0.5059023306873137 0.15901203668076883 0.12481100783687339 
3 0.15315755631148403 0.696541192780191 0.30631511262296807 0.3452766285312662 
2 0.37969999739290616 0.6110899140587995 0.10737593638781455 0.17573987757953255 
0 0.342775570462959 0.5958816094791884 0.07127338422979033 0.23634342611245068 
3 0.05520822305469802 0.6350940429427243 0.11041644610939604 0.27890808260600924 
