3 0.023807876367541624 0.5178567065435715 0.04761575273508325 0.08029389838644944 
3 0.2636978916544448 0.49693267177672096 0.10207201098946772 0.07868144053356085 
3 0.4567424354173556 0.4926762626647639 0.1591692645227282 0.12042670470237611 
3 0.02398306182806265 0.524383813556123 0.0479661236561253 0.08100494391892192 
3 0.4221682616779475 0.5174886408716529 0.1528406435187761 0.10746538700769533 
3 0.12870939246948165 0.5132840576383169 0.09971441102626953 0.08235677515397015 
0 0.6789035675463625 0.5933091541392865 0.10115542542245493 0.3262744487317782 
0 0.6237827776460793 0.4931642138744721 0.021376287689902823 0.09308444877240017 
3 0.24859370216628052 0.5441218642920588 0.18416107860568193 0.1451543711581258 
3 0.3668918419902883 0.5198030242535835 0.17242238848908176 0.1294025795983097 
3 0.49368727463147183 0.4833883833241071 0.14742118892965145 0.11035951974300796 
