3 0.07815751559168034 0.5690565767152789 0.15631503118336068 0.10827798748533268 
3 0.24987984312175393 0.5724713263007368 0.18165788512434147 0.13019561759530152 
3 0.18408297487500708 0.567658955782561 0.19134709588317514 0.12321369221870491 
3 0.4293226706851598 0.5535475406383156 0.10860877482047926 0.08512548832737328 
5 0.8517604849187893 0.5321821877053555 0.19785184559326596 0.12498747684055432 
3 0.03440215250569997 0.559123870789325 0.06880430501139995 0.07374762719542167 
3 0.8219811736419331 0.5976169909466417 0.20236270000154308 0.12966347556919605 
5 0.8666181558093672 0.5747296687835266 0.20265914944599459 0.12743849771926308 
3 0.018187941486140526 0.5539623810008621 0.03637588297228105 0.06970703659168685 
8 0.4325063702585857 0.6336974271229544 0.04338548033684098 0.12119763027330628 
3 0.05406985466041494 0.5580228593391814 0.10813970932082988 0.09951456052304467 
3 0.12628312231588354 0.5781384202918574 0.1897852446085117 0.11069903906317424 
3 0.3740555804032918 0.5472108120640753 0.10099332426870618 0.07988987323324719 
