3 0.29428507235007806 0.5896505437802937 0.19620225573917527 0.13726150263867004 
3 0.6963148724378381 0.6166968793205733 0.18341328292746084 0.17654293224583442 
3 0.3587243384227248 0.5837009813733338 0.19385434445480815 0.12883042639926473 
4 0.8366280868435011 0.5 0.3267438263129978 1.0 
3 0.2269122304001267 0.5901637995077372 0.18961550006113506 0.11242418246839873 
3 0.5650320724877876 0.6095417010523069 0.19749027332071734 0.16273841188186497 
3 0.44580284926836705 0.5804820436551268 0.20191138052686625 0.16138782945040916 
4 0.38869383217021863 0.5 0.7773876643404373 1.0 
3 0.8360585573664281 0.6223024217757822 0.1806254473412082 0.22250625830860404 
3 0.9815522836331815 0.6029077774923386 0.03689543273363697 0.21603693753290112 
