0 0.7784885356588914 0.5065056649040232 0.021921757797102544 0.09028208402100209 
0 0.42004310036156434 0.6052647440286932 0.09149823770640068 0.29196047288735666 
0 0.6143181055446776 0.600197023230288 0.09240581034749305 0.33564180272385247 
0 0.43859880331481166 0.5877718018126457 0.06060719339730966 0.2622238005322247 
0 0.7223552812068026 0.6457688495805638 0.12861495094517694 0.4143725730120779 
0 0.267118599736914 0.6048989558594958 0.06773955488992713 0.24330814077855803 
3 0.8948670826435213 0.5390225715088551 0.09781709641952305 0.13314598830209182 
0 0.36162589889107083 0.5787036458778149 0.06730675026161308 0.26243582246899355 
3 0.94630514705291 0.4895625890561461 0.07898127952361293 0.11494099897937607 
0 0.5033348813574561 0.5697100726958495 0.07678251067597991 0.2809573524942604 
