3 0.4991615180110033 0.586763314128244 0.1449783608532408 0.12345320004196557 
3 0.16113229598580645 0.5745089778013674 0.12517627518742105 0.08538626173667378 
5 0.06052956228562762 0.549173719750777 0.07877187506031033 0.056845762416354674 
3 0.006189409286515398 0.5892076877210856 0.012378818573030796 0.10012052619581469 
3 0.2584064331452658 0.5813026792474569 0.12292039704076203 0.07850104012420578 
3 0.9921927089666683 0.5721891427651267 0.015614582066663446 0.15660500475076528 
3 0.8710328156853706 0.614507734870244 0.13805274456829708 0.17927237934954038 
5 0.42379023604953775 0.5809609409077631 0.14132311373978718 0.11037203381992981 
5 0.02459125902508484 0.5565930907218947 0.04918251805016968 0.052785721990931685 
3 0.002846269854308973 0.5733835070404497 0.005692539708617946 0.12172192112981217 
3 0.1774269557853075 0.607530104673939 0.3516695613588392 0.26770005899548244 
3 0.1209811002827429 0.5913474903002442 0.2419622005654858 0.19070737344577177 
3 0.35601881184723433 0.5898399058846088 0.1329850274821354 0.0866104631164343 
3 0.7647537881029208 0.6099588707185986 0.14036905536882657 0.12916117879282088 
3 0.6648059095688157 0.5994947660345191 0.13426892020992853 0.11501950901559932 
