3 0.591205581475918 0.6354941190098145 0.3972724132288849 0.49195194120253427 
3 0.7228110021588668 0.5960404408508337 0.1489714360643208 0.14404342383120283 
3 0.2347482790662744 0.5767829998184859 0.13861870693265566 0.09468404767797052 
3 0.9493214182638933 0.6039160445197187 0.10135716347221348 0.1517921109687696 
3 0.03456663439517317 0.5663880677733648 0.06913326879034634 0.06902329822261499 
3 0.6170906147807039 0.5903293935274317 0.13791776133809586 0.13030230654392913 
3 0.8291037644407294 0.7324709839857976 0.3417924711185411 0.5350580320284049 
3 0.08075958184954958 0.5743343429374277 0.11634830680234988 0.0631419168870172 
3 0.535866814049669 0.595056140173647 0.13321698958247033 0.11330321575448332 
3 0.29501778067577694 0.6022420694825308 0.19598950952161384 0.15132029140388714 
5 0.1897919984385625 0.5784055577116062 0.1340428029465478 0.08630286202929331 
3 0.003603432489857987 0.5682144020473322 0.007206864979715974 0.12628740866104 
3 0.14259707428229562 0.5813259623517029 0.12349642565896879 0.06739227362985996 
3 0.38622580490562447 0.5863728481570302 0.14311869970936794 0.09088519547105856 
3 0.8246487524510105 0.6137057486835191 0.13263423703724983 0.15096623787375518 
