3 0.07318186180029765 0.5322226175138619 0.11337460807137557 0.09335637045273207 
3 0.37316437668523633 0.5064261377874458 0.11745392184490587 0.09027569726934846 
3 0.6641437469472113 0.4844501665798523 0.1997096093832412 0.14839426703066888 
3 0.09768608704100348 0.5429942037772421 0.10824187538887853 0.0954005815551268 
3 0.6444123971495078 0.5135168914115921 0.19406874643671224 0.13309554556087763 
3 0.037194807114357464 0.5392225418870844 0.07438961422871493 0.102358111015 
3 0.2275540365457593 0.5225121754703393 0.11604066838137168 0.09531146391070934 
0 0.8928015295617115 0.483375000461778 0.03430950948726988 0.11023822554584822 
0 0.011404342824377679 0.5822157604542907 0.022808685648755357 0.15275085180628442 
3 0.5132081962531979 0.5505181716012638 0.254331928926005 0.19198414471859154 
3 0.6060216124821826 0.5179300601481804 0.22503204212016115 0.16269354621757254 
3 0.6865970367659824 0.47493296689734615 0.17980237832511428 0.13373747023755653 
