3 0.3618054014442816 0.5099884596162406 0.16831104057809032 0.12964372811359795 
3 0.7751093176128192 0.47986731935922533 0.17167463316776577 0.1260967333768059 
3 0.500650871009406 0.5279173000808672 0.1817192057881683 0.1467476792706736 
3 0.5868580551314913 0.4962303015406903 0.15976197235119713 0.11795190270752066 
3 0.22967308313098656 0.5482575718635205 0.2210992602200706 0.17037200537537683 
3 0.311138680909158 0.5167978570015686 0.19842301880245752 0.1506706554764141 
3 0.6125078397755318 0.49571235700383787 0.17670038860880424 0.1368053373468672 
3 0.4102016580466756 0.7467167979529525 0.4732236668338237 0.49059997039770853 
2 0.6061601277317991 0.6352566506463723 0.14942849935116528 0.21749440353148308 
3 0.00042068292498045483 0.7047242772827998 0.0008413658499609097 0.042175452500493094 
0 0.5136374551578865 0.5953546215013988 0.08081255321429737 0.27727378193888247 
3 0.14931174786006446 0.6593762995259166 0.2986234957201289 0.377950128341844 
