3 0.5335450123022928 0.6169896982622052 0.21816870272274777 0.17883416418256867 
3 0.950759764995165 0.6013554705989077 0.09848047000967 0.23441051184628708 
3 0.9582890412296411 0.5715174942073085 0.08342191754071777 0.12529532913958488 
3 0.8032844411964749 0.6331987927924426 0.18209227000195696 0.2195752608882794 
3 0.16467558112534783 0.5891758004598624 0.17212889383235233 0.08816111254431298 
3 0.8606524030072299 0.5838309235173688 0.11127398950948689 0.11993753237210183 
3 0.5969625659066524 0.5512096171194903 0.06951925238043465 0.05743941521547116 
3 0.31713618284938017 0.6059066518971054 0.18187200893800914 0.11589491631703658 
3 0.6343591296775648 0.5514834178755461 0.06539601930931184 0.05917076535560113 
3 0.3722851997887004 0.6053782350245728 0.1810077322841797 0.12544419332206208 
3 0.02079218446561718 0.5782993585410284 0.04158436893123436 0.06640482118935924 
3 0.08777113063797483 0.5804241780576452 0.17554226127594966 0.0973294186694076 
3 0.0016485401073649325 0.5655633975538646 0.003297080214729865 0.0670084696133067 
3 0.26383280391254155 0.5978365502763695 0.17333879398636637 0.10837990080007028 
3 0.5706401648222847 0.5795158283947457 0.10606463720412634 0.08887061823976088 
3 0.19518717120805298 0.5859145048700118 0.1694110183350269 0.11336100434500067 
3 0.4340756523552199 0.6099773989662217 0.20036799502410405 0.16245358855137504 
3 0.056124794695245 0.577478395472714 0.11224958939049 0.08606886389760815 
3 0.6628203075458581 0.644196087950403 0.19059583866506324 0.18926391112074162 
3 0.7636592685405336 0.5715492162238069 0.10191559527611034 0.1094566060549846 
