3 0.6136042896122085 0.5909686564031714 0.14431595263070826 0.1364643236896232 
3 0.22026409689121199 0.5756021580271383 0.127977299216503 0.09136094518681129 
5 0.09423274563382894 0.5476958586946477 0.08236018355356745 0.059174827876000036 
3 0.13585487239488264 0.5776449398187204 0.1282090700791576 0.06762467989061773 
3 0.04931649795940446 0.6009803286342761 0.09863299591880892 0.12222893097285856 
3 0.33015446299615575 0.5831571658209194 0.1241243602474528 0.08462041344539689 
5 0.5230424720315631 0.5793844591175483 0.14189522226980764 0.12098878099388205 
5 0.045885603695082565 0.5549476787346118 0.07554853987435851 0.0550720675190213 
3 0.04089667223635742 0.5790720188367304 0.08179334447271484 0.14501887133778396 
3 0.358958786380977 0.6264754328980712 0.3670514307440805 0.3424154182688154 
3 0.22440173116095646 0.6147460658009264 0.33586190189452375 0.23442946975685736 
3 0.4451538123302571 0.5927245814645895 0.1351199087620885 0.09441598900211236 
3 0.9366433818449741 0.607066928190071 0.12671323631005166 0.14432551788379208 
3 0.8157636556910157 0.6046129269249046 0.1291034923041771 0.12919452393929645 
