3 0.013352789135188873 0.5182234847287431 0.026705578270377745 0.0760851600257343 
3 0.23634202965057982 0.49972226001356235 0.09844422402228716 0.0760423008666259 
3 0.40877356401797044 0.497131121348519 0.15031354340082595 0.114518417730503 
3 0.011374702653170676 0.5261275846076312 0.022749405306341352 0.07609870926211228 
3 0.37149119306162304 0.5209401199669621 0.14393853672463308 0.10229400571210319 
3 0.1040737986099746 0.5153303479477389 0.09593827113705196 0.07946453611934393 
3 0.7741496366715294 0.7329914661419602 0.4517007266569412 0.5340170677160796 
0 0.5665740068532759 0.5836579173734455 0.0956532397706016 0.29573702344121267 
3 0.19366729935340327 0.5460059919245811 0.17074575792948643 0.13591287581813535 
3 0.3142784673346766 0.5231783457952567 0.16150271608033445 0.12253814287079617 
3 0.44832479496817984 0.4880297112140724 0.1401529056674351 0.10534008195669843 
