3 0.04976260743367212 0.5245807608256328 0.09952521486734424 0.08855240378243594 
3 0.9917151633775808 0.46110101740585013 0.016569673244838583 0.11148254882504027 
3 0.33299621223178877 0.49839524832916066 0.11181521820924978 0.08589405040040883 
3 0.5843477119177338 0.48556810362497826 0.1838643383034001 0.1373769619516686 
3 0.06213508215983054 0.5346542797031699 0.10161411228032935 0.08990452007455776 
3 0.5605124196426319 0.5129012507130033 0.17825788218600536 0.12267504897799174 
3 0.021459339979208788 0.5304473790654257 0.042918679958417576 0.09546754621945683 
3 0.19105979807366286 0.5169807977124783 0.11002198961874797 0.09035833360616828 
3 0.9712038649993017 0.4850752840003283 0.057592270001396745 0.19034977353447138 
0 0.7961685567810559 0.48618771416315354 0.02919724761178742 0.10384250447210237 
3 0.40773981929631575 0.5471702390951575 0.22567810456727708 0.17315250231687046 
3 0.5119615910905803 0.5180718283321148 0.20401440231568352 0.14944726109439835 
3 0.6144321385282846 0.47605327388495994 0.16753189155786666 0.12473339843110429 
