3 0.06750696563109344 0.5695708005585427 0.1350139312621869 0.09000547594591952 
3 0.49031471367575463 0.5772161850836021 0.1340718848335231 0.12092661883594455 
5 0.22418908896780884 0.5383531956498353 0.09873001186844 0.06918229010291396 
3 0.018773329018462674 0.570374238493723 0.03754665803692535 0.11272324040490522 
3 0.3473979071380596 0.5759796173064653 0.13855206874799159 0.08540178860484028 
3 0.45619542025184556 0.65894805862989 0.3243471137827822 0.2682901327856674 
3 0.6725477356336466 0.5932715476950595 0.11887222012064705 0.11613235241143438 
5 0.9915808599836976 0.5713843463823537 0.01683828003260473 0.1687970406290098 
3 0.04333209600964353 0.5729158035800721 0.08666419201928706 0.15002581357618486 
5 0.17298531562503017 0.5453579898589918 0.09161878227054442 0.06504428301974498 
3 0.3292798534530232 0.6222417845040035 0.3725251408037603 0.3099743092702801 
3 0.8936719389935354 0.6086022245279998 0.1310367127663294 0.1369844710707301 
