3 0.9330137574890944 0.6574802721310109 0.13397248502181128 0.24924381468927428 
3 0.010325803269668862 0.589121024359576 0.020651606539337723 0.07475603914166837 
3 0.31445904938458136 0.6218991155334815 0.18456532800367711 0.11071285933187981 
3 0.9012436371558006 0.5970936079022355 0.09763239929854478 0.11002101610399241 
3 0.09752319799601682 0.6160572362612462 0.17228544504466076 0.09212995422241786 
3 0.5487701772260978 0.6478222416914694 0.1831041260369981 0.1530529901944202 
3 0.021003011990099765 0.5874159420974056 0.04200602398019953 0.06796349211239051 
3 0.6563210666440903 0.6518648611618283 0.1743182868032759 0.16998554058902962 
3 0.06163592148870136 0.6034182530482127 0.12327184297740272 0.08475875572787706 
3 0.21613447231025454 0.6093695844732901 0.19526403791674246 0.12090087907550305 
3 0.036364593778721636 0.5859783844372194 0.07272918755744327 0.08369816254418096 
3 0.46304655529798733 0.6354715945619379 0.18054568161648887 0.1390525315203784 
3 0.7402152602599117 0.608319208746497 0.10350779392514184 0.10337190166683001 
3 0.49745657047905156 0.5977027892589145 0.09825313596555624 0.0751745812602027 
3 0.3652709919275253 0.6195452102074198 0.18080713065333412 0.1447101023138289 
3 0.7761341227882514 0.6637596229088312 0.18707894574983414 0.22638176877068372 
3 0.1259494924928712 0.6019181830614742 0.18327199775988887 0.10654942403567076 
3 0.17875444434529178 0.6001151204732568 0.1872123532841452 0.1041569546920801 
3 0.9838647416758566 0.5877650192752774 0.032270516648286784 0.1261525195498286 
