3 0.1457640792430151 0.57846980002071 0.19992596233971568 0.11677187718224438 
3 0.3582782040639971 0.5874891889681558 0.18329240907256764 0.1446999416160503 
3 0.5702878759880441 0.5608889898714882 0.10697281299597322 0.09422583417282725 
3 0.28016254831292076 0.5831106521988977 0.19452681382631254 0.1358166667087096 
3 0.018999041245121657 0.564784577187689 0.037998082490243314 0.06183288951427048 
3 0.5101383633776445 0.5626640899029466 0.10909349109494436 0.09077747861690852 
5 0.9442231867422975 0.5333598776348921 0.11155362651540486 0.12895112237070047 
3 0.06639530682792558 0.5778246141967053 0.13279061365585115 0.084121012773818 
3 0.9460783080097919 0.6013079806001848 0.10784338398041626 0.13378386549749038 
3 0.04861256726962149 0.5716021124747585 0.09722513453924297 0.07866318956595086 
8 0.6574553748767322 0.6615743764427515 0.049973018241003045 0.1451366539202075 
3 0.023157353956371016 0.5632428400670015 0.04631470791274203 0.07942986891240758 
3 0.09173210001125105 0.5763315060663801 0.1831474061466437 0.11159935465588755 
3 0.21377029037097423 0.595294852110725 0.19324755262185947 0.12094184413223054 
3 0.44697505029262674 0.5565587631520273 0.10170338338339086 0.08483789730188417 
