3 0.1860979015443349 0.570160834525232 0.1852613170000471 0.11258657180788052 
3 0.7567111990211883 0.5804083238101089 0.1259838035979442 0.15448479699237763 
5 0.31627646655321223 0.5320267330016283 0.11454696349471284 0.07838972023485395 
3 0.11367247237412777 0.5818118927686704 0.22734494474825553 0.18901414269461214 
3 0.5372232813598172 0.5768734885771769 0.14160678452929085 0.10476070765197676 
3 0.9877967973866528 0.5793149910880688 0.024406405226694405 0.14161738752675193 
3 0.16704511836609495 0.5855330894629465 0.3340902367321899 0.26280947419322515 
5 0.26425770430081985 0.5386723622592364 0.10775335741243236 0.0745430268721727 
3 0.9437374386818522 0.6584019668088577 0.11252512263629555 0.5597802396164283 
8 0.7673903443501391 0.6674099858574671 0.04862310920115974 0.12595893225160756 
