3 0.5480092487247977 0.6113865367639129 0.20086446194828278 0.17036204984528783 
3 0.039348375258214205 0.5605955450581984 0.07869675051642841 0.08982924155579851 
3 0.0212494205415278 0.5627921840897545 0.0424988410830556 0.08297577451439206 
5 0.5073400292743905 0.5498046441661241 0.14419208404580253 0.09555997390598363 
3 0.7853326906671636 0.6975063802108038 0.3286175340965511 0.4614630775730782 
3 0.977576600960862 0.5937326406204328 0.04484679807827604 0.14408019642973316 
3 0.39161601496587933 0.5859796848151035 0.13343378805109496 0.09030054141131896 
5 0.46674656791182345 0.5608360657728713 0.1395853059913584 0.09309593756205377 
8 0.01066287697622614 0.5977562110593478 0.02132575395245228 0.0757929673192207 
3 0.0017597460147844746 0.5695261878158135 0.0035194920295689492 0.07250305665782719 
