3 0.03577020645842572 0.523715338191713 0.07154041291685144 0.08399603779202279 
3 0.2955453043517676 0.5002904527830393 0.10646688763546586 0.08199953175820004 
3 0.5140317318478522 0.4922243383766889 0.1701069432111973 0.12797979135466447 
3 0.03877422620431327 0.530850027026088 0.07754845240862654 0.08505118793763598 
3 0.48383563251823414 0.5181087817627842 0.16403284541503937 0.11403715870062639 
3 0.0071636902890741695 0.5277976899345932 0.014327380578148339 0.08762014049450026 
3 0.15733475812731187 0.5177388402064249 0.10432297973987555 0.08601640151695404 
3 0.8566373575213462 0.5064489484658352 0.12603707162676087 0.17827117081463786 
0 0.8464983686451742 0.5928641515130386 0.11312159256143915 0.3733499585852145 
0 0.7023810328509447 0.4926814459323723 0.024824040403577642 0.09793771886348313 
3 0.31826421960331064 0.5484642345780836 0.2017721654528293 0.15720229900854513 
3 0.43065226457226397 0.522108063424738 0.18610721252786008 0.13796337989411225 
3 0.5482082147151793 0.4827581118475189 0.1564138711812047 0.11680822425396223 
