3 0.19568811494900348 0.5839540081205804 0.18767499911528973 0.1214870542805113 
3 0.5129420302582917 0.6086226710124764 0.19125481147778614 0.14889073713798048 
3 0.24450229844407262 0.5787658664281885 0.18819419276655136 0.11248979479997773 
4 0.5433904486978685 0.5 0.9132191026042631 1.0 
3 0.14315368954159077 0.5844686415377054 0.18083393168286838 0.10066196491266637 
3 0.4055194026357419 0.6003207150588431 0.19989502151646268 0.1385894369836059 
3 0.9095933757477874 0.6337398495460117 0.1808132485044253 0.23649885146326907 
3 0.3110223808318889 0.5755669080019037 0.19845062944350372 0.1392471617445833 
4 0.1809301875840563 0.5311823227649678 0.3618603751681126 0.8076408086163226 
3 0.6104623467117161 0.6064772341308982 0.19751763573278788 0.18318450139965642 
3 0.7514972436103675 0.5966248189235599 0.18164496460872953 0.18854630195297678 
