3 0.39071365815245357 0.5823431450846595 0.1435946400898622 0.11147848319037514 
3 0.10158934488554187 0.5735148614137864 0.12183079606256093 0.07961603204929109 
3 0.9434665316712709 0.5662468383829972 0.11306693665745826 0.16377158628250957 
3 0.18737726017284828 0.5793190697992785 0.12083256177240419 0.0728800825848285 
3 0.8204551736640164 0.593281852355336 0.12590349006583623 0.14148822206913514 
3 0.6480893302007686 0.6071837755532276 0.16244200937514408 0.1677693617287155 
5 0.3284084977356729 0.5819978227951816 0.1393083457291878 0.10045655381675639 
5 0.006267525508268352 0.5578840339714517 0.012535051016536704 0.04920793402867951 
3 0.0990958018996158 0.5913233060022112 0.1981916037992316 0.20095484464761335 
3 0.056781438268598494 0.5707919333618164 0.11356287653719699 0.1416314726112104 
3 0.2696511887219928 0.5867010151384223 0.12981353530301107 0.07954930542038066 
3 0.6045557804619915 0.5974542505938717 0.14450596192398493 0.11288332582947803 
3 0.5260688511507482 0.5939131005127403 0.13571929833664342 0.1026433773038683 
