3 0.31133471279853375 0.5960694274966624 0.2104953936055107 0.14012774319998111 
3 0.6038889130681756 0.6045741476971517 0.18088098927943308 0.1808479856652026 
3 0.7493372469640701 0.5673424583681207 0.10736316576191243 0.10771615672016942 
3 0.49163651944928277 0.5991847319929726 0.197435311239538 0.16640546992343566 
3 0.07102893898121786 0.580106920592364 0.1420578779624357 0.07600382587764386 
3 0.6708321198805567 0.5717521700838296 0.11280895221535403 0.10405047277649386 
3 0.17382881701658692 0.5923384030477337 0.1729480421489618 0.09703377032952618 
3 0.5472713936680392 0.5477741613981133 0.06525314050563587 0.05504721084877626 
3 0.2059263132353014 0.5904746095124165 0.17317256114029683 0.10312209332781777 
3 0.038250136662792644 0.572032499860521 0.07650027332558529 0.07951938340416985 
3 0.13497862056335633 0.5864479715737737 0.16369847483988006 0.09197371077287736 
3 0.4467611711426862 0.5710116930487608 0.10473091430663871 0.07944883983123463 
3 0.07821812783366641 0.5774970159879952 0.15643625566733282 0.09724145260409532 
3 0.2427471699127736 0.5926094586252858 0.19184614450383122 0.13113893767419496 
3 0.015012736061065162 0.5716092761740328 0.030025472122130324 0.07055929158354919 
3 0.4022115899191844 0.616425228686516 0.19766219617132194 0.14661370384892142 
3 0.5930916816062068 0.5644651516556254 0.10330794677453099 0.09546380373753026 
