3 0.21161734729975115 0.5267021741337149 0.1401388471640865 0.11040521970074534 
3 0.5709986396364937 0.49890518738335987 0.14409180172432415 0.1077691118927482 
3 0.975943306624477 0.47401720403223535 0.048113386751045796 0.17085614564397242 
3 0.9179855072859906 0.4645971839135436 0.07851021977040616 0.14083691557272018 
3 0.28485983971423506 0.5400611636414133 0.1421788103223118 0.11879637124301193 
3 0.9935592857344091 0.4981253389021687 0.01288142853118174 0.15845206532012002 
3 0.41112481582804594 0.5139419796283589 0.13366244899717677 0.10112535923872701 
3 0.07617958262557004 0.5588684394901953 0.15235916525114007 0.13801398558054156 
3 0.1549593425866641 0.5334330527100235 0.1616193225869917 0.12481289245917897 
3 0.4116268394276791 0.5149706651825898 0.14509418353144113 0.11481613461683404 
3 0.6038148737768926 0.4935569964301093 0.13130615493187414 0.10425041502468407 
3 0.05536266966533461 0.6681696681049953 0.11072533933066922 0.25934005732051685 
2 0.22843098153479766 0.6232662205225555 0.07339136663144241 0.1507435476688248 
0 0.21723808833883748 0.5933804125348596 0.06373740409988393 0.20742738731724028 
3 0.9911330773867001 0.5538344553692145 0.017733845226599956 0.25560264514558445 
3 0.9939581732326304 0.5173091659339878 0.012083653534739511 0.20160254581326828 
3 0.9665604787421245 0.46806159341142595 0.06687904251575119 0.1511071247169251 
