3 0.4132090241349251 0.6250312855922876 0.2153727922690483 0.15647993325175213 
3 0.7664778718026463 0.6272157628369517 0.17350212506721832 0.2072691040781598 
3 0.8532970318365376 0.578734256699934 0.10693104764460173 0.11604302828796424 
3 0.6301848598539553 0.628823979532196 0.19554505824905782 0.18877131900327526 
3 0.11439491944612222 0.6086204573310229 0.16554347979946527 0.08391592383970678 
3 0.7622275861560577 0.5872679034813267 0.113869132890552 0.11141775153632914 
3 0.24359595428610725 0.620233678771246 0.17660158232251888 0.10794918604166197 
3 0.5931091919629711 0.5640298953732857 0.06586754787436647 0.057023644976973424 
3 0.2852644910007063 0.6183908042172919 0.17670016009678516 0.11504223568835749 
3 0.005703907844689152 0.6023283639696951 0.011407815689378304 0.0610046611045406 
3 0.06383773289158808 0.6029537231243082 0.12767546578317615 0.09025789358219533 
3 0.19880334051995932 0.614385376453454 0.16734932284089524 0.10158629551548573 
3 0.5087854918430952 0.5915833106326525 0.10598981229463249 0.08403937511306701 
3 0.13356271264869712 0.6063417518355745 0.16459183442608016 0.10509194295252643 
3 0.332459229443542 0.6217451637958549 0.19611194836825188 0.14456191327821227 
3 0.03708961372296692 0.6008810602457055 0.07417922744593385 0.07861559497035596 
3 0.520269358334169 0.6447929600129786 0.19768952992910316 0.16718159908762073 
3 0.6754971351516967 0.580966865908955 0.10417146224682335 0.10198043123386186 
