3 0.9085663198818059 0.6567360098006699 0.1828673602363881 0.6330810492818713 
3 0.8699125705365967 0.598863410214649 0.1412271997995383 0.16130379273500636 
3 0.29799120519764255 0.582579656058865 0.14098790121295743 0.10136458238580544 
3 0.054086356247455454 0.5727957559729735 0.10817271249491091 0.07428976073650384 
3 0.7463074087540637 0.5986921426494729 0.13569466864900803 0.14443929526867522 
3 0.12490709131412037 0.5794411460328633 0.11841922322640239 0.06669030371761102 
3 0.6484464368114312 0.6034481491482024 0.131981837694698 0.1245588690177125 
3 0.44508532358789044 0.6075878922676998 0.18244739503580149 0.15712799718618675 
5 0.24638646533771816 0.583309409239657 0.13650098663269816 0.09196925957356566 
3 0.0405106228913501 0.5789552415216103 0.0810212457827002 0.15099580513723096 
3 0.007013913164398675 0.5585489999857919 0.01402782632879735 0.11193937620243358 
3 0.19469523699436406 0.5869151739180916 0.12632492546087767 0.07220084516612019 
3 0.4729814464701315 0.5948419947824258 0.14432032703833528 0.09886051567513056 
3 0.9697765772318951 0.6124479335736552 0.060446845536209826 0.16418568495960054 
