3 0.06526986782517417 0.5707646779143052 0.13053973565034835 0.09764935930210514 
3 0.5997802303114217 0.6238428406375767 0.17847056698006541 0.15075564394545665 
3 0.258884485614095 0.5973583007678968 0.1866076658778405 0.11415739886423498 
3 0.9684046948448934 0.6353764899440929 0.06319061031021306 0.2073822091252596 
3 0.0810002954020559 0.5678775814779374 0.1620005908041118 0.08968020002039699 
4 0.2260012841748002 0.49759742878786456 0.4520025683496004 0.9951948575757291 
3 0.04701235098810377 0.5695530724831801 0.09402470197620753 0.07961229867953004 
3 0.18051484664963086 0.5860158488522469 0.1906189810502722 0.10723316530798102 
3 0.46406539861912166 0.6048032768359646 0.20375766658252809 0.16075054467211589 
3 0.11607469521094194 0.5656720956964566 0.18455331042373405 0.10915055221087874 
3 0.8504759021179075 0.6424700770077741 0.15617873951840452 0.19629460128265444 
3 0.9870797032416198 0.5895630911455886 0.025840593516760324 0.12055874592804577 
3 0.6760194078753645 0.5806264817266155 0.09677419501583394 0.08782526390069936 
3 0.7027774706664102 0.6251900406130428 0.16599235937818904 0.2034315643585531 
3 0.31019039838339346 0.5880307446571036 0.19774930882514055 0.13505346916504835 
3 0.3922518012041596 0.584936283579212 0.19745610783833395 0.13454771490913786 
