3 0.7041523838863555 0.4959345072252996 0.04072050707895485 0.0389984945833823 
0 0.03030391233996794 0.6437129917935185 0.06060782467993588 0.3357077664876554 
3 0.29408431043010713 0.518471741279752 0.1842992321981456 0.11153554491290593 
3 0.5335881018180725 0.4905330408986053 0.06460642916765223 0.055725496449914924 
8 0.09218018763059686 0.7196336074327075 0.09621951474828241 0.18525862570654503 
5 0.6581393503928091 0.4835715647380357 0.04666767362922564 0.049237776098927384 
3 0.42217147211795214 0.4948429206660641 0.0967712627894332 0.06431052903992161 
0 0.32707643800714636 0.57993030967808 0.1046777670681341 0.328196203289523 
0 0.3352969793893486 0.5749842483557973 0.09474281031124843 0.2668974555703102 
3 0.6120332587007702 0.48989722258453006 0.05011164027716248 0.04097034380284874 
