3 0.11288145091654858 0.5620466539651008 0.17541413876085207 0.10035862401704018 
3 0.6102289787503901 0.5724351034900995 0.132489168757099 0.13591082567550233 
5 0.26818987284989826 0.527837605214132 0.10630893399674968 0.07358348791212753 
3 0.059547381034340666 0.5658573635111419 0.11909476206868133 0.14143382075475106 
3 0.4343519502889626 0.5698004401619029 0.1411516112383071 0.09403647230558938 
3 0.8213845425144681 0.6902008590701547 0.2911083317397939 0.39444033202391315 
3 0.832841774278221 0.5836579729908415 0.10992932712943926 0.13021675903393398 
3 0.09611765855402864 0.5784306743904037 0.19223531710805727 0.19712032002852772 
5 0.21605885634771865 0.5351879064917565 0.09924372187025551 0.06953135600896808 
3 0.588815295266264 0.6351454191441317 0.37777113628368436 0.4287723496211209 
