3 0.11326421701536239 0.5676848982107349 0.17907709873945682 0.10908988105198628 
3 0.3712855529097185 0.5915926888121719 0.19078044055660265 0.12914679428624615 
3 0.15125344660177975 0.5633186832827073 0.18107259155700026 0.09994550712587448 
4 0.5 0.5 1.0 1.0 
3 0.07888397005539431 0.5679735020268771 0.15776794011078862 0.09124142883021376 
3 0.2805050245898193 0.582283652820467 0.19658830974914993 0.12077121134503362 
3 0.6506938103719884 0.6042083121622726 0.1967978417378059 0.19176983056550645 
3 0.20313777275097927 0.5603712168417769 0.19209460122286337 0.12258613021223021 
4 0.06327946995768731 0.5054846471344792 0.12655893991537462 0.4993603933686013 
3 0.9538517075538764 0.5926121269430925 0.09229658489224718 0.2412060836043424 
3 0.44145630503092603 0.5847468452733815 0.20061098447318443 0.15573355168903794 
3 0.5473938066464905 0.5780348654283274 0.19506268126754792 0.15732575732487242 
