3 0.11254232709675853 0.5366832900824298 0.12122658183426242 0.09860866990804026 
3 0.4303585996761588 0.5097700665309076 0.12525651060937748 0.09544108277724238 
3 0.7822512616838616 0.4835940943562506 0.22327010137465947 0.1626131330292317 
3 0.14960858450935938 0.5471006557146879 0.11776692155056653 0.1021247501872682 
3 0.7736769540069837 0.5022046679675666 0.2185699003956097 0.14877191316257546 
3 0.01888709519497593 0.5643473989006501 0.03777419038995186 0.11353327377102895 
3 0.05982874820146997 0.543757907246092 0.11965749640293993 0.10929456748841472 
3 0.2800366167896251 0.5261919515401404 0.12446306746896149 0.10096360650791679 
2 0.0374970379633575 0.5980165112728589 0.057173853817090836 0.11680509907769476 
0 0.05872717770644141 0.5898029294611937 0.053609709384529206 0.16913003972103038 
3 0.6907480209577735 0.5531315429420621 0.3025828072142068 0.2252702988492306 
3 0.7521319184810312 0.5181671338251289 0.2580402950632449 0.1836226676567051 
3 0.7891090859637518 0.4748992066305819 0.1971038316481001 0.14466314698104238 
