0 0.9687720472978376 0.6177993433406225 0.062455905404324885 0.1616587376327215 
8 0.771208931603911 0.6656147707795229 0.14783118254957997 0.14366740980832723 
3 0.7016056676573997 0.6002229015264428 0.312251570509647 0.24929699297051267 
8 0.9061034006643965 0.6794098691911282 0.15035545742784692 0.1628851001709274 
0 0.5401406037453894 0.6191517397107065 0.09035942527503195 0.26191804030579297 
8 0.6221887575372419 0.6660741191815067 0.14654226239204682 0.15226016006426246 
8 0.470882745917865 0.6573770391514517 0.15842296972082004 0.15855118808475116 
8 0.9919277537796981 0.676163464979709 0.016144492440603814 0.1432333892305639 
4 0.9459492193857029 0.5857907827861907 0.10810156122859425 0.11792065050902548 
8 0.017986139965231757 0.8301095923440254 0.035972279930463515 0.33757385378361515 
7 0.4107461868430485 0.5100443213561081 0.7104362789131714 0.9329370913594701 
0 0.9868267011544211 0.6112457936971535 0.026346597691157853 0.15570099295767162 
5 0.19047276776897248 0.5095205226147239 0.38094553553794497 0.3295391328797514 
3 0.5484784737217097 0.6043814166186212 0.20937613858051776 0.1509270028844066 
3 0.13618960338407535 0.6058582670654131 0.2723792067681507 0.1700993348433168 
8 0.5185203283388612 0.8273030308692665 0.38585770504224587 0.3453939382614671 
8 0.18104419677720024 0.8299838666146867 0.3620883935544005 0.3400322667706266 
8 0.8424399347576746 0.8310773546688264 0.31512013048465065 0.3378452906623472 
8 0.02854772418984421 0.6590234586376696 0.04401519654382309 0.0865784375917887 
0 0.4878403780590297 0.6282253369312432 0.08965517727252696 0.2819393975693429 
