3 0.9299689994496956 0.5723322350306982 0.14006200110060904 0.13394792509272735 
3 0.6951151758277563 0.5647824925658435 0.046927264592495986 0.06735230862588941 
0 0.184902918620066 0.5580463790846958 0.02569095163669264 0.09453899921554586 
3 0.640680806697791 0.5778782650933004 0.056704431385695746 0.08692771095442406 
0 0.07079154241134099 0.5662893725486906 0.035404981227024346 0.10565645189120769 
0 0.009959777851144836 0.5719284393024177 0.019919555702289673 0.09088307401640931 
3 0.5466219272994772 0.5830370699541476 0.03423613055125486 0.06083887682092912 
5 0.9594640570176876 0.5085487890152323 0.08107188596462478 0.5031372512447462 
0 0.4721409016349947 0.5649085702473782 0.02328996928480109 0.0746382090855295 
0 0.05912904730943799 0.557289525460872 0.04815261954463772 0.12615109906745728 
0 0.007764999333237423 0.554083173864864 0.015529998666474846 0.12042469986406874 
0 0.04296111896730101 0.5619620646530082 0.03906567720652225 0.12298581140314487 
0 0.18337908086773716 0.5448014355073915 0.028003326896226994 0.09316657029228484 
0 0.06443046551957016 0.5637022140051694 0.03754089283926302 0.11161051956801941 
0 0.1253776675898575 0.5581169635694176 0.03296579139636293 0.10162250911028643 
0 0.09209470957450336 0.5538560864625548 0.03587121844810666 0.1081164615263921 
3 0.5940861746015462 0.5746434663778779 0.032807561690253166 0.062059859643420874 
3 0.848847411353774 0.5785214990927203 0.1309601316132479 0.1366800351838141 
3 0.7848815613669817 0.5672009072524555 0.08160543066007576 0.09237415898468783 
