0 0.24130462730722524 0.5821930919418645 0.024656721032649147 0.07550746171697482 
0 0.7309040670986312 0.5893830780716237 0.03810362898381797 0.11049485603046365 
3 0.4567708760555751 0.5704522248855799 0.0749496839030732 0.04773771201301302 
1 0.2268925517294784 0.5641669346322714 0.046658150446388866 0.07697358120923493 
0 0.6497440492765167 0.5840806415148642 0.0334229965091614 0.11395950462166778 
2 0.3301620697986238 0.5597913568974724 0.03859364824752042 0.05625236115394393 
8 0.2193307658309717 0.5606125726333437 0.032948815663106146 0.028323447653315018 
0 0.5908782366999671 0.5733091817389547 0.023488104091093122 0.06578847381020606 
3 0.07153199942639278 0.5932111344886569 0.14306399885278556 0.1761496550390614 
0 0.2372785707964281 0.5704873728738078 0.02762343764594494 0.07502263170216338 
8 0.18443511404980314 0.5617706862038087 0.03581731280227178 0.030916449571553182 
8 0.3987527949354251 0.6288028608079753 0.11129231853722402 0.11095557940201249 
8 0.12001145789968735 0.5642039338497099 0.03741092374320747 0.031588007753448756 
8 0.2797838730571009 0.573899377163129 0.011118547915840438 0.024197986749560984 
8 0.32323067180239073 0.6208033173662982 0.09921111130338801 0.09723961095732749 
0 0.709887376721777 0.5876507543754568 0.03893582993653595 0.12009194326855001 
0 0.5579665164490162 0.5839742417886693 0.03203685396880964 0.09310597631835593 
8 0.20499263097643042 0.6020406415247712 0.07995014564182235 0.08125951872170548 
8 0.7740753359967396 0.6852493933926501 0.1925987436956558 0.18904976662153583 
8 0.9232486331026024 0.7159717804884294 0.15350273379479532 0.243893562745133 
8 0.08360712460918043 0.5650080246863245 0.042935864701585204 0.03533153263926882 
8 0.25905247848421703 0.6126866386882291 0.08345580438358799 0.08499417819365956 
0 0.6921497692400687 0.5894229360318508 0.0380337096357492 0.10510513889342961 
0 0.462383116741697 0.5822668893704113 0.027957367363477346 0.07687191363737327 
8 0.7120153524762776 0.6935409358376197 0.05976653158113706 0.1245982311258831 
8 0.41611973991194134 0.580902658852269 0.010399034617613481 0.02241245258670435 
8 0.11139611638793963 0.6028551154820038 0.07385278414845671 0.09144839733758608 
3 0.35429839294784515 0.5663154196425942 0.09224813134730571 0.059855435554320026 
3 0.38825348064317494 0.5615388078219107 0.07140071105427076 0.04369262175806474 
0 0.5749949239772358 0.5822129790432535 0.03252515535416961 0.09598380679959007 
0 0.6843365380308953 0.5912324334538 0.03909205271618575 0.10659133863008517 
5 1.41822492620062e-05 0.5050857297561984 2.83644985240124e-05 0.004301990330070819 
0 0.2549724254883853 0.5629059620613343 0.023987763665311662 0.0708781543572219 
8 0.9256772915856997 0.697766579105541 0.1486454168286008 0.20617754793010135 
8 0.7909994538124189 0.707826499012266 0.06241444647011377 0.14394678753538226 
3 0.46599694753424503 0.5580828267379554 0.06822927795374518 0.052369697758587484 
8 0.1586134066947336 0.597071457042161 0.07004974129513425 0.08537548055607652 
8 0.6866445841489144 0.6803007569978392 0.039900660101603765 0.11755903740866908 
8 0.008743669248549161 0.562710365544688 0.017487338497098322 0.038790709571661385 
0 0.6805131955809773 0.571662302933539 0.021002260238903576 0.050384898210545294 
8 0.28419844076373146 0.5748886326172552 0.01146064258372416 0.026153250452054647 
3 0.259883485987542 0.5587602680659088 0.08389989412611708 0.04639505651546876 
8 0.304528538810303 0.5768430967072242 0.010945522115533244 0.023950090364554057 
