0 0.6259510834585855 0.6674531809769851 0.09458163612269736 0.30166066416032516 
0 0.15599398497535216 0.6364896120999873 0.020309404203582435 0.07171998602323862 
0 0.3853894377883562 0.6568643577085298 0.028628366526153713 0.09380389989652158 
0 0.6607680516845201 0.638006147930677 0.03981148112047933 0.13533979287660639 
0 0.46284562982862526 0.6426882669645102 0.030121144889004442 0.11204763533959257 
3 0.7923184669762158 0.6257681302100617 0.13005841787330127 0.10897975394880746 
0 0.5534556847880263 0.6472131495933137 0.04754649102774117 0.14273868962551509 
0 0.24247584020098067 0.637319268388149 0.021306773082943983 0.07509319287852703 
0 0.4940495202508185 0.6500400209585797 0.03392880068030451 0.11742933702828598 
0 0.7388569368951033 0.6805743853232558 0.08413151024682691 0.27415535282289305 
4 0.9178341383562674 0.5496758002793427 0.0750459635904815 0.1388322941216809 
0 0.3938962013749115 0.6125986395202011 0.017837406131096786 0.05712298870085609 
3 0.7057212322563234 0.6225446679648862 0.13022226085324676 0.09541367384578545 
0 0.9229751650870789 0.5992882265588293 0.04992654496717364 0.15447497120615689 
0 0.11228601525369214 0.6478045915340193 0.020211067679281314 0.07150662589853962 
0 0.31385233125465684 0.6586343078583697 0.03710585345108498 0.11962854558287227 
0 0.37531399274125504 0.6578949952286021 0.030193263787841217 0.10780600604292835 
3 0.6829412319851754 0.738521862501877 0.6341175360296493 0.522956274996246 
0 0.32863411198071957 0.6630643727813862 0.035341071860000677 0.09876455724891861 
0 0.4199060178625982 0.6543681627709167 0.037957072959153564 0.1184671819802203 
0 0.3492898395871689 0.6154453921286194 0.018916716735785856 0.060574302709837234 
0 0.5576179824154688 0.6438065573504669 0.035192054461075914 0.12673440567891955 
0 0.1591338275859955 0.6318387578616443 0.019785268117998526 0.06976788872673827 
3 0.9125126042947269 0.5992670501864688 0.09797750040118587 0.08368891679686138 
0 0.33457802871182013 0.657897385852422 0.024323834494561256 0.10072615022805116 
0 0.3566014292930254 0.6551817036427651 0.02623679803288546 0.10022772062690251 
0 0.10826451944182566 0.6450756713733963 0.019711722921146004 0.06680175100632116 
0 0.2969951472286428 0.6629137196670226 0.03714628252816802 0.12066822866640955 
0 0.5201360691749286 0.6407856539893231 0.03325263463064964 0.11465224499113144 
0 0.26475530913725714 0.6346533888006006 0.026509732897076362 0.06976292871077704 
