3 0.846517176692324 0.6166802526819094 0.2810373272445169 0.19893918495482574 
3 0.7359000541442451 0.5868992082410719 0.23910439364582764 0.15117392097730267 
3 0.3650261410971213 0.5091091277985265 0.06393815105838875 0.037525340182845576 
3 0.09112167741807534 0.5166340417237418 0.100506011676646 0.059365662735660296 
3 0.9961284606588131 0.5727677800357824 0.007743078682373579 0.11257245097555957 
3 0.7714168628227506 0.5615789886290791 0.13360639578398106 0.10155051127274015 
3 0.7952200560466514 0.7902159474935416 0.40955988790669706 0.4195681050129167 
3 0.1180669814007516 0.5353606013810175 0.12704841619695992 0.0666137091020572 
3 0.23733936155136084 0.5137133760836832 0.0864591054452488 0.04781507203573527 
3 0.672992107827575 0.5411597771654906 0.10684967114517627 0.0655183183285704 
3 0.03168085976931009 0.510152912351005 0.06336171953862017 0.047243562731860166 
3 0.3241488741880238 0.5093888589386585 0.054044750962576805 0.032576207108928716 
3 0.2797640400648006 0.5166578295201211 0.09503769179484063 0.06291955730299208 
3 0.40885248589596473 0.5122495689710604 0.07467578083163283 0.0465622110549297 
3 0.4741614316169372 0.5436721571640041 0.17632463440466667 0.13075484585640665 
3 0.9418109663365611 0.5652818737197991 0.11637806732687779 0.12035743903948862 
3 0.8949749494134611 0.5734809347311306 0.14553644817172498 0.09263197775524853 
3 0.3369460578160233 0.6093455463096075 0.3408862587777023 0.23258050603497848 
3 0.5894727012746747 0.5841562788182425 0.20635594931215132 0.12798415323201962 
3 0.7206717050329104 0.5462714035897832 0.11016089662126788 0.07442891371697764 
3 0.5341993311286082 0.5676999761080288 0.1844362298727433 0.11612187717694458 
3 0.26175680088174735 0.5827056367413282 0.2596098581258011 0.15590456552816465 
3 0.13509930379758056 0.5369922428788444 0.13836513510189194 0.0788544070851866 
3 0.4885496898169588 0.5465106819242345 0.07681293787717451 0.05317555610552088 
3 0.024101678920816518 0.48425151994597626 0.048203357841633036 0.03961465316658304 
3 0.30115216390044347 0.5397176315493194 0.10446520619082154 0.05969795039142273 
3 0.0523068979141447 0.48157456906378404 0.07498516885564117 0.04442137213312429 
3 0.22576211654767023 0.5754842341296126 0.23770286720555703 0.1454304170857625 
3 0.5341318609459708 0.5337208036380092 0.08341398400199872 0.05862479251467777 
3 0.4466576964924285 0.5199030827407092 0.07881081648225717 0.051647527502234614 
3 0.44662604250287696 0.5460247973312824 0.14489188610864873 0.10317479771266802 
3 0.17096244073625286 0.551166281127237 0.15842642006730936 0.10273165122033921 
3 0.13087139421493507 0.49332164613656854 0.07414914658949849 0.04571042843698232 
3 0.933468890755928 0.5978989834448444 0.13306221848814417 0.24028924839318935 
3 0.5116463453216572 0.6922213013208357 0.47745246396384916 0.38273495813012764 
3 0.3887007550469798 0.6619846632245799 0.38435027538959193 0.25711038949851944 
3 0.6293696749743469 0.5550390831270926 0.10397180589076697 0.062404653756108944 
