3 0.5674967730811862 0.5830344260860736 0.10046009278825607 0.0824383809851271 
3 0.46214128843111424 0.7453302489072471 0.48799822992101927 0.5093395021855058 
3 0.6375879949924478 0.6151166215360725 0.20108330945195335 0.17520261222948458 
3 0.4352942886305459 0.5738553354242881 0.0720147629715251 0.06984562961789209 
3 0.01863835272378705 0.554699665234072 0.0372767054475741 0.06305712143137669 
3 0.7694338164903587 0.5901808084993326 0.08955965553799729 0.10987250288840755 
3 0.3085319038266247 0.5658510939083139 0.08640672620813575 0.07821955085402862 
3 0.9283894709229228 0.6265927393672379 0.1432210581541547 0.23501687800629636 
3 0.9492770705131497 0.5909242612739626 0.09740706652616425 0.12595546285656553 
3 0.07741061855058895 0.5450489793679208 0.1548212371011779 0.13532375477751335 
