0 0.1790120233653737 0.5749682026865268 0.023875864726319806 0.07128963341049105 
0 0.6285636355578794 0.5889046702952906 0.036341432401603486 0.10341903694981347 
3 0.4078522055048529 0.5700867263706071 0.07416910954557246 0.046060950474491734 
1 0.16813482451299552 0.5598606360283421 0.04640806226759402 0.07282034650456164 
0 0.5556876403768868 0.5838386228687086 0.03180850511457415 0.10688014960434404 
2 0.2842798169510039 0.5582744715341093 0.038168822057890635 0.054328408686809805 
8 0.1817118109309844 0.551400983319066 0.0323459925252212 0.027895569856510684 
0 0.5330773526061927 0.573579811872881 0.0226069176401581 0.06208078099411252 
3 0.05287658782190863 0.5938256549108584 0.10575317564381725 0.17573806103033102 
0 0.1779716191534223 0.5675918220563553 0.026788729404840554 0.07113926599407477 
8 0.1473041904368648 0.5588815867308378 0.035460174315065825 0.03034446335506156 
8 0.2564787863713898 0.616525098976639 0.09266237369242297 0.0963495013386693 
8 0.08051532324099019 0.5603640443886782 0.037138693163840344 0.030548847264769405 
8 0.8006676689433391 0.7222128603810696 0.23271700053908845 0.23661978377738163 
8 0.23205115639249393 0.5699453678893135 0.010862596350694639 0.023278951348674783 
8 0.8043852140267089 0.7080150307379661 0.20425325071514353 0.21596201497968373 
8 0.19919188504922575 0.6078652778948358 0.08383457301333355 0.08534546083128437 
0 0.6075323640944845 0.5921120004264016 0.03686520077138518 0.11226040826089433 
0 0.47488273365892697 0.583202581655434 0.03025804869017122 0.0882123463884906 
8 0.10683714980314005 0.5931274557324764 0.06993964175118281 0.07320417147354723 
8 0.5182718716628422 0.6617368326070793 0.1446182589550277 0.15333913901499652 
8 0.6214177340145186 0.6869363659882802 0.18182070069319095 0.2017407479023 
8 0.04415935079964625 0.5617010723642046 0.042523969492881446 0.034137172110217634 
8 0.14963967302054731 0.6026634766004837 0.07193502011746232 0.07562754588078166 
0 0.5945058328672637 0.5876993831453483 0.036027516839402696 0.09839203892667298 
0 0.3953712595157473 0.5799080740031973 0.026904365903803722 0.07333722966608232 
8 0.4591937252813948 0.6691387122412733 0.0495721941943345 0.1008745102721073 
8 0.9452174252017477 0.7337201831924577 0.10956514959650476 0.223698690939716 
8 0.36797419922999325 0.5769615863592515 0.010141204518929428 0.02155944174294878 
3 0.3024628924704302 0.5641436561678348 0.09128043536906102 0.05748561517997454 
3 0.3437588432648483 0.5602570560275769 0.07090182851604865 0.042346000378378414 
0 0.4908352150826791 0.5825277457338682 0.03070562031016813 0.09087524879121266 
0 0.586808325721801 0.5893398380270509 0.03640856557393427 0.09995397173226782 
0 0.1982643073022405 0.5587551663889149 0.023357566131024896 0.06731206239253247 
8 0.6454537494693358 0.6849706960182729 0.17078608262824418 0.17559520812030505 
8 0.5080595869311295 0.6785359025572519 0.052549958064640453 0.11478413903085286 
8 0.9480825922095869 0.7331340694046801 0.10383481558082636 0.2456326344368933 
3 0.42293320981610005 0.5580393590154361 0.0682021859095606 0.05090006867503177 
8 0.460836552836965 0.6617485324296773 0.03481770255880413 0.09785104811292904 
0 0.6186756569708107 0.5729785592877337 0.02062471006205165 0.04900570559474122 
8 0.23348363220739274 0.5710154148179852 0.011141174706925128 0.02508199488615743 
3 0.21395040226028747 0.5564129967059147 0.08295935238056391 0.04475963943553874 
