0 0.3007267417313063 0.5649300046354493 0.029314277856766893 0.07963493502401042 
3 0.23385742180446797 0.5541982852624932 0.07030993638416412 0.039224098011030405 
0 0.5276740764887775 0.564788362413353 0.030038950581208042 0.0787209671467695 
0 0.2561480384973568 0.5600066454453085 0.025280614219849156 0.0832412321468683 
8 0.1790578059148116 0.6361332852115442 0.1055057830892739 0.14084066217992225 
0 0.3468197425159039 0.5562551481810757 0.018898793074333613 0.049719756315536 
8 0.986503962318702 0.746056936570212 0.02699207536259607 0.26090486173043437 
8 0.11756152345880466 0.6289294259754677 0.09546830811319126 0.12541183253846644 
8 0.22528143730850025 0.6321721326092158 0.10669255065721324 0.12527641330579525 
8 0.03144765569217801 0.611972736013299 0.06289531138435601 0.1032347829884322 
8 0.06844419937877348 0.5603060377836702 0.00947534505464831 0.019776407731325146 
8 0.5237655555026857 0.689063113992566 0.1653128423677213 0.20501832163578204 
8 0.8178999613151183 0.76110709330243 0.27877822622409726 0.30255292220865576 
0 0.28391640906353016 0.5666395425125964 0.02901209014227309 0.08612780502695709 
8 0.6791685819330736 0.712151908654617 0.20460157550671831 0.21567164301617317 
0 0.2057457978590446 0.5609909427509311 0.02443321597911542 0.07079884345644315 
8 0.010936470745603728 0.5993000826189034 0.021872941491207457 0.08137794938575142 
8 0.010894484927576746 0.6020897322193435 0.02178896985515349 0.09539634971653564 
0 0.28747871922444074 0.5638676446607267 0.028655953989605364 0.0764445677641756 
0 0.16929096097206475 0.5592888503525938 0.020831459366872487 0.06060337543385344 
8 0.10704425412092575 0.617092800631593 0.08087679762065146 0.10605294683011461 
3 0.1275319635196723 0.5512553877084139 0.0854171006221499 0.04828708192500067 
8 0.2507673198367353 0.6496764005220977 0.11509621643348236 0.15297957367003304 
8 0.603476656955825 0.7180594654294097 0.2142889886118926 0.24625667208383195 
3 0.18705232492508633 0.5478182046038939 0.06783245891253552 0.03670833244389642 
0 0.22397112235538114 0.5621105407819535 0.024934022222764512 0.07283216072529564 
0 0.27477518931408235 0.5673419741484863 0.028389366329812555 0.07772059144253887 
0 0.009177128704127676 0.5493701990383077 0.018354257408255352 0.055226856465859744 
8 0.03011506936908945 0.6047423215600918 0.0602301387381789 0.08864541842545912 
8 0.3022707811015236 0.6542575436617983 0.11630165466475947 0.1483903613377111 
8 0.4507135908446272 0.6868453737647601 0.17680988819222948 0.2053479330348268 
8 0.33688226146492023 0.6650108995808753 0.14187032958492649 0.17882080029038888 
8 0.8682327199247578 0.7389199861854004 0.21893107731047323 0.25219908605901437 
8 0.06603496150493217 0.6172932269896737 0.08444125904800837 0.11186623474937916 
8 0.16164814478848327 0.6287728000095495 0.09270055550322892 0.11823258285400824 
3 0.27170077556387257 0.545381700810743 0.06659932074959404 0.044624403637738196 
8 0.9781477474974463 0.7598061880466003 0.043704505005107565 0.2975949783080236 
8 0.3941989297563536 0.665461485790018 0.14087076775946472 0.16645401646114805 
0 0.3995404935581163 0.5593729113975976 0.01884087564637106 0.04343683510146207 
3 0.05743363897430699 0.545969276924273 0.0775125286575111 0.03809268690694915 
