0 0.19450618092928657 0.5697163695145252 0.023410856453296384 0.08385828166636587 
0 0.40422414954030594 0.6036883019638785 0.02460894622839362 0.09228244021573775 
0 0.510875327798319 0.5887421192631159 0.026970962639060972 0.10673243787490833 
3 0.9896555380855735 0.573298864656322 0.020688923828853092 0.12106336259503495 
0 0.3793795557835033 0.5538530524019067 0.020556070991122083 0.07441113059222984 
0 0.558913481801567 0.6064522057387091 0.03133099035551197 0.11496325459141556 
4 0.9705459422439282 0.4893165102667328 0.05890811551214384 0.23678600450456302 
0 0.38113983342894614 0.5522072595966471 0.021409753573934227 0.07124059148572422 
3 0.920866719602771 0.5895742046544297 0.1286271399342489 0.10923813501851959 
0 0.07045120825741692 0.5866984095163608 0.03237633789067377 0.09939876288666893 
0 0.31549050408055357 0.5844018819735304 0.02910550868748988 0.11345344502600609 
0 0.44820177404423506 0.5949329752366266 0.026077425671513554 0.10076621572349337 
0 0.12454286761544436 0.6093316085417896 0.035375661006382016 0.11802951124385123 
3 0.42761755392773376 0.6549674452286638 0.12101466662539068 0.19674730968166596 
0 0.3273612640386431 0.6057693401316 0.03373521919105535 0.10317428775820563 
0 0.4765803800144488 0.6058679667086221 0.034880895545950565 0.11294816243986551 
0 0.42372138345405885 0.5806956876522842 0.018981796589292586 0.08817570703702901 
0 0.34298087963934343 0.555329194164633 0.022217588974872342 0.07439590034626001 
0 0.1688789813530262 0.56608438139947 0.02347666325542047 0.0840742198461866 
0 0.4707824285365294 0.5525281776538167 0.019066854956534627 0.06439848053643396 
0 0.4429294353220874 0.5830380816492448 0.019631576007590825 0.09518803116504918 
0 0.4628602993024758 0.5756894218998811 0.021258632220702227 0.09345017331353221 
0 0.027125106039635458 0.5709221722005857 0.025735830005354156 0.08799324700338894 
0 0.4894141180834335 0.5857014545664937 0.019611574842905384 0.08427054281587264 
0 0.27306062432001343 0.600145476380968 0.038914026187632234 0.12285652246243634 
0 0.5797590537142954 0.6024128020924802 0.030574819986654875 0.11220486400645212 
0 0.41016042347584525 0.5559417649598244 0.02633498980562095 0.07102532687799548 
