2 0.9083240389587874 0.5872696300438901 0.04944710854068461 0.07798120424147012 
0 0.017264998778032385 0.5613155906262406 0.03452999755606477 0.1349929515257393 
8 0.43770424329081914 0.5861042668431538 0.04564130732943113 0.04057945896346016 
8 0.6939756154021426 0.5872367429082666 0.04036002299796621 0.035530041376056136 
8 0.5516226860042002 0.5884047013590937 0.034168100819358144 0.04185258985536854 
0 0.33659207971060867 0.6541536776576019 0.09885291413142888 0.29947816887619905 
3 0.6195551948929506 0.5813153809471882 0.07386339284372248 0.10862080704441995 
8 0.6537578736965955 0.5884713326113125 0.039857866387046886 0.03837956526767041 
0 0.04526104493032456 0.5654890713513415 0.04655948118596985 0.1653674740143443 
8 0.6199583969796505 0.5914695742256246 0.03877292731661242 0.03968949891695717 
0 0.019503482131174237 0.5674197399758479 0.039006964262348474 0.17227488838325808 
8 0.8814704513999843 0.6097183505677429 0.01613230494565343 0.03419873249915024 
8 0.5030088062439464 0.5844448520604272 0.034126218670599895 0.046410494083921144 
7 0.4008200560842002 0.565637717801395 0.07475798721270493 0.0647661372967808 
8 0.5283430865324639 0.593093419244589 0.024788859074454876 0.03902240571447578 
8 0.5864897656240825 0.5900094289270998 0.044549391776490664 0.044200922020950516 
5 0.31122414479806915 0.5544764966773085 0.0736900084215883 0.08515640184096096 
4 0.2619563309333298 0.543720255574666 0.09877549510733566 0.09405299422674072 
0 0.05911103598316535 0.5575605138444724 0.04008778503819983 0.14969604979612705 
8 0.34582923948363536 0.5786120199043701 0.026625373905415303 0.03784877493086166 
8 0.3779745404163434 0.5833703198664398 0.026567300055644977 0.036992186342908 
8 0.5485724859890826 0.5889663288554309 0.03639319992598452 0.04102416197202849 
3 0.9834313942692489 0.5951293963283693 0.03313721146150243 0.08816132946278363 
3 0.9561076678617747 0.5931811327259997 0.08778466427645071 0.06075558843286248 
0 0.12749669564855146 0.5603379856544575 0.0433006624732392 0.16894469833144796 
0 0.036737241094041174 0.5537054206011787 0.03834982056927779 0.1305163930894656 
0 0.47047688956314176 0.6415606587370366 0.11962157697755892 0.32129605484413964 
5 0.7343720211528013 0.5714683955824285 0.07935994952471162 0.08188615191887512 
0 0.9997726491376159 0.5939026939316472 0.000454701724768114 0.11233291683393386 
0 0.09159193881471325 0.553232444330418 0.04605494624046139 0.1742181520426766 
0 0.41950948886283407 0.5671799278814672 0.027107073448136277 0.06743959688226747 
8 0.7377571797246373 0.5961278673640413 0.010925734706831492 0.019937513657630336 
3 0.9921446550232104 0.5782104451531812 0.015710689953579333 0.07064564367618605 
8 0.3980963506815472 0.5844768799784775 0.04068198961414304 0.04033704141891102 
0 0.00479150027383255 0.568647799933244 0.0095830005476651 0.18099105438438895 
8 0.3616949229638847 0.5830639222136084 0.027530609310155114 0.038788112194982634 
8 0.47303965266792797 0.5856331764127828 0.04033732914583553 0.04765892753103654 
8 0.9324057733151782 0.6183617485767408 0.017908594736064033 0.038531962444058966 
8 0.7308995977235963 0.5896536268695647 0.037568227080480486 0.03560783791817951 
3 0.8373387002228375 0.5902583958910557 0.0995547138344483 0.0642963379191342 
8 0.6731833465122066 0.6000402989480639 0.011458036226103871 0.024130198088461664 
8 0.9669943994970442 0.6175852102114153 0.016667862397243313 0.03854929667880583 
8 0.9076726808158035 0.611965553582955 0.016165930901790942 0.033751683578710626 
8 0.5266463900292493 0.587959253167983 0.030336830440020605 0.03991059074982287 
