0 0.23123400525169124 0.5716062322942062 0.027967067668847323 0.07497604917203818 
3 0.18914706677866464 0.5637799857400949 0.06960197499601266 0.0377795409150088 
0 0.42077952509639227 0.5695981081946229 0.02764256948712699 0.07208981212976501 
0 0.18984654003667709 0.5721959943362246 0.024057096598649467 0.07855363374393878 
8 0.03879667705967425 0.6318571758215062 0.0775933541193485 0.11793707578682074 
0 0.3021975969692627 0.5649082504905388 0.018164117209743046 0.047255433983666724 
8 0.617310312568186 0.7163357334964843 0.17210035464232099 0.22217547900803208 
8 0.015799361343742574 0.6259491179196521 0.03159872268748515 0.10514222364669637 
8 0.08264472337077812 0.6261724771790022 0.08596735349212269 0.10547886743708887 
8 0.028086902243084515 0.572829110673437 0.009285385416771309 0.01914067245709513 
8 0.28534452840309416 0.6683550819218317 0.12318416649411905 0.16158420070157326 
8 0.4089453386779732 0.7039254614212023 0.17542941268525597 0.20789570541111277 
0 0.21280121965615473 0.5739596274481096 0.02755461782275848 0.08101442254583756 
8 0.38109161784297363 0.6807001291446348 0.1418140606174106 0.1626837887294001 
0 0.14548300461756855 0.5713065458746271 0.023278767327745448 0.0672285811599636 
0 0.21904793362627606 0.5714362651980953 0.02727996452078301 0.07210400243106625 
0 0.11359008812893043 0.5733331778871272 0.018869790327499168 0.05807022216857427 
3 0.08290904732392253 0.5631250271063596 0.08439544493279667 0.04643471138012318 
8 0.7897793067665082 0.7593274398640069 0.2870111745700726 0.29668445635674134 
8 0.08373493186722925 0.6404889466229187 0.08827709135135141 0.1252948381992615 
8 0.29430738771654197 0.6805866726218753 0.14424058208756077 0.18029142511278287 
3 0.14923394286780686 0.5571198053795035 0.06691234202750349 0.03532632858201181 
0 0.16377334461542156 0.5703121961525793 0.023780938625862422 0.06909364652844438 
0 0.20603294306497408 0.574773085317542 0.026921606160567463 0.07330390609591803 
8 0.13611595115982844 0.6441350360325466 0.09165430587398836 0.12272531118466026 
8 0.8013612335864677 0.7358816008325784 0.25152704652961605 0.23894226437122118 
8 0.20679795637725004 0.6635625045705553 0.12571622509865044 0.15758725279823996 
8 0.1378125110382319 0.6514854768989288 0.10445263944789877 0.14255090822773303 
8 0.4881610742022204 0.6952206770272379 0.1456475836369396 0.18239351774473853 
8 0.03763898572448502 0.6248971814838172 0.07527797144897004 0.10125743242028205 
3 0.23147298983129602 0.555292651553798 0.06632333807123303 0.043232675054237765 
8 0.5703611279030318 0.7246189417693245 0.21616653198976088 0.2469105281588884 
8 0.19738965470267114 0.6540730518693876 0.10619433668844314 0.13469637912329707 
3 0.02693135330140779 0.5582280271596228 0.05386270660281558 0.036125159059836154 
