0 0.5730346446853887 0.588566455102904 0.030248791854749088 0.09669896509227038 
3 0.708277769753828 0.5853984989226044 0.07839953807555773 0.057124641343705526 
1 0.5438464595048823 0.5775094677625723 0.047243303813213164 0.09885286583764165 
2 0.5598531896436155 0.5709625167190205 0.04146154204162592 0.06546110489178078 
8 0.14672799814271445 0.5665727180686729 0.04714307492664108 0.038415204552662834 
8 0.409348889606052 0.5698979737518272 0.03573066261818823 0.03208022784406795 
0 0.9083370971466761 0.5980705530075625 0.03390604523250531 0.08713344048901565 
3 0.2607180366838365 0.5771003765740415 0.12864650057577165 0.14693223365179234 
0 0.5493759848488959 0.5806385316894384 0.03332685606246763 0.09457788930912298 
8 0.37259886885934507 0.5707635889005899 0.03722743591073581 0.03493975692232621 
8 0.32236063647192015 0.5706057251776668 0.03801539846874622 0.03589401995626923 
8 0.5205881047462613 0.5831253824420517 0.012792887493241025 0.02847149018401448 
7 0.12515315174578956 0.5412048016011678 0.07711147907004627 0.06253715421322485 
0 0.9874491492471483 0.6128907925028073 0.025101701505703178 0.12005076240407991 
8 0.8800486668361147 0.6562959006869258 0.17503868008768933 0.14604943877662133 
8 0.671120941878786 0.5907478676709583 0.010379474695251929 0.021061656554961197 
8 0.28728526233888974 0.567855260613348 0.0439114413826044 0.04018209144111691 
8 0.9787911240116711 0.6681247168942069 0.04241775197665803 0.14048325575665344 
5 0.03310072115957275 0.5378570696961985 0.0662014423191455 0.08349937373227324 
0 0.7908642967586721 0.6069518279089069 0.02995136084880713 0.09733985215576316 
4 0.020066713446105486 0.5309449667642147 0.04013342689221097 0.09277303701361884 
8 0.6820943810037698 0.6516307011529382 0.1585974559106824 0.15557214693491017 
8 0.06696391634498473 0.5638685822189345 0.024796612340404946 0.037403371254810434 
8 0.09196947698221566 0.5675125550189897 0.024503141479901763 0.03589002401276995 
8 0.6236869364970355 0.6241499373592831 0.12437691458873516 0.11250403175962768 
8 0.6627578596013745 0.5843930062600992 0.014001649526130961 0.022444215236351334 
3 0.6172222010699012 0.5784416398531577 0.09720183225114347 0.07229870606651868 
3 0.6106062634113877 0.5714093359930515 0.07437372877302863 0.050865060549039894 
0 0.9944129842671976 0.6026513712395194 0.011174031465604771 0.12056558103297764 
5 0.3070542440652283 0.5502637981560151 0.077139989148253 0.09484007809855774 
0 0.5523694161603001 0.5778093332146768 0.028494056935439716 0.08863974216628637 
0 0.12859954793343958 0.5483497280191075 0.02791354576882725 0.06394797675138578 
8 0.7641309697482033 0.6758269230721676 0.04385121818486965 0.10859603999712969 
8 0.4423333371721578 0.5769075098464816 0.009455620468830403 0.01768555063086195 
3 0.6806321811146302 0.5674377030637796 0.06974871495112965 0.060224254294043995 
8 0.10702194152825609 0.5678170497771903 0.03937834257832902 0.03871729919864606 
8 0.7388250211910267 0.6485893151506718 0.14730377860108176 0.14391245357460725 
8 0.07922802898403941 0.5661345580868197 0.025792461508424094 0.03791092248823342 
8 0.18636409981730162 0.5641995392145804 0.044335412054465596 0.04479429192928952 
0 0.9854146266999979 0.5877034985614678 0.024991931536972205 0.058309735934575745 
8 0.5415688366540008 0.5897616977039919 0.013551797754260662 0.031281477418251595 
8 0.443463174938337 0.5706736228800434 0.03283131823375335 0.03186905009760513 
8 0.5755689437831086 0.6319323520552803 0.12575074466580688 0.1416510483881834 
3 0.4917740900547124 0.5676957783824766 0.0876420515365335 0.05458595031889211 
8 0.37582351861379865 0.5768740750885901 0.010301516382126508 0.021551711541618362 
8 0.5453597522472025 0.5871692829925067 0.012646612805188796 0.028067736795833173 
