0 0.6593624108853362 0.6764184048261835 0.09907744053872698 0.3086642447766511 
0 0.1278123581442146 0.6468389837450759 0.02111340609572581 0.07459404117071029 
0 0.3495637646228288 0.6684660081787392 0.027633073682149956 0.09055948159764449 
0 0.7362586203910927 0.6497044800578728 0.046064272760667394 0.15263388504192915 
0 0.4367743303936929 0.647432104684882 0.028513736205015405 0.10585334761158037 
3 0.7976537370430501 0.6276564990045427 0.13020122843259074 0.11012541546357472 
0 0.6340277313934545 0.6491810569728529 0.051641583967184775 0.15460724168253995 
0 0.26165011013452577 0.6385477317150756 0.020481572714028572 0.07282147841895065 
0 0.4664780207190933 0.6581277609646987 0.032327832896177786 0.11173551040986922 
0 0.7741594695650597 0.6985124284733553 0.08936669328035705 0.2848458393815474 
4 0.9021413656691297 0.5485793116790367 0.08979874502238928 0.16466604799217036 
0 0.3701726760828181 0.620036531036659 0.01880689285935006 0.060059426887769406 
3 0.7135581019575713 0.6272435055684668 0.1304059265109366 0.09698007013533735 
0 0.9895932165243871 0.5943627568875716 0.02081356695122551 0.14827465760673117 
0 0.08683991327089634 0.6566183328824233 0.019365221598796216 0.07639683487025081 
0 0.27928333833271973 0.6614836637428687 0.03513894112885332 0.11290241546874819 
0 0.3576107549063935 0.6594181569925587 0.028789836699584584 0.10246442568804254 
3 0.24017835962051318 0.7879691440925712 0.40779108142209486 0.42406171181485774 
0 0.3031192395361966 0.6698853721525875 0.03437106491071717 0.09479334603573332 
0 0.39851228331013355 0.6618051598099616 0.036022655033886936 0.11237496190437785 
0 0.3251439124664452 0.6135370212902647 0.019670507025718147 0.06351970906940298 
0 0.6046780945411568 0.6383087140024359 0.03821796931771083 0.1366434864996443 
0 0.13312621614078804 0.6432746086834388 0.020570573733040404 0.07256894524632748 
3 0.9201589368506703 0.5999258127345544 0.09555133905299727 0.08452380620914236 
0 0.3493953804285854 0.6258342715469123 0.014265247819697251 0.0594929133910403 
0 0.32411797227068095 0.6635495334764243 0.020908580862274526 0.09648053384323955 
0 0.34500832288719835 0.6566466019327744 0.022157184671700633 0.09538582388118017 
0 0.06617026937353286 0.6524128870436712 0.020842974763427717 0.07086885931443652 
0 0.370139694595079 0.664751922443598 0.022079348211333498 0.0855043786606076 
0 0.27384323460744703 0.6696466489380501 0.040091254749364466 0.11291286108746892 
0 0.48914462315751844 0.6510017925983105 0.03182938909836025 0.10967488183625416 
0 0.2938326883601298 0.6353854683945481 0.026437357943865827 0.06929294894574632 
