0 0.37343098389302215 0.58821144724315 0.026751603339356722 0.08489006676836786 
0 0.9571209245859474 0.5821865297253476 0.04301842019375073 0.12724198073502968 
3 0.5569903474846695 0.5648993307147884 0.07652678609685275 0.05148977288984605 
1 0.35192074341160706 0.5616017953406534 0.0471477976836929 0.08643893107488572 
0 0.8584827535561069 0.5800660375894505 0.03890776652239438 0.13058604983388186 
2 0.42204265896415794 0.5551037489567637 0.039705589620871465 0.06039796548941253 
8 0.024714864695118105 0.5627372029008763 0.04727966400197138 0.036514946825159565 
8 0.2934509003674667 0.5565146605215696 0.03431937663535415 0.02980020327594237 
0 0.7138012962164283 0.5720993479849642 0.026963326494989986 0.07437680593512268 
3 0.12145966698490308 0.5817956717331098 0.1747428497332137 0.16744620568374954 
0 0.3618670538959667 0.5663090731240111 0.029815618017050908 0.08360288782903562 
8 0.25741824688161 0.5579776518317199 0.036655146731480674 0.032554814631606886 
8 0.7894606359847245 0.649792508091492 0.17489138701331214 0.1543432881204933 
8 0.1984070771066204 0.5609741418718791 0.03802416729678559 0.03375620641961986 
8 0.3761304642950367 0.5687773177260155 0.011781205996911126 0.02615106960645783 
8 0.6491731310717406 0.6433208357171606 0.1488604344695085 0.13171560758496373 
7 0.02454140925816274 0.5366603680730369 0.04908281851632548 0.05967120611089102 
0 0.943042922885015 0.585031719144049 0.044824526991919814 0.13926856894904902 
0 0.7335375746151322 0.5828434420058467 0.037334218039888616 0.10394882140955683 
8 0.4461255788530107 0.6127936339108966 0.10931504403463166 0.10344192039381546 
8 0.526866047844446 0.57044957150932 0.009401631417172566 0.019307189428311503 
8 0.1620323900544813 0.5597774578536867 0.04384266510811985 0.03781087656047646 
8 0.5359144079294009 0.6260019504657848 0.11869087872050038 0.11081872191358268 
0 0.9037814830503189 0.5895167704733719 0.045187184497026606 0.12032646297740926 
0 0.5945557237367386 0.5808519696180121 0.028986232077584474 0.0850611682698859 
8 0.512980773194484 0.5748950346737799 0.011067915796140753 0.024146223138942623 
8 0.31796979960982386 0.6147945804271725 0.101049311676718 0.1145250892403661 
8 0.5238342799928148 0.5649258365033867 0.012842340743065393 0.020596560563355095 
3 0.4597406854659705 0.563626494821356 0.09427701853674748 0.06515303723749576 
3 0.4769748764452208 0.557133382092111 0.07252897347413124 0.04672234666889456 
0 0.7517375036328939 0.5797068080309916 0.03777764960319445 0.10691457970336286 
0 0.8950349628181692 0.5813527010530523 0.04584735378036498 0.12111437316452768 
5 0.10465181372291583 0.5484488841738083 0.07966364960581754 0.10597622517255262 
0 0.37345571975210634 0.5622958099905637 0.025695521964313527 0.07873958821065925 
0 0.010328364227487404 0.5457679826950221 0.020656728454974807 0.06082255028481509 
8 0.3655653536595909 0.6292097680014455 0.031039668240768634 0.08020278490713294 
3 0.5513404945637564 0.5512353247901213 0.0684438183593602 0.055677289224563345 
8 0.002141535720237933 0.5626446152104743 0.004283071440475866 0.035625078039868946 
8 0.3711196472105564 0.609777321272109 0.09509275572448615 0.10654376228828431 
8 0.06626600636423616 0.5594299951861168 0.04582937527559763 0.04251312572995561 
0 0.8040374292732391 0.5663237246362005 0.02215681216178126 0.05331133477262407 
8 0.3874430150333889 0.5721136128089878 0.012280783398535604 0.02847736415334667 
8 0.32731943248065326 0.5579001928887267 0.031464326188372777 0.02968761370391197 
8 0.262586710443028 0.6031182408435654 0.0848481232324043 0.10896801350562138 
3 0.35226283048554285 0.5541235166485459 0.08587124700884548 0.05001456152299561 
8 0.40119059241599586 0.5719345148784071 0.011608227747569302 0.025833465484343177 
