0 0.12006934576749967 0.5717144010986847 0.02246480660035646 0.06674942813515808 
0 0.526268204002772 0.5824244749406672 0.03386515716912804 0.09560673472998972 
3 0.3572009703547846 0.5686812346266845 0.07308671869443516 0.04386589081892832 
0 0.9354769064657031 0.5829302508354421 0.03948706002637849 0.10565528903035322 
1 0.11240367902477946 0.5597851915930231 0.045261272712591366 0.0682567591948021 
0 0.4632981699845056 0.5790867254036851 0.029486244752169315 0.09932016296777395 
8 0.14577988426005054 0.5459470495514717 0.03141566607509839 0.026713278202249172 
8 0.940272860327068 0.7343991197120383 0.11945427934586392 0.2653342986721815 
0 0.4770407778505675 0.569795665417334 0.021339440353609688 0.05819115950051052 
8 0.7818567552734658 0.7233490352582422 0.2251499793913915 0.24534060903457974 
3 0.026308357604666367 0.599436376204134 0.05261671520933273 0.1645210484906171 
8 0.939287069784214 0.7279833117500794 0.1214258604315721 0.22551023425330666 
0 0.12166050473031546 0.5682937467865143 0.025307676548446328 0.06683786017141838 
8 0.11211406061583536 0.5621184728825405 0.034685572655617544 0.028953061187928092 
8 0.13491181716989573 0.6079324954212365 0.0770280850814655 0.08308024200463636 
8 0.04346178145348384 0.5623574287941796 0.036385778764976555 0.029280914011422143 
8 0.4750858497884173 0.6764441090431796 0.15811177761126238 0.17584188592857003 
8 0.18607170633201311 0.5754316564122055 0.010390570075131151 0.022243602463818776 
8 0.5037304770881982 0.6719608053436339 0.14513955613400797 0.1660186767669356 
8 0.09156511315164284 0.6027559123396865 0.07050042108489875 0.07443664648875155 
0 0.5074615057580829 0.5846958322549047 0.03410344710648758 0.10379578692275579 
0 0.39268617704417325 0.5796635386284303 0.028070247262046665 0.08298098559127033 
8 0.31884872263268677 0.6407495356907945 0.11099016089467967 0.12495783358227502 
8 0.36697841208687243 0.6549685034026336 0.13371920197663403 0.15717978377364325 
8 0.014105447691209944 0.5650343454103942 0.028210895382419887 0.03238106805069732 
8 0.05358094364416601 0.5978891507274401 0.061515360986814614 0.06656757099718151 
0 0.5001943082577293 0.5822442276641996 0.03345521151732058 0.0913155075416923 
0 0.32925779965514884 0.576479073606501 0.02485162961007685 0.06917048076143967 
8 0.2642269446163288 0.6482654967593534 0.04117534296099908 0.08295506399857168 
8 0.6259612390797602 0.6888446869310346 0.16158211514998036 0.18379979794186613 
8 0.3189830644285468 0.5817619517382071 0.009732361240165872 0.020746631635721543 
3 0.25220160929128205 0.5634726513013784 0.08951184465463832 0.0545125979116946 
3 0.2984104688485283 0.560207255657833 0.07013477012378953 0.04059862407835927 
0 0.40826377798212526 0.5795389559606059 0.028541835166418537 0.08528889637831216 
0 0.4900531643531346 0.5824726695018727 0.03356721772314245 0.09267956308108713 
0 0.14214502565953133 0.5602238854892428 0.022194557022722067 0.06354648393169611 
8 0.4032659773542456 0.6581739325355214 0.12626416277320687 0.13935650176851822 
8 0.2948853891569364 0.6538253378487747 0.04411292922984554 0.09321171815834607 
8 0.606672986316806 0.6915951544445056 0.17811664264825253 0.20179309201058648 
8 0.7908122631261761 0.7036352054887527 0.20665431241238894 0.217005253807812 
3 0.3807283229969582 0.5566566166223285 0.06769099481200379 0.04889773707704661 
8 0.28069717904715186 0.6445988712730801 0.029942677165319866 0.08210636470329455 
0 0.5571268979886846 0.568268136084688 0.019939062248882707 0.04724812855906123 
3 0.16977944254494523 0.5574301588614061 0.08127124894188423 0.04259767040674287 
