0 0.304408289128741 0.6047342391974004 0.08527811670705557 0.29131545919695606 
0 0.4480182313382769 0.5756398290490906 0.04408891089197169 0.13650943335161325 
8 0.17058503459487337 0.6080883754932287 0.12069933910954156 0.11231528238100945 
8 0.8172907187423425 0.59796023032235 0.05452491175294242 0.04682642683782016 
0 0.5296457946522254 0.591733658408248 0.059110068312365274 0.23290823473666894 
8 0.937126813410147 0.6049501899540686 0.04517746637619212 0.04996651475179495 
3 0.1351530172695032 0.5510078552683187 0.2703060345390064 0.20601124209000096 
0 0.5440284004564603 0.5791342541381876 0.054659778180101454 0.1750554370554519 
0 0.6095693522395207 0.6033763327839541 0.07219014206924435 0.24434117749674555 
8 0.883172071319524 0.5978910141601447 0.03683165587988583 0.05426784995710338 
8 0.2783472944207811 0.6140840793223593 0.10507466305223663 0.11781782937527434 
7 0.7494302669443872 0.5740670960733634 0.08762185916534293 0.07271318949083688 
8 0.43476620687950673 0.6880557796808768 0.03763259126662831 0.12078226390124074 
0 0.5674286377860382 0.6508256209038675 0.18735527095185645 0.5952740928892466 
8 0.923154150311988 0.6076962637573188 0.024790506583838693 0.04662785491167142 
8 0.058646586640630986 0.613940236957481 0.11729317328126197 0.12472276024906699 
8 0.9956247835761377 0.5964297764569892 0.008750432847724596 0.05370888878502026 
5 0.6482210620349586 0.5679616748355326 0.08911816915418924 0.0918582598605554 
8 0.9602912045003844 0.5946619397247638 0.05103405303391725 0.047097189897881184 
8 0.36337881308391823 0.6130200390771267 0.09260498419341087 0.11314640694409446 
4 0.5789598753532893 0.5577263691478215 0.11228634868997872 0.0981211281317884 
0 0.5168343822870921 0.5693593750152559 0.04016809930069435 0.1538805349570725 
8 0.686843994403393 0.5948675751180175 0.03444146121478951 0.04179139189456969 
8 0.7358992681479507 0.5988034436467667 0.03533968099895603 0.04173253280294716 
8 0.9659029465640248 0.6057407598825211 0.0567862542807147 0.050385944955010906 
0 0.629044307166587 0.5773211875646704 0.054641544525657934 0.18355384380900003 
0 0.4686540172974085 0.5728579139835892 0.03745327659005703 0.12989083395172454 
0 0.5745220411677321 0.5736732669903634 0.05333920817144808 0.18743103340606246 
0 0.7966302312808909 0.5786784077832441 0.03231319571545484 0.07749745762361664 
8 0.4520637638287214 0.6731917917683137 0.03512465883383584 0.10357023187558159 
8 0.1228602272976114 0.7032216323975796 0.23649511930299313 0.20520559703055205 
8 0.7681447915935149 0.5999864264576856 0.05210853679907089 0.04618274247301909 
3 0.07775502741699954 0.5700382097854615 0.15551005483399907 0.13075465641399167 
0 0.5736656219803952 0.5993930127786311 0.0767630106613798 0.26184242605572106 
8 0.4921096891871317 0.650007999043437 0.03414407879665433 0.09635508357495609 
0 0.33889506346626436 0.5870469488497013 0.06140946135573632 0.22963639998287053 
8 0.711072658772625 0.597244664074663 0.03572962356085568 0.043182162383141834 
8 0.8548662894133031 0.5993473835857989 0.04419360941732393 0.05540645172643319 
8 0.4899232411025712 0.6378416546574477 0.02992841077096145 0.08046705541151734 
8 0.015841206038135068 0.7033778971430779 0.031682412076270136 0.2157035428860528 
8 0.4063367728152278 0.6512385543402889 0.07564888750066587 0.16290742943814862 
8 0.3244248208793121 0.6882436881579465 0.1993967686268358 0.21393193139657973 
8 0.9064068670594178 0.6007714884728618 0.03469154570495107 0.0468928915380612 
