0 0.8751371293048908 0.6578604501415732 0.1164408513402708 0.39774891946408825 
0 0.7651659894765866 0.5977944761037176 0.05372374914540103 0.14849962860962593 
8 0.5426080654592919 0.6385994042685368 0.1243843057131513 0.12543238216266345 
3 0.4854109958804895 0.5783266201312058 0.2778666140173435 0.22227365586998024 
0 0.9367608086578859 0.6070374593382906 0.08022750758548654 0.2015022618648643 
8 0.6518325607925186 0.6497261268113182 0.12167394619620062 0.13896158676256226 
0 0.3056255987639275 0.5990842070697661 0.08354851630384573 0.2361441959445118 
7 0.9984393880154977 0.5893786327156282 0.0031212239690047738 0.07838130080333132 
8 0.4055537109259354 0.6410650567921985 0.13312571464642375 0.13576700875725237 
8 0.2606957670852173 0.6370264929486109 0.15820717780837798 0.1473278666904478 
5 0.9246333020722863 0.5873534014699098 0.12204735166096982 0.10577104546713227 
8 0.7729868876944389 0.6474262444270095 0.1312929879203864 0.13922427885732455 
4 0.8227814136812097 0.5781621547092943 0.1438449180048437 0.10926428882780272 
0 0.8706412203161011 0.5854054936271836 0.05670177653691795 0.17102272884062258 
8 0.9733330358418492 0.6171324703153136 0.04926959321525686 0.048919613093481 
7 0.18895512805685358 0.4979543151640427 0.37791025611370715 0.7598664905631415 
0 0.791423450052312 0.5908190068302545 0.04731988404323389 0.14271465973815092 
0 0.9674277987922064 0.5825162759852048 0.0651444024155873 0.21692370727757299 
8 0.7162950638390901 0.7791273320044418 0.29688807507187087 0.2761212493167487 
5 0.10687977035543171 0.5006869632586686 0.21375954071086342 0.31481837743048785 
3 0.36572033246566804 0.5864907006891059 0.1992554200564791 0.13891066967306345 
3 0.04263030164332351 0.5970206683147906 0.08526060328664702 0.15696295045817293 
8 0.14976620307961333 0.7823986077593581 0.29953240615922666 0.30756195909645156 
0 0.8495592749046759 0.6219404300986532 0.09436975763717584 0.3044867719283295 
8 0.992645304777389 0.6095350009652207 0.014709390445222112 0.0480549426180826 
8 0.9606537784551226 0.6911243088063566 0.05115636936359664 0.10435396824935904 
8 0.011555375833507815 0.7830614611088589 0.02311075166701563 0.2782871692205577 
8 0.4420377753331111 0.7755170377870162 0.3131573539065524 0.3023981588403898 
0 0.24984329027571028 0.6080891855297988 0.07731134651772728 0.25595882175431706 
8 0.9287530785777861 0.7070771539014403 0.14249384284442798 0.22421585006310224 
8 0.9079536766947512 0.763067052440209 0.18409264661049748 0.30236931308954773 
