3 0.32129990562867095 0.57199297868426 0.10013866323023746 0.06630814334610818 
3 0.03694190123293412 0.6071379476373123 0.07388380246586825 0.16799741191557044 
3 0.14603047583965917 0.643071865222044 0.29206095167931834 0.2558680001861198 
3 0.21883764462713914 0.578176068376859 0.18749099153352874 0.11374239347395632 
3 0.22041842965751898 0.564071321670832 0.08074876682130754 0.057941992132047065 
3 0.44229944260395954 0.6037554349038108 0.19572059208177572 0.16385200591852367 
3 0.4454207716320025 0.5778683639960149 0.10686225965647986 0.08444831041812709 
3 0.11780037567856264 0.5591925042510002 0.09211635635472742 0.0646319453563923 
3 0.5117290366432635 0.7586133180058136 0.5103303810723162 0.48277336398837273 
3 0.6990823772985707 0.5793925051852089 0.09443891732040342 0.09800983860400164 
3 0.3656165606476871 0.5829200081327747 0.1862944585468394 0.13801643488171136 
3 0.5454634737335007 0.6298060030984348 0.19255870576386613 0.1653180957245405 
3 0.8524650034116033 0.5767048168964193 0.08932192260827264 0.11018765235192916 
3 0.5617362282198822 0.5878163400590213 0.1058794950748888 0.09490561139281264 
