0 0.49642716324475067 0.5238101656981959 0.022679086162076204 0.08664733313207294 
0 0.7118872689955288 0.5558187702078982 0.023562959245263217 0.09758292487298699 
0 0.8709354115445298 0.5404614766517648 0.0329550848826662 0.11518144529474929 
0 0.31363067045582 0.5578800442280902 0.03533181665031453 0.12276308840205957 
0 0.7290270681666781 0.5071577813063932 0.020835220280598463 0.07810547652291676 
0 0.9362680330320666 0.5728004459969346 0.03999095593996614 0.12806249120122573 
0 0.6773189781612788 0.5086189110147691 0.0243612589553652 0.07969305079683812 
0 0.4025380304014212 0.5540462724185364 0.030003043471104433 0.10635810023112022 
0 0.6596993104614418 0.5199283738903081 0.026315868100923723 0.11396012988455229 
0 0.19382882085599132 0.48419998049836055 0.03765201901706647 0.10213972095948981 
0 0.811593062436838 0.5287939527440947 0.02455418930082388 0.10503069904090422 
0 0.5553379852364674 0.5552357462357257 0.028588007507184657 0.1111712153165453 
3 0.9465696790530767 0.6111954711884212 0.10686064189384667 0.1909600716035805 
0 0.6218175888691357 0.5451787740288798 0.03388594636301136 0.11275466852515087 
0 0.8377233642747853 0.5313611978094638 0.036734394196515016 0.12028776389193695 
0 0.7814908420793145 0.5236683184748369 0.022718317005461727 0.0935734514595481 
0 0.37500780087503316 0.5805583175866587 0.04230571321766029 0.13468239388801995 
0 0.6467008982392655 0.5068079395390271 0.024680023591793443 0.08207934974359256 
0 0.46697903080813236 0.5168038378606635 0.02263536699340186 0.08772179455113821 
0 0.8324921583677771 0.4988909289386225 0.02242496955526235 0.06954050304966435 
0 0.012752489657524044 0.6591997771851685 0.02550497931504809 0.3363501998006916 
0 0.8027523681235493 0.5299964288401139 0.024268244929630072 0.10141219375050323 
0 0.8488096837323059 0.5251876885213876 0.023270747151966448 0.09976693089781886 
0 0.3453734877863121 0.511928730975523 0.022441982908223464 0.08667280778186377 
0 0.8833728307552577 0.5142647145174543 0.02391278411530237 0.09282223515442423 
1 0.1616348056445705 0.579046573255744 0.08480906940287485 0.08585148364030457 
0 0.5680709417625001 0.5544012312766398 0.043558094226433114 0.13346175591925752 
0 0.9622456090889939 0.5622272765870172 0.03979410631198846 0.12617734986661258 
0 0.7663667001540361 0.5056893969989904 0.029727347496243367 0.07597732668080874 
