3 0.3665051027950463 0.5727120424140815 0.10115384004897443 0.07036168336536618 
3 0.08330927934066645 0.6248744505401554 0.1666185586813329 0.21129796549535076 
3 0.21975145953756095 0.6764258314351865 0.4395029190751219 0.3466228613789049 
3 0.29027754120071936 0.5785722621809529 0.19381818455064198 0.1253340182062339 
3 0.25783510643558843 0.5639672782643194 0.08028311127458981 0.06114315644329395 
3 0.5610430335799815 0.6038310941416717 0.1985841025617286 0.18506477456062928 
3 0.505758745052656 0.5781354431242796 0.10486040983240841 0.09009277806548747 
3 0.14936361671425435 0.5600192799066169 0.09249448952593907 0.06816814727392859 
3 0.868088030334246 0.7538609044131889 0.2638239393315082 0.4922781911736224 
3 0.7900385823339049 0.5751203384268561 0.09081004520335995 0.10504390836385767 
3 0.4622172252088851 0.5883388836929534 0.1910819229925776 0.1543985356837278 
3 0.6857127369480613 0.6251733007994724 0.18633776580186223 0.18549692436594942 
3 0.9618552315357054 0.5718482179578276 0.07628953692858914 0.11914155278440439 
3 0.6335419838299035 0.5854397988499278 0.10490993996944938 0.10122396017639422 
