3 0.16199820832768183 0.5605246873885202 0.09194014359572966 0.052975568843235565 
3 0.8780504723082033 0.5726138617640285 0.11032341422063326 0.13534411863889728 
3 0.037520561447496964 0.5749416750525967 0.07504112289499393 0.0746635949918118 
3 0.7121133881112226 0.5791889248894161 0.10431636927757651 0.08936563329053494 
3 0.09000800226224001 0.5582297037288109 0.07815393418374773 0.04645460023601421 
3 0.10406611436989463 0.5924994591029225 0.1637125496484491 0.10648613790683435 
3 0.23585605875271384 0.5655794308409758 0.1044674017210075 0.06590487964549589 
3 0.6616592980503727 0.5886532437203329 0.22667858957361375 0.25253444699836114 
3 0.9546903231256498 0.631705968509078 0.09061935374870046 0.24698739730492983 
3 0.7918226923711841 0.5847176801567487 0.10023985578322055 0.10063298716064095 
3 0.8288695568065654 0.6266470139103993 0.2084631858651015 0.2251683184124615 
5 0.40017116715739115 0.5626871491732509 0.16642924475873838 0.1045998608312701 
3 0.7589934080931461 0.7504017614690328 0.48201318381370784 0.4991964770619346 
3 0.022992310464161038 0.6072520167424023 0.045984620928322076 0.1441124675059056 
3 0.3917855358914133 0.5816976930207195 0.09644759129496862 0.07489737122633136 
3 0.07575266207211515 0.5727413225154941 0.1515053241442303 0.09193318370708495 
3 0.15442362322770067 0.5839848060919124 0.17352526289762438 0.10038841641223491 
3 0.4693847065121656 0.7386288931021694 0.5631332807022496 0.5227422137956611 
3 0.4767115194472942 0.5728152530633022 0.09827402381864637 0.08102904354353446 
3 0.31566343843868644 0.5708977538947434 0.10400430751055219 0.07199961515032752 
3 0.556165613798852 0.619637527289021 0.18708444857287554 0.1866780250528524 
3 0.13062741156830543 0.6494076811152656 0.26125482313661086 0.25179396038053026 
3 0.641098598485344 0.5858321806863432 0.10773718637038776 0.08712315567727412 
3 0.3037112574803023 0.7084854937348645 0.4184293069126349 0.3764092060689083 
