3 0.8563096583540457 0.5786024622126056 0.17428232301006574 0.13263155021022108 
3 0.5815041787773648 0.568582909842861 0.049931069274559974 0.0679587202752165 
0 0.03444182451534538 0.5647662642564555 0.031842704618526715 0.10975544838530582 
3 0.5429497971202321 0.5836209184425784 0.06520343177385009 0.09044447726667809 
2 0.12218208313055456 0.5756640145150801 0.04599938400008382 0.07197252802261099 
3 0.4336966720848361 0.5856696610296133 0.03603951633888435 0.06338927043187621 
5 0.9513989672256159 0.5066153108105044 0.09720206554876824 0.5063130818773676 
0 0.34279424766049604 0.5687969120909949 0.025672721824355663 0.08005452471250073 
0 0.030159573804162704 0.5484368899548256 0.034892639257440725 0.1081230438987158 
2 0.0870740327688727 0.5671549372890633 0.04084979473914732 0.0754749807398159 
3 0.4813698338797935 0.5768355886887603 0.035971909340999704 0.0638967203695774 
2 0.11686509118599 0.5617288622511684 0.04235603987828682 0.07212872828645314 
3 0.7670630500060476 0.5819827207591197 0.14052212406428083 0.13809004722007873 
3 0.68377609482732 0.5680042104062204 0.08553135807589157 0.09206360458722226 
