0 0.17089217320774772 0.5936596964487804 0.023324349745204156 0.08199307951104629 
0 0.3790163933278216 0.6185561337160789 0.026909971366367528 0.09168609246384006 
0 0.4784471084470305 0.6093517615435835 0.027511207410838737 0.10640356133992043 
3 0.9523005941673088 0.5804423562263195 0.09539881166538237 0.12171125825525293 
0 0.3423783926625092 0.5726486930255132 0.021016594863668914 0.07374986719624828 
0 0.5216048278128447 0.617290248657815 0.031639435536921924 0.11321780664451378 
4 0.9488983772872576 0.49014412464381085 0.10220324542548483 0.22644706800491993 
0 0.3637496224855805 0.5708902787524893 0.021176244401074414 0.06878642179800643 
3 0.8589561688932762 0.5912969005154388 0.12884110872482368 0.10571198224271124 
0 0.054342832240991824 0.6092608240734106 0.03143418257992685 0.09490196402928525 
0 0.28857513329388024 0.6032783049635333 0.030929662153869514 0.11338845637915325 
0 0.41921714920806297 0.6186112603706132 0.027343014755785405 0.10087406661112053 
0 0.05957677435051902 0.6355278359595921 0.0373043338881951 0.11867278619577089 
3 0.3460208282035174 0.6817089071465448 0.1309038306679295 0.2161745823229982 
0 0.3013008529407104 0.6214349058136059 0.034601413491191335 0.10008014708505256 
0 0.4462462054114244 0.615310836027068 0.035341240187029686 0.11225783356170647 
0 0.38355904325260026 0.5991319416008126 0.01867565590868729 0.08814320902658557 
0 0.3235698140561779 0.5728927696141661 0.021955252200790233 0.07189845041392731 
0 0.9038182847538737 0.5957291767408961 0.05409687169090233 0.18694887743801808 
0 0.15311000639013622 0.590898205211848 0.023028903434274783 0.08091007682214872 
0 0.4317705761053414 0.5681893052300471 0.016045844039077082 0.06358615134268455 
0 0.40458680236597366 0.5986602879276052 0.01978226923323689 0.09509201854887585 
0 0.4270368902425106 0.5927164375682595 0.021543865038228135 0.09361047032386934 
0 0.017859134479919183 0.5946729343472035 0.025203841236274133 0.08478592626849636 
0 0.4496069231173857 0.6020025094604735 0.020168317828424806 0.08407784728188789 
0 0.26361341814220873 0.6183883575744176 0.03648015137550058 0.11969630195254 
0 0.5446853036360475 0.6114620746643399 0.03105918543537925 0.11111325574475447 
0 0.37386747775826906 0.5769545603693212 0.026592242339297273 0.07036132570603702 
