0 0.8524189082934772 0.670034556895051 0.1260172923849598 0.3561934366428819 
0 0.13498981229476317 0.6362141133714246 0.02251249523528028 0.07872351289141269 
0 0.3500026965316981 0.6588797504730565 0.027637610458332986 0.0904653763463005 
0 0.9340184170657303 0.6429303732600442 0.05812393351382383 0.18558979809178994 
0 0.4468135889057554 0.6428565130878108 0.027907990201938376 0.10449786510970613 
3 0.8616485706018965 0.6143586839638016 0.12928877052935378 0.11490745665707904 
0 0.8251664611371372 0.6333351327655048 0.05932954512268623 0.180926825371981 
0 0.29319193371561286 0.6212693250495007 0.021268396057677493 0.07292315593318499 
0 0.47555220419564065 0.649084203283746 0.03203546368339687 0.11107488410748563 
0 0.9672439613421421 0.6920689166965068 0.0655120773157158 0.325582471385644 
4 0.9185052221766616 0.5246202953237139 0.12486481185026704 0.19862276312623514 
0 0.35479005903021177 0.6116222709603418 0.020272510105639227 0.06466248460519107 
3 0.7703142834322165 0.6164060105567115 0.13024314376209462 0.10126084171999436 
0 0.05692094965605321 0.6512766492886167 0.027702160262318757 0.08631596914997482 
0 0.2657555253964482 0.6495635636317518 0.03329839467992507 0.11218166170009504 
0 0.3822800243461191 0.6567908504714814 0.026464011265220008 0.10030438334717992 
3 0.2346075883766318 0.7392264071539497 0.16581027029582632 0.2698548059013313 
0 0.29804341792606975 0.6622013504193672 0.03516845268003369 0.09612826853468948 
0 0.4076502688223353 0.65381920645651 0.035630740757625005 0.11106853170621371 
0 0.3346645128293224 0.6468352780315427 0.020292227368616907 0.08835140125298988 
0 0.312212794909943 0.6124169606529939 0.02109139649212402 0.06794648475473676 
0 0.7348862506484009 0.6295055056753814 0.046208984996318495 0.15993999528107028 
0 0.13105662080677008 0.6388929574930284 0.021965299540031503 0.07685942987935593 
3 0.9667422771929546 0.5878403986692271 0.06651544561409083 0.08803178057717263 
0 0.38217379336399615 0.6117613965575064 0.015429760437329066 0.062013874063922884 
0 0.35811736187768534 0.6418014717479412 0.019698626243779032 0.09497250729034869 
0 0.3765935375520016 0.6389918134835932 0.021522618227669457 0.09353830587470738 
0 0.025461235480241328 0.6456727161902177 0.023151632572122906 0.07817548645378805 
0 0.396067150211305 0.6427784063711535 0.021110456866354 0.08407225078314999 
0 0.2594752751320292 0.6614188685302903 0.03862135287442502 0.11446079820245257 
0 0.5007237911542599 0.6436392931415222 0.03162478605405923 0.1094432446935347 
0 0.3287243121982559 0.6200970794123052 0.02665914751436425 0.06959705676535868 
