3 0.7205024696348105 0.5530900670502686 0.1888826410800808 0.13531146920615003 
3 0.3858742295542861 0.5553397795133662 0.06109570353824061 0.07391091301028893 
3 0.800418644347106 0.5463040123990627 0.1908942592412687 0.11749942535931969 
3 0.3723230156300818 0.5753609699284559 0.08832307141416224 0.10351005701362959 
3 0.9709825923330238 0.48513264064827566 0.058034815333952425 0.11620648914146771 
3 0.21858382428700768 0.5734380050503864 0.04951577947104866 0.07348568704519058 
5 0.9544612853646524 0.47236728552588453 0.09107742927069538 0.5132895897753641 
0 0.07581738119515123 0.5605899935969534 0.036763430004214906 0.10029619231170077 
3 0.91450493284884 0.5306172544634464 0.17099013430232007 0.11568749761827431 
3 0.8077274220615785 0.5134122717019814 0.12968194591498758 0.08364409101316672 
3 0.2750872805809372 0.5623463546745605 0.04738391020924457 0.07228672493549942 
3 0.6417528706731355 0.5640966306291513 0.1670649551753634 0.1477284447572146 
3 0.5195567935730836 0.5486675081443239 0.099799553943502 0.0970221796206037 
