5 0.8806041127422544 0.5299632454501707 0.2387917745154914 0.41273026068162777 
8 0.035667087856243125 0.9306572829844418 0.07133417571248625 0.13868543403111644 
8 0.7842378164995512 0.7301733551109834 0.05234884903473003 0.12459676476657769 
8 0.020280269587223274 0.6290556172776616 0.03746427680236041 0.06881722018317987 
8 0.3163752099780595 0.6642815388855663 0.048307073860644076 0.08643950590582601 
8 0.06551411992099944 0.6328390574983842 0.03473892376158951 0.07563473141675824 
8 0.4894306784781787 0.6854393573850037 0.04813813503427916 0.1080324667014645 
8 0.15405291212746353 0.6453598046227522 0.039268005294221024 0.07478271410687462 
8 0.11091166241764441 0.6319746890299164 0.038597715395228945 0.07213519439979564 
8 0.21124175698188993 0.6526045106822188 0.04205613737388724 0.07504223717904918 
