3 0.8199323955178138 0.6144057040587025 0.3117090590156515 0.18698963190479137 
3 0.14416452129823304 0.5944040937655479 0.12003559701099026 0.10826875802466215 
3 0.8613804719187556 0.5908233168574029 0.27212121625857677 0.14687282697513884 
3 0.24886203574342616 0.650232223100898 0.20932681411838783 0.1822666414922088 
3 0.8867909013203291 0.5202274502684656 0.10703278869734958 0.055092524011070246 
3 0.9255346423750294 0.5185629447749414 0.14893071524994142 0.12719007823008457 
3 0.5603663230807601 0.5772759624660926 0.17023720607795043 0.11408729087769365 
3 0.8985441165506234 0.5694981894936624 0.20291176689875343 0.1265602740796804 
3 0.9188156294168778 0.5586112631535612 0.16236874116624464 0.11456986044640713 
3 0.3555761883294925 0.562508803793512 0.0973059086843179 0.07377717601169909 
3 0.6471787190706888 0.5596353579897659 0.15305277469489476 0.09251723711152364 
3 0.8268750808655737 0.5235922078981119 0.10909483602750357 0.06098168932843603 
5 0.6169477567532968 0.5220651274606307 0.09493550269114387 0.07184603134765041 
3 0.9983063361432407 0.5030132781503992 0.003387327713518573 0.0588132756463507 
3 0.6958964651014204 0.5462366329920624 0.1518321197106075 0.09224866947527599 
3 0.455757980372381 0.5438488001352849 0.09184768649955345 0.0703566223086224 
3 0.05907257728473256 0.612303341647057 0.1097608892201849 0.10138951860636698 
3 0.95504319751542 0.5257762901026871 0.08991360496916016 0.10181556791372215 
3 0.006699504431692705 0.6122661897089356 0.01339900886338541 0.1090369264991298 
3 0.7769656864336011 0.5323790728750639 0.11626455016816849 0.07420482474384964 
3 0.7822056705120417 0.6279747476309724 0.31248398905596003 0.22379552486970555 
3 0.4404394297530349 0.5977948115983125 0.18358229791205985 0.1410178376947289 
3 0.5113353602617663 0.5825513654780482 0.17137986103235123 0.11056611222374865 
