0 0.9198225662072528 0.49977614398646325 0.03132073890669219 0.10071011412019756 
0 0.40633890575061726 0.5815820512905177 0.03462937417853617 0.15447878065263687 
0 0.8372434251082684 0.5424852098604361 0.03900799357678267 0.13311441269416024 
0 0.38407864524797986 0.4688652236885002 0.030155687516173302 0.11007467459792818 
0 0.8500522857463494 0.5391468809384887 0.03838161572741782 0.12607584710337555 
0 0.3667057969995601 0.5771051216900044 0.03518313312391513 0.1637837917674155 
0 0.6406131243116784 0.46258016272682223 0.037520979022756154 0.10230374167358788 
3 0.28643532962257046 0.5254107567456162 0.19260623973412883 0.10860884223625741 
0 0.9067812805896074 0.5515561047917543 0.049714882668266826 0.14743193987976888 
0 0.9039356636776669 0.4939671382027597 0.03142863248877077 0.10248652290047365 
3 0.0452394864748228 0.5240178987767623 0.0904789729496456 0.34268444373565177 
0 0.6583114868938358 0.6434289578482288 0.1255759240078846 0.3401728664648888 
0 0.4487952210788822 0.5739783740395505 0.03475793739707846 0.1420332263717277 
0 0.7741326452596402 0.46606654247405144 0.026845092366813077 0.09375563609273065 
1 0.6428258945998943 0.5476557856717679 0.0818179323861093 0.08330730825045786 
