3 0.06681268271032545 0.6240256888675327 0.1336253654206509 0.4093572323813183 
0 0.6979557405243222 0.575398839454555 0.03747405959506423 0.16137949384798073 
0 0.6113499535312871 0.4673284606419889 0.029767252199089784 0.1142594574411811 
0 0.6522885469088447 0.5701308197166322 0.03534383448035804 0.16884332679297068 
0 0.2022084624887693 0.5513392721938298 0.057080361846519025 0.1337951437745609 
0 0.9129301115548202 0.45017867697434766 0.04835735837357973 0.11577092844561301 
3 0.5465004829586184 0.5232123792897544 0.18594510953996868 0.11320639784821904 
3 0.12936618385253187 0.6042569866602933 0.25873236770506375 0.20248843483746579 
3 0.19117574206411594 0.5281084532283277 0.37926885149510375 0.33042249353472064 
0 0.7410304214509682 0.5694648453854909 0.03898698345798323 0.1500899874939816 
1 0.9501731404693297 0.5435837848408568 0.09965371906134053 0.09615872788834641 
