3 0.9867935567972649 0.5864879878209904 0.02641288640547046 0.18795720739525992 
3 0.1771501900964283 0.5652433155651896 0.1743726921984416 0.13611752106568203 
3 0.9935008324700303 0.5452301675087179 0.012998335059939308 0.14582566951402076 
3 0.4722391365452958 0.6632874115574896 0.35299646751847796 0.2717598755539892 
3 0.9271103356233394 0.5069054104931208 0.11160888918977818 0.05866519162293129 
3 0.722418835685764 0.5505816310864081 0.22093982202854456 0.14013779493501874 
3 0.40591387788576894 0.5401846711817752 0.12230579018831592 0.08808054275892258 
3 0.7849448446418785 0.5392066739318508 0.18884573564254453 0.11015768286261732 
3 0.8913254391997747 0.5046600042871087 0.11870919973715531 0.06571373205214046 
5 0.6418803834066412 0.5013024302240882 0.10547903083941144 0.07736070998327382 
3 0.9626609518940058 0.45063521819669516 0.07055116418519958 0.039704124520236646 
3 0.8154380585058206 0.5270679544889764 0.17999213421262242 0.10605799888343793 
3 0.503535471623403 0.5219061776952981 0.11184123175545146 0.08141918677905026 
3 0.07750960644727369 0.5905480731709134 0.15501921289454737 0.1313276146481572 
3 0.7666486568181995 0.4415722723978926 0.027269633353580645 0.038149489559239795 
3 0.022541592176500768 0.5982247920074917 0.045083184353001536 0.15120743564436673 
3 0.8669258602823647 0.5120677673586086 0.13124814549830605 0.08176249917346814 
3 0.6355712623681181 0.58548865260536 0.26465524109494276 0.18594458133317648 
3 0.689499097954645 0.5731789441842002 0.22958077859645265 0.14138922140649104 
