0 0.3070189054668575 0.5828499769241241 0.02571006144359025 0.08029390006885055 
0 0.8423287472689052 0.585811709774901 0.040439039231660985 0.11855323374767775 
3 0.5064855721300922 0.5653894223241797 0.07586026928928312 0.04969277476556865 
1 0.28846933082390286 0.5613892854604386 0.04699063041913171 0.08170982085441046 
0 0.7514094798162435 0.5780521350183099 0.03560935653041241 0.12203181034400308 
2 0.37640621052958884 0.5551589221902096 0.03918523713669998 0.05839903671328203 
8 0.005832411413212177 0.5618116743122736 0.011664822826424354 0.03457640371891942 
8 0.25645903136959936 0.5558956885826888 0.03368564326729107 0.029098312814204646 
0 0.6526607460764754 0.5702355126471204 0.02511695714660007 0.07006079493815093 
3 0.08865303666267155 0.5880906273125782 0.1773060733253431 0.1729321096651436 
0 0.2993573404290617 0.5662559807083443 0.028733535620939533 0.07942748910075548 
8 0.2209231689306548 0.5576841719120029 0.03629367824488991 0.03178005547698622 
8 0.5781102785316098 0.6368802820485939 0.1386365665091151 0.13073589280048573 
8 0.15908215788978614 0.5604404062584367 0.03779235767211121 0.0327421282039809 
8 0.32816202113009957 0.5691718404065049 0.011458448417154727 0.02521326993080341 
8 0.4751901623214556 0.628911973828088 0.12109708622991469 0.11311625966139559 
7 0.007634863896161668 0.5376516122704365 0.015269727792323336 0.05670088883058661 
0 0.8246529682083119 0.5826214141946334 0.041790400001178084 0.12958227576963283 
0 0.6456278998660251 0.5810416682737832 0.03457588354708456 0.09857560438348129 
8 0.31980319538858587 0.6049401697237533 0.09345813842426655 0.09183990056229656 
8 0.12259807117576721 0.560286618371603 0.04348421277089919 0.03665439018473017 
8 0.3897234286443003 0.6164974573663675 0.09936559883576053 0.09712796477401 
0 0.7977906622839374 0.587176967468769 0.0407249629031071 0.11296627404113356 
0 0.5297629785866355 0.5792952163842193 0.028926075814852865 0.08109450472211588 
8 0.4649286866403985 0.5786078849282215 0.010737452540068589 0.023350841662035198 
8 0.2094603681778342 0.6026265661875203 0.08631333493169606 0.10206300120796742 
3 0.40730803423132506 0.56271787292182 0.09338481889997936 0.0625936459764976 
3 0.4329615280601769 0.5570530598017663 0.07202614174812538 0.04526781822339179 
0 0.6652621492874239 0.5767967568417682 0.035155572322398146 0.1016112540579368 
0 0.7906078101680609 0.5843085373109839 0.042754274305192866 0.11401405097359182 
5 0.03633755998763971 0.5479564700525529 0.07267511997527942 0.11106724185852013 
0 0.3140861908071676 0.5603397343701424 0.024851486339096843 0.07490959156992238 
8 0.24847457772077064 0.6187292974208829 0.027753464975578696 0.07164857378120473 
3 0.5090654524824811 0.5523710981761388 0.06835922157149824 0.05405027628179318 
8 0.2605152272117472 0.6009412676171765 0.08167106277625212 0.09552614040020362 
8 0.9905362283988219 0.6983219253105176 0.018927543202355963 0.14251905791415803 
8 0.02994914712776825 0.5590588303307853 0.04591155278508415 0.04129999883406678 
0 0.7430760345177165 0.5666088760265613 0.021571440714642592 0.05190612955187608 
8 0.3360071148523413 0.5713211801762365 0.011878257058100488 0.02735480104152897 
8 0.16691993512537998 0.5978791462310431 0.07362379388649086 0.09885454136123555 
3 0.3062317869142077 0.5542415886110061 0.08502565057549422 0.048289849768092315 
8 0.35311135599428867 0.5721911482709594 0.01128462724875746 0.024935421835689024 
