3 0.9295502241993678 0.6126555537212433 0.14089955160126436 0.2302113584849592 
3 0.10690150118356263 0.557193791794873 0.08956407164951113 0.049664502028820216 
3 0.6998477712339947 0.5779264594638596 0.11800666566883593 0.11811341095466932 
3 0.0031020998073037643 0.5653223894226473 0.006204199614607529 0.06291804420892858 
3 0.568769771671838 0.5775025885217491 0.10651638761774791 0.08005950405499479 
3 0.04170743627212475 0.556624656006892 0.07733535060953096 0.043635587126040355 
3 0.04852432055072664 0.5804360401996348 0.09704864110145328 0.09091544548116973 
3 0.17280146507288408 0.5609064173534885 0.10111371099718756 0.06108051177585329 
3 0.42319768567369037 0.5817756387156978 0.22789320996691673 0.19895825224470368 
3 0.9439383951474543 0.5824741666082497 0.1121232097050914 0.13363214298178624 
3 0.8553478948006469 0.5784849190160029 0.11371061206851835 0.10492351316021313 
3 0.6390990576628314 0.7391156638913845 0.5705276237144884 0.5217686722172309 
3 0.6519940096782952 0.6300966677117842 0.2285622717176578 0.19920481490240913 
3 0.6326652803856142 0.5818546951445352 0.10399763377089898 0.0894285821487319 
3 0.5353513798945408 0.617345924424195 0.22225672837723764 0.17860535350130666 
3 0.24791783629042774 0.7228674876622123 0.4958356725808555 0.39048543747933373 
3 0.30424645486760343 0.5828270774844974 0.09455330251299732 0.06914468006374933 
3 0.07175992193281215 0.583076046723496 0.1435198438656243 0.08946413379170938 
3 0.17660329347732046 0.6725541413994338 0.3532065869546409 0.31249985250269885 
3 0.3744208138027144 0.5713611451878886 0.09736330469922365 0.07394430374471969 
3 0.2396409433152664 0.5665170083508582 0.10141768857954205 0.066601451767571 
3 0.3587624778450142 0.6063452455627281 0.18894268193490774 0.1534695846658345 
3 0.0370246577999195 0.6105662770636182 0.074049315599839 0.16496595128003289 
3 0.9847323221672948 0.7891638244480269 0.030535355665410577 0.42167235110394624 
3 0.5103916824160535 0.5852373537160183 0.1088224545197535 0.07858017163210661 
3 0.11183445671839236 0.647643100253271 0.22366891343678472 0.23426816717535057 
