3 0.2812373050469996 0.5733451675442657 0.09882184151571156 0.06338616421798349 
3 0.0011982719837145776 0.6002926473999357 0.002396543967429155 0.13927269983766488 
3 0.09042063026024338 0.6247402070050244 0.18084126052048677 0.1943857667341334 
3 0.15872043765128524 0.5777860435971017 0.1803507265113508 0.10373246973806607 
3 0.18750918894798832 0.5671290235537333 0.080780562737689 0.0552588147359771 
3 0.3457118325626914 0.604778413736038 0.1904160718797262 0.14728769743403164 
3 0.39209925989198324 0.5785916191647079 0.10777816665681506 0.08017768600734207 
3 0.09039290038728016 0.5623190722370909 0.09137030568422425 0.061638402508450936 
3 0.2672444421969104 0.726352433075572 0.48501603605039173 0.39164709912740225 
3 0.6193623990088502 0.5818049117405446 0.09669995629919413 0.09219452411962664 
3 0.28627088743307466 0.5807111778950351 0.18013825509794687 0.12442359739172383 
3 0.4322389844151695 0.6128425263586667 0.1929041252590846 0.14472639169381846 
3 0.7541426211448437 0.5785367231538792 0.09355687208145753 0.10233316143426477 
3 0.49837213111191975 0.58980721434025 0.10612177344180161 0.08969070898939353 
3 0.9889120039547936 0.5895041385302591 0.022175992090412818 0.1090478324216745 
