3 0.11418885439561388 0.5648802307348071 0.22837770879122776 0.17146667589369788 
3 0.6299577879640308 0.7072017905091442 0.49840615109727515 0.373502379924075 
3 0.8491815564475692 0.5045982328555216 0.10475268573212432 0.058420310649571545 
3 0.9716728803731672 0.47934446693264815 0.056654239253665396 0.048194888174289505 
3 0.9790366478512758 0.47460803761525894 0.04192670429744837 0.06283774326629195 
3 0.7393017747081307 0.43430985917151493 0.02464958951266638 0.034387408105666914 
3 0.9926197671405598 0.4850280736956284 0.014760465718880341 0.12834690923704614 
3 0.7669563774097199 0.5517062993252675 0.24402883729686467 0.15699203788974803 
3 0.3609802837828166 0.5324574166022976 0.14615714550910383 0.10099343768924648 
3 0.7934252263559056 0.5343455209413851 0.19685065650420597 0.11807378361529136 
3 0.8298952960831312 0.5050444204672111 0.1120495910957962 0.06670851226008084 
5 0.5725490515649683 0.49580365918802677 0.10895602728877336 0.08153092174874006 
3 0.9833724213962904 0.4934367878111862 0.03325515720741933 0.05982829109059663 
3 0.8487913214046867 0.452619341529045 0.06314279633575878 0.03848564599282813 
3 0.80645170840519 0.528823984948101 0.1823399421115748 0.11254729945231841 
3 0.45603262102431574 0.5157462546555577 0.12456567598457532 0.090006850561009 
3 0.04817307769871382 0.5987879794662594 0.09634615539742764 0.16955069516731391 
3 0.6668624641364886 0.43692214422788095 0.02369547407022722 0.038115301342800195 
3 0.8276799894810565 0.5060895649807554 0.12703526694866668 0.08389853345730514 
3 0.9053035085817567 0.45270697805720767 0.0726407104656677 0.04345877690228595 
3 0.7238975311455599 0.5769283730593194 0.316232479161785 0.21841285398938812 
3 0.7458313934995462 0.5796039908772027 0.2580136716801647 0.16129190365691937 
