0 0.6355522562616607 0.6670834413596562 0.09552749530147935 0.3029204625524968 
0 0.13697946107291056 0.6376488680888489 0.0206793284495428 0.07321778858855889 
0 0.3727676391359623 0.6598375106224025 0.028206752937413596 0.09256129359340245 
0 0.682673395102582 0.6332461819639758 0.041502887659945316 0.14007385551814544 
0 0.45334888781308336 0.6434727294540734 0.029473090303545817 0.10976148220164596 
3 0.7933292292411404 0.6262954580342288 0.130093024173527 0.10915715769969363 
0 0.5778218416458798 0.6473636825295436 0.04870469461432137 0.14628370363628151 
0 0.2488587188262894 0.6366004490328234 0.020953239277250086 0.07413805785406073 
0 0.4839067069040155 0.6520303479912792 0.03327571193893732 0.11530504829528809 
0 0.7448045586059526 0.6872238304131939 0.08592151173326784 0.2794535568747747 
4 0.9130270834857194 0.5489323822223444 0.07946037008007821 0.1463897524833825 
0 0.3862446957498182 0.6141531753906254 0.01810811310737414 0.05800398967041082 
3 0.7077334650089179 0.6238683804519923 0.13025554572900105 0.09572628107810449 
0 0.9503966214942015 0.6019049087025453 0.048487172402156775 0.15318503455230098 
0 0.10293628754272385 0.6506829328091133 0.023401034433534598 0.07274835461637433 
0 0.30506954742506925 0.6583812064597785 0.0364356695219275 0.11748291901752218 
0 0.3688105500888021 0.6574333696174691 0.029618747021179743 0.10581323760962846 
3 0.5771565936468904 0.716044577539357 0.8456868127062193 0.567910844921286 
0 0.3188040897114219 0.662799379959517 0.0347131614732027 0.09700794135818393 
0 0.41201973530019986 0.6560717647103192 0.03718160724258702 0.11619709681991884 
0 0.3412801497601044 0.6139019998292725 0.018979746962016576 0.06142723758527836 
0 0.5662692950397348 0.6442170730861805 0.03604168572095908 0.12982505827168084 
0 0.14833438881829622 0.6314333673232847 0.020021039306621854 0.07069420213738693 
3 0.9145064084134993 0.5992399832448903 0.09792365324236713 0.08378228819608409 
0 0.3279785801555221 0.6599971616365603 0.023856689137435865 0.0990132139995329 
0 0.35033661528619875 0.6548679732035583 0.025120274643243123 0.098595310291861 
0 0.09489966742085741 0.6460083850260778 0.020018088681778644 0.06800529662059439 
0 0.2868608334066001 0.6641881186989591 0.03872576395570015 0.11775017862833276 
0 0.5088404180674637 0.6435991286166801 0.03266490853890069 0.11278965323808708 
0 0.274525816129112 0.6338521164477806 0.02642776796214381 0.06952268098516431 
