0 0.46359278113157865 0.5782645281955268 0.028443554290430058 0.09049586615559918 
3 0.6250688180206315 0.5653411518346476 0.07727363719114401 0.054185496257411314 
1 0.43849770417183764 0.5588345047790664 0.04737629016576641 0.09235383606968728 
0 0.989867758377155 0.5916849157353538 0.02026448324569003 0.13997136688036416 
2 0.484164581440741 0.5529798506291211 0.04056935237034999 0.06286465520788106 
8 0.07828164181609949 0.5552583958530031 0.04748864940135716 0.03758036433421561 
8 0.34517287253763246 0.5531850125913346 0.03506061207677512 0.03105530861327711 
0 0.7989904906873239 0.5769996460433822 0.029968742990147918 0.08014340072145223 
3 0.1823601917803406 0.5628976168022845 0.15127094726415108 0.15871377632514427 
0 0.44668504216998 0.5629174280153499 0.03152064547181709 0.0888622977813584 
8 0.3087350965630975 0.5538057474181962 0.037019815822252264 0.03387989240422125 
8 0.25372356705727755 0.5559128467840729 0.038148591122112344 0.03489626368655637 
8 0.4413433802399092 0.5657607833697736 0.012280256960635824 0.027276985277184293 
8 0.9090708079426293 0.6657965646250606 0.18185838411474164 0.16250769484238944 
7 0.06050407078467478 0.5276342394111141 0.07754674894895075 0.06143186976163551 
0 0.8527984598413667 0.5884290114879436 0.04197386276385601 0.11140745869103202 
8 0.6308428167251393 0.62323252521566 0.13495329259390992 0.12139754070002969 
8 0.5917719699576494 0.5708385873824573 0.009864118803691682 0.020119452404011896 
8 0.21783820157779502 0.5530070395608283 0.0440466738870434 0.03908130418491383 
8 0.7543576145738037 0.6392913066897886 0.15151393908531957 0.13268487117761335 
0 0.6829551524321741 0.5837139002039825 0.028831164417867542 0.09067775619904093 
8 0.5781570740802345 0.5736638731158064 0.01161221304229393 0.025169103809324283 
8 0.47508556523613804 0.6197913442512648 0.12418630679355395 0.13205767789126127 
8 0.44539482888454524 0.6002746564821476 0.1012501897580141 0.09815528126854865 
8 0.5862620996146548 0.5649377009473633 0.013383802175534214 0.021471886764674965 
3 0.5308921028376763 0.5609022522312227 0.09558309474456927 0.06861898415321882 
3 0.5370181947393033 0.5544180867661678 0.07332862294370486 0.04876855007064787 
0 0.8691618242329423 0.5868104754132725 0.04243023071473928 0.11424199213180827 
5 0.1989107686581891 0.5375930722702676 0.07929183186226753 0.1006950136373833 
0 0.4541810535414584 0.5619334187520683 0.027079360752252698 0.08353873098185166 
0 0.06019804455415013 0.5374081473489024 0.027844776612378785 0.06267998346744245 
8 0.5361810744601734 0.6382992556456414 0.036394037618972634 0.09227672128394601 
3 0.6091903083736464 0.5497907652352417 0.06893330452004776 0.05784348891415713 
8 0.03846472398564048 0.5546347217345073 0.03890614287457773 0.03781178281563408 
8 0.5302746765891644 0.6196136110601194 0.11614861396508885 0.12290483781957903 
8 0.012872735980571839 0.5519827713819694 0.025121015101422645 0.037255068795743494 
8 0.11919283404262768 0.5488953534160649 0.045356896333645785 0.04380240821111171 
0 0.8849973342422439 0.5701635804141193 0.023427055637096288 0.05554781927912738 
8 0.4571251169693163 0.5706583939743894 0.012899223136700754 0.02981806820972881 
8 0.37919862443001223 0.5541180090967488 0.03216504637272088 0.030833732823045416 
8 0.39938065529121686 0.6059299619299061 0.10185500884597644 0.12353992258212802 
3 0.4151560472325887 0.5505414068385183 0.0867878227223963 0.052323545791418395 
8 0.4662877497637528 0.569446632072207 0.012116327478518657 0.02689794085595698 
