3 0.9329473349122159 0.591779534309568 0.13410533017556817 0.18771314734403005 
3 0.17399669366176995 0.5829601671712974 0.15257386846560336 0.12401528668086459 
3 0.9465783480029276 0.5551271678120728 0.10684330399414492 0.14569995166241326 
3 0.38772427353346817 0.660931789698362 0.2931627272580598 0.23317220214039183 
3 0.9250904706240024 0.5109019015082475 0.11142596464111748 0.05695621075317452 
3 0.9798064777770471 0.5015265835080776 0.04038704444590593 0.12612157335804858 
3 0.6710193053181217 0.562268825498479 0.20358731548985382 0.12900759179765195 
3 0.970986715409017 0.5422557138195688 0.0580265691819659 0.12462151348954768 
3 0.9838052873804105 0.5473932552915907 0.032389425239179134 0.11339959165027204 
3 0.3960957854188291 0.5530711165978592 0.11274181635788295 0.08184006981466022 
3 0.7445324790137166 0.5477444863528544 0.1773969374143522 0.10251749837657617 
3 0.8810365605923197 0.5078433071289631 0.11687489421025589 0.06410234693387552 
5 0.6423820129406452 0.5106427340125461 0.1021272695243892 0.07549091531798732 
3 0.7826864424068071 0.5343694789041986 0.17156019191155225 0.10067618449397868 
3 0.4949691528054839 0.5336752690368648 0.10482010646201254 0.07642574863631353 
3 0.07926011374958122 0.6058396533838561 0.13882511673078735 0.11897106254864455 
3 0.7825533848579045 0.4492357851187803 0.027637916530756996 0.03810182591415267 
3 0.020769077948616585 0.6126840922332647 0.04153815589723317 0.1359925249905325 
3 0.846070377098462 0.5189881299274269 0.12738472323009659 0.07914012651612154 
3 0.9394381618802841 0.6115652196482755 0.12112367623943186 0.23293025967688058 
3 0.5684807340829188 0.5982519455957666 0.2343766400809325 0.16789128666790235 
3 0.632436902936472 0.5787661273380742 0.2091004140330906 0.12836175719439621 
