0 0.7556170679508449 0.6740821554089825 0.11283438944118174 0.33223903101181773 
0 0.12696125129817568 0.6462962800309784 0.022157416459914484 0.07732178317649135 
0 0.3410222664139502 0.666923553627289 0.02768920367835264 0.09014635462735036 
0 0.8380360066099646 0.6472957352269603 0.053459497422776676 0.17183205493062 
0 0.4387058555633324 0.6463236475507221 0.028197462495954114 0.10443396139121584 
3 0.8312987236582737 0.617216285875759 0.13011020477236102 0.11319844668327828 
0 0.7414666231342275 0.6382991303208628 0.056561573060826764 0.16939749504740848 
0 0.2797629977941096 0.6303679996372487 0.021228027782636473 0.07272039077796358 
0 0.4663257217112071 0.6537285275750238 0.03212421777331763 0.11040650587877583 
0 0.8867187149674749 0.6940174403528558 0.1026767584133721 0.3080374674978124 
4 0.9082336295305785 0.5329135374988125 0.1099100787857843 0.1871194236440353 
0 0.359046965113358 0.6167064359415447 0.019848202896155343 0.06297779044552233 
3 0.7439632944075513 0.6191345982093991 0.13064260726027144 0.09993166257541299 
0 0.0658782929290771 0.6580522283052597 0.025149666061911456 0.08243712810885881 
0 0.2667390291082613 0.6565098510871334 0.03435770016627227 0.11192132411325449 
0 0.37286028020218903 0.6612773021991517 0.025772977327153654 0.10064648744804837 
3 0.19980031051396552 0.7574985626413309 0.21993846916507678 0.31583096550652334 
0 0.2925702316635581 0.6678637425889714 0.034894025751928695 0.09492639953357045 
0 0.4005532650840328 0.6583511749074284 0.03583017205406051 0.11103927358769877 
0 0.3228761539102507 0.6553864123085488 0.02020876796050164 0.08822218122679158 
0 0.3155366717581612 0.6213409960607207 0.02070110428905398 0.06639608960931444 
0 0.6839088154200508 0.6350741983881669 0.043471276316067106 0.15090291409244905 
0 0.13091189315129892 0.6461703042920477 0.021546399139911118 0.07514766005297108 
3 0.9502816764756576 0.589629052577368 0.08957307738487102 0.08693113566885731 
0 0.3682393856082261 0.6189740599261954 0.015072618770277515 0.061002512816042125 
0 0.34238442784704787 0.6529215782627734 0.019633858302079973 0.09516298943552898 
0 0.3613440973282222 0.6474518916757531 0.020035483465775245 0.09345631563456057 
0 0.03843366957441601 0.6531489938714893 0.02234183646729562 0.075242979960062 
0 0.38140019280027415 0.6525374740167074 0.02178898779075155 0.08488241647592923 
0 0.2654312540741549 0.6671283025230251 0.03982069525271552 0.11322814883047727 
0 0.4912847491842574 0.6475972090621028 0.03177754707008702 0.10895114804010404 
0 0.31439161099137336 0.6268909244260469 0.02656680929543505 0.06916016482279651 
