3 0.002636012451153005 0.5742484491568818 0.00527202490230601 0.21146794708524952 
3 0.974689389929028 0.5635693125722164 0.05062122014194429 0.15156117155715315 
3 0.8823638989470552 0.4866786341369741 0.07337122904253533 0.04128642399196849 
3 0.6131018640219237 0.4871382888653952 0.0720451568306332 0.05035290227430797 
3 0.7147692002672287 0.7561469060330561 0.5704615994655426 0.46994918917399653 
3 0.6314049296868623 0.5029192488555907 0.09433729174958884 0.057332983200554966 
3 0.7395128967301683 0.4834352504144225 0.07804163895829533 0.04628502421130147 
3 0.5726538445976261 0.48070940778306015 0.06335462952303346 0.039725742445794736 
3 0.8420645035874005 0.4875924102739344 0.059828050699871085 0.03471453622409033 
3 0.7685024135935072 0.4847897395943182 0.08940116005912231 0.061029801843219565 
3 0.5088034526875583 0.4432782245919513 0.025081253392831186 0.03356818237012476 
3 0.9287959775104335 0.4902407577545734 0.09122186050841478 0.05252674438229172 
3 0.8998402438728084 0.5213231702075766 0.20031951225438335 0.1326801606218528 
3 0.6742919515174723 0.5523477071661362 0.2580061326372408 0.1691228136515282 
3 0.9342651490225788 0.5414609630773326 0.13146970195484228 0.13074046583802829 
3 0.9173940697507129 0.5379393919250343 0.1652118604985742 0.12013595154787045 
3 0.14962633769593656 0.5251002034202844 0.2013199335805613 0.12790731902236213 
3 0.6575069016337429 0.5369822043243744 0.196876289813223 0.12315393899118356 
3 0.6272441629070441 0.5060671982197407 0.10217059553890465 0.0665353021444149 
5 0.3625745504834905 0.4895934455318254 0.11899490990665673 0.09016585407530202 
3 0.7840673148561468 0.5079950370307349 0.10112271975676336 0.05911251440325139 
3 0.6062195085716776 0.45509052400809324 0.05475109844111294 0.037236356734286144 
3 0.651670817216581 0.5309262480250547 0.17781019029874642 0.11560867766465227 
3 0.25675069041768106 0.5095319903999058 0.15300607926293477 0.10674129558336536 
3 0.999168184232244 0.5094318873213133 0.0016636315355120245 0.05457600708204546 
3 0.9559470921693529 0.4997543545525706 0.08810581566129415 0.058934251670828976 
3 0.8905906125534753 0.5194769276204741 0.16581478600468275 0.10525071443013732 
3 0.4379375754678192 0.4323434216642719 0.021480151481446014 0.039492161281100065 
3 0.6397982109315268 0.5112161903268545 0.11808190780623576 0.0847078210549114 
3 0.6608998027884789 0.46806034501911364 0.06040619326566649 0.04079978414787528 
3 0.7071112289632501 0.5941571200221241 0.369659120755215 0.24981959313207477 
3 0.6720163140053492 0.5860975114537392 0.28386440004843466 0.17576564255855665 
