3 0.8125231333347156 0.6428999086592732 0.22890296861188886 0.23138837373071294 
3 0.6595104288528705 0.6167552840609629 0.223669827306829 0.18041939507227345 
3 0.09696402422107644 0.5479681028226395 0.08387638464001455 0.04529050204689295 
3 0.8929221087816887 0.5926556957936944 0.11899923663290167 0.11680071412045732 
3 0.5941578238351014 0.5771102641776171 0.12091059345008048 0.10583100513355273 
3 0.4863861525747079 0.5713975654141549 0.10575948594225153 0.07163142944962664 
3 0.03960611279827997 0.5480395775767591 0.07293838850607803 0.04008120545397231 
3 0.03260951836416012 0.5638126710417373 0.06521903672832025 0.07757990381350661 
3 0.1552816255728734 0.5511210100877472 0.09459336263357156 0.055377760830850144 
3 0.29777950606387454 0.5761167715292491 0.21407777207556433 0.1640351350453904 
3 0.7900198040678824 0.5851866684415923 0.12788906883066062 0.11806814514373595 
3 0.7206035146262494 0.5843569673632883 0.11918916919149368 0.0944355263429291 
3 0.23534917079497508 0.714426352077949 0.47069834158995016 0.4078162901076006 
3 0.4600993555780805 0.6210643430266648 0.22492906114966546 0.16108061600470067 
3 0.5394253353733882 0.5776837911307232 0.10452414347045305 0.08015658510021423 
3 0.38029752303966974 0.6070142176925014 0.2124666057359284 0.14588880521317807 
3 0.129956496063156 0.6439278519724 0.259912992126312 0.2285532196826163 
3 0.2645040932877132 0.5794034414758903 0.09007597271646205 0.0628920636469212 
3 0.051966908787330846 0.5791281859024131 0.10393381757466169 0.07673442889690806 
3 0.08523911334988349 0.6303528932979175 0.17047822669976698 0.19808663408431654 
3 0.3228383690967808 0.5665305568241096 0.09374108081736551 0.06689502418551001 
3 0.20964483416997254 0.5577605311374704 0.09594988931896065 0.060299781038877995 
3 0.2544362307328864 0.5921567428797657 0.17874757547820078 0.12856150322803664 
3 0.9460585918170503 0.6216100850499523 0.10788281636589929 0.2550026793739667 
3 0.636822036482679 0.7504326897131527 0.5828265364501748 0.49913462057369473 
3 0.3581294934636003 0.7809183119970564 0.5541074435735114 0.4381633760058871 
3 0.43713287288771413 0.5827083046170032 0.10699133350971315 0.07080222887512908 
