5 0.8115555031041773 0.5219153468216723 0.37688899379164525 0.41129444464445913 
8 0.5918151523296276 0.6966687620916405 0.04834035442623815 0.10679679147779818 
8 0.21376446583599523 0.6479943652576028 0.0456132758666881 0.07865257513632401 
8 0.008853209665639291 0.6181852377340677 0.017706419331278582 0.06985088183663607 
8 0.3589819334849974 0.6664314977772394 0.04468386301882234 0.09551250763121996 
8 0.9970999818485978 0.7354036695954361 0.005800036302804159 0.13885524239122762 
8 0.07576473491908833 0.6317820704997203 0.03703201734088278 0.06852067108532424 
8 0.448060927415011 0.9938012539693803 0.04930547458494609 0.012397492061239367 
8 0.04238109527363764 0.6175834291474892 0.036600546589761404 0.06676882266270494 
8 0.12786054594967927 0.6398087789745385 0.0395899678097072 0.06859803084018293 
