3 0.6443213905465908 0.6024686965863576 0.2208305969438529 0.1463555611601637 
3 0.2033122207557876 0.6017040036558226 0.08222158096056364 0.0872398226687198 
3 0.7126574775821354 0.5937528083414745 0.2075523851179104 0.12251691636000007 
3 0.22133938073883513 0.6296491778990885 0.12740347253571976 0.12907327163779117 
3 0.9224538255185286 0.524079022625699 0.10839857804516143 0.05493778195599248 
3 0.8826483097742778 0.5419796166945843 0.18146526659227846 0.12098198224215069 
3 0.011306983281039027 0.616102124769062 0.022613966562078053 0.08949912753981228 
3 0.5129073034957444 0.5794383848373639 0.12975043159643768 0.09561771791258852 
3 0.8113055431021065 0.5749022440546047 0.19707319282632071 0.11331893174571443 
3 0.8561319233826206 0.5711960051569256 0.18697272709303675 0.1066649387101994 
5 0.6576632997629605 0.5319255758395861 0.08697005448863891 0.06800423526788463 
3 0.6685864972680301 0.5556841312055494 0.1295699252651771 0.08314159351014944 
3 0.1355361926652556 0.6078817771670852 0.07435091534922965 0.07841889939039845 
3 0.9286631921562349 0.5363421177219081 0.14267361568753004 0.10077686454421679 
3 0.06326399649519363 0.6042286062620156 0.06837029501624736 0.08877918374820044 
3 0.7690659887978472 0.5431893875116272 0.10571884955839891 0.06963052607783653 
3 0.574275099791633 0.6112304291976973 0.20783322858642359 0.16664453076949423 
3 0.3918842204859287 0.5936280486255916 0.12651300921789854 0.11112253944638939 
3 0.4616667447423766 0.5833882773312797 0.12687022130671893 0.09039899309406217 
