3 0.8791215811832153 0.6132872625288979 0.24175683763356945 0.19343938167085076 
3 0.15967468879147198 0.5850933008813719 0.13494879954254457 0.1156753524432705 
3 0.9031336702807724 0.5761502617427282 0.1937326594384551 0.1476236154065856 
3 0.3123426199618135 0.6516251091865739 0.24678549837259237 0.20529797183447324 
3 0.9081179573402605 0.518406922236555 0.10970757116040047 0.056088961741201364 
3 0.9533357337491272 0.5131336262103591 0.09332853250174565 0.1263485354637364 
3 0.6143321257898822 0.5697870629562221 0.18671084858841255 0.12240849381980998 
3 0.9341796067509369 0.552378579504722 0.1316407864981261 0.12522362221458694 
3 0.949477064154452 0.5558715350821088 0.10104587169109593 0.11387004199724705 
3 0.3765221999874077 0.5559111641109278 0.10484440132022173 0.07812012347165971 
3 0.6956396263844832 0.5543218272663453 0.1653380642135623 0.09846823157229904 
3 0.855683185098623 0.5181649398533766 0.1134143350717676 0.0625904097353645 
5 0.6312503114287965 0.5169673946867944 0.09878580827057853 0.07367050727165475 
3 0.7397429965679854 0.5418211560210677 0.162010616845093 0.09642162352211844 
3 0.47631133738226367 0.5378037174886727 0.0984568218127248 0.07372287528924991 
3 0.06997578335569765 0.6045848602482682 0.12282663909715033 0.1093161651429989 
3 0.98277618748721 0.5206607330475339 0.03444762502558007 0.10175458608290525 
3 0.7851200081363198 0.46060811146379804 0.028821156789463488 0.037486383676997234 
3 0.012893609238784758 0.6088671379435449 0.025787218477569516 0.12137274396955838 
3 0.8127910329489539 0.5277690711413482 0.12224553193510673 0.07670501926152472 
3 0.871873163727105 0.6272074118709929 0.25625367254579007 0.23815476198657443 
3 0.5012756893555751 0.5963982941387599 0.2077201782749328 0.15453928479431106 
3 0.5697209421878682 0.5799911384371158 0.18967521503709678 0.11997237293098982 
