3 0.9600260139726171 0.5892862257827315 0.07994797205476573 0.19959023983910382 
3 0.9305163305507469 0.57076561423848 0.13896733889850638 0.15052575333306803 
3 0.7294135283402992 0.49054593132275487 0.06489357766180788 0.038057387422279904 
3 0.48206479416255305 0.4944251974416788 0.07268183278117242 0.04982709021614413 
3 0.738273606614728 0.7703389924392896 0.5234527867705442 0.4593220151214207 
3 0.5014699212198331 0.5099884229075018 0.09466371241962755 0.05602107068985535 
3 0.6028232576934928 0.49058531282891604 0.07415244264987295 0.04426098220381201 
3 0.9893367119107047 0.5293203235094489 0.021326576178590528 0.07152625569545477 
3 0.4355712423354497 0.49377221070228894 0.0640321110444247 0.03926434856044295 
3 0.6917092835524826 0.49134222344194234 0.05327017344126588 0.032325039434733624 
3 0.6340622827360096 0.4922758840266471 0.08431780743398747 0.05839482686272858 
3 0.3665035862268829 0.45526591644711745 0.02633232775798824 0.03432100789615466 
3 0.7720850987216287 0.49362443112233095 0.0793216549424217 0.0480120304581781 
3 0.7781993412140387 0.5246487401332934 0.18399092163304645 0.12409370372584874 
3 0.5963737682676233 0.5618518304824662 0.2670327147231674 0.16954323241103592 
3 0.8830079548374112 0.5565914918698442 0.23398409032517747 0.12701250088867433 
3 0.8382917133669159 0.5557616799014333 0.20384020003742664 0.11346086821612422 
3 0.04976222141308667 0.5547731303212275 0.09952444282617334 0.14245260735832133 
3 0.5617965628758353 0.5465693710102034 0.19999404165775234 0.12223848360422279 
3 0.5044628236918046 0.5127842452463526 0.1023691511528392 0.06551665950079129 
5 0.21628302701607735 0.5017564431795349 0.1348668640739759 0.0959818184216736 
3 0.6504552120423159 0.51804910619234 0.09476729303345188 0.05565971969274737 
3 0.4662786375809167 0.4630106008142946 0.05437984796340274 0.03715027246835676 
3 0.5472181856559878 0.5402982035836967 0.17980154630809317 0.11447645253873405 
3 0.10295129918467645 0.526299497250821 0.18619634216245515 0.11822843992858098 
3 0.8939209372898796 0.5246049232845559 0.10145957073610007 0.06341221571045708 
3 0.8054478464821184 0.5022170068645173 0.08712840632402007 0.05400317677436855 
3 0.7645876772969113 0.5233153830149475 0.15035007437902834 0.09824843215245974 
3 0.29192053210114594 0.4404118471305823 0.022942481746578487 0.04137786460150273 
3 0.5216350656248714 0.5219193726285584 0.11849246177629319 0.08395359373411698 
3 0.5223618650565862 0.4746663397947075 0.05843507058832522 0.03994129757791294 
3 0.6709515579952858 0.6104303608167131 0.38916627102267937 0.2545966978323305 
3 0.6060081768901394 0.5978825636637068 0.2984332294858096 0.17661185375478214 
3 0.9654467264343083 0.5360316895795766 0.06910654713138328 0.06910666370854958 
