8 0.27783407651379377 0.9037156711404064 0.14837778469026414 0.19256865771918708 
8 0.3269440418165796 0.6322638335896117 0.028581280515128038 0.06859250694549801 
8 0.36871358672057297 0.6364823296222585 0.0353951130363081 0.0736226423243046 
8 0.20203478151587445 0.6166143423948165 0.02472170173727612 0.05211038669867384 
8 0.2636940717701591 0.6239871550486498 0.028281334103445594 0.06349392504442347 
8 0.11552969140433451 0.6129845864219606 0.021148926048133152 0.04568792224141349 
8 0.7832990151680828 0.6990434543262293 0.05788042590122359 0.11185191961590185 
8 0.42432578375302854 0.640687787433988 0.03373363942555862 0.08301701507542386 
8 0.005948530024205525 0.7409155984981288 0.01189706004841105 0.13519414752894982 
8 0.29331829331537373 0.6287300971762881 0.031220209475756457 0.06137983637622079 
8 0.4818257269701763 0.6539024122230471 0.038801744112673904 0.08160820614031573 
8 0.23818318959801368 0.6216977789159268 0.028480227015175465 0.059938557648700784 
8 0.6211114648887198 0.6746605163970477 0.045809944512211945 0.08983175232777853 
