3 0.670091326142744 0.586418110217365 0.20326308447177618 0.1404890678617816 
3 0.2869113439579271 0.5926059045630818 0.07059629122439563 0.07995648409652296 
3 0.7404437633122234 0.5779628189363728 0.19672562360050477 0.11928315981539027 
3 0.28785438524771684 0.6171153680057031 0.10625248260999957 0.11515942645709762 
3 0.9772334511148061 0.5050297559753548 0.04553309777038777 0.05469717686032715 
3 0.9251336768979656 0.514441073656573 0.14973264620406881 0.12323572432660317 
3 0.09780525740357213 0.6122573448722362 0.0606363634812336 0.08262811707650712 
5 0.9727787362314416 0.5010575681373547 0.05444252753711666 0.5123882223182439 
3 0.5639253398680092 0.5685210465618624 0.12004072734358488 0.09214907937357364 
3 0.8538406662403286 0.5601351798362375 0.19558795814555965 0.11378296482280303 
3 0.9047970117446628 0.5535883429128825 0.18961831048661495 0.1081016294917872 
5 0.7331700321612418 0.5197241459517411 0.08824536266435558 0.06846171873068764 
3 0.723963881984322 0.5430524373673992 0.12763347381613585 0.08266695242136406 
3 0.22569280004441294 0.5997069696643881 0.063412469607498 0.07136118950021644 
3 0.9589292318957746 0.5176046482590454 0.08214153620845097 0.09801471117559124 
3 0.16349760935983465 0.5991689367701818 0.05675308168674441 0.07999964220294929 
3 0.5934276052034634 0.5951018183322946 0.18549234677570822 0.15643584805694533 
3 0.44473273456852463 0.5834234250732526 0.11184646333634547 0.10304956868694465 
3 0.5129815706235945 0.573537521826627 0.11550163596960211 0.08525699761842298 
