3 0.24499737991835102 0.5723109004229965 0.09726058045273796 0.06063538926571703 
3 0.048638558934881254 0.6155793184876547 0.09727711786976251 0.1578067216317106 
3 0.10770826437066951 0.5784568247315576 0.17303881581961997 0.09553259952686681 
3 0.9782524184300251 0.5841331034140718 0.043495163139949965 0.10616679513150776 
3 0.1577430233514858 0.5675665325560588 0.08046829825830097 0.05276746769454917 
3 0.26568269265276573 0.6035719279418683 0.18387834942505285 0.13441460564677665 
3 0.34428586274565787 0.5771430035477548 0.10777621032004739 0.07625362535094699 
3 0.06570062626220882 0.5627198803679906 0.0903688512974285 0.05885881420552285 
5 0.9423285573418317 0.5725524951341739 0.11534288531633649 0.16336390062591358 
3 0.16598058498056698 0.6809354975572375 0.33196116996113395 0.29111264191620234 
3 0.5489209681271711 0.5834270264605941 0.09772798596032964 0.08716086116464351 
3 0.21676877182069418 0.5816186135964222 0.17487145275971414 0.11365588569935754 
3 0.33945148766515404 0.6013085396595435 0.18980331753726606 0.1293377252139786 
3 0.6678300044289336 0.5783144313844127 0.09607990250550884 0.09589742783281799 
3 0.445258437286002 0.583605588496879 0.10822307450011877 0.08393811247964474 
3 0.6389675487965504 0.7559716332499962 0.4646609432738113 0.48805673350000767 
3 0.899505802617484 0.5883302707439665 0.09543481227898738 0.10508697772373113 
