3 0.6540189486144474 0.6128960940720183 0.24328003213814348 0.15633000541607947 
3 0.1452238669971528 0.615647668973342 0.0959276513736464 0.0949312867148395 
3 0.7188738982837459 0.6020842717681628 0.22278126768289716 0.12809112711439355 
3 0.18513568732412494 0.6527959196802426 0.15299779427835897 0.14610138576011525 
3 0.8707986861654564 0.5281671993233549 0.10372447446504339 0.05378881461229115 
3 0.8608804808303069 0.5487133689593734 0.1812302718552256 0.12134585580273703 
3 0.49110042935479997 0.5889796940350028 0.14214367486649074 0.10090302225910022 
3 0.8021979904378256 0.5801982383182231 0.20344649168922802 0.11573147588746925 
3 0.8420299900529336 0.5756024310802161 0.18961793246143857 0.10797431789681443 
5 0.6112992673504145 0.537108539946295 0.08840049361140694 0.0686337145000415 
3 0.9825271447174351 0.5142004395708658 0.034945710565129955 0.058709721033911186 
3 0.6412881956813056 0.5607699474434494 0.1346034732875345 0.08512725451381793 
3 0.44114039886081075 0.559649162403903 0.08115436204104647 0.06498101090875752 
3 0.0705189212152906 0.6276137317115238 0.0871552561704082 0.08710945993187415 
3 0.9158414655647218 0.5480037050556562 0.1619089133637705 0.10084136028443291 
3 0.013772839138761485 0.624064809824699 0.02754567827752297 0.09625405625980432 
3 0.7348617958942367 0.5466536516642403 0.10646825110623481 0.0700740406768581 
3 0.5915821724225642 0.6249005126220297 0.23526395710140363 0.18180502650417832 
3 0.36870772086050146 0.6078835061095184 0.14420969270782455 0.12005620643803544 
3 0.43957382962360525 0.5944704053527132 0.1408113330187963 0.09580334283422594 
