0 0.25270911363609583 0.5418720778184428 0.02314992627342903 0.08506659049374492 
0 0.45836116140654654 0.5799611240330036 0.02188386291445646 0.09344326163340724 
0 0.5774121657848192 0.5620485149134804 0.027454592504423374 0.10752527549951922 
0 0.4511549201047454 0.5306252679409063 0.02041849587084023 0.07501769712921663 
0 0.6309854313421651 0.5896903622678188 0.03240803849251705 0.11742626859694237 
0 0.4325767870635198 0.5282462213791586 0.021796283718662365 0.07342680336522442 
3 0.982746534836338 0.5643307381594901 0.03450693032732403 0.11200737165617744 
0 0.13894965255964914 0.5610051226867777 0.032148377840241465 0.1029805558469919 
0 0.38703799533946365 0.5605692693573086 0.027295681955713393 0.11249397221294272 
0 0.5133825432036566 0.5654982665149616 0.025180985222109556 0.10046265851111805 
0 0.22703461866404326 0.5758269903058738 0.03261018975559669 0.11578442541638088 
3 0.5489804026713508 0.6349237999101766 0.12191726553072947 0.1899932951625715 
0 0.38070734282108115 0.5631901363469931 0.032568171396840026 0.10551979493405896 
0 0.5409320442120845 0.5626089270542176 0.03444526273427876 0.11305316349218641 
0 0.49620549019975635 0.5574075071743462 0.02007785559323878 0.08820646939908827 
0 0.015587328377671801 0.6118061241784335 0.031174656755343602 0.15044457854933208 
0 0.39706638185722254 0.527511425286518 0.02249312973571641 0.07651479177273965 
0 0.22361556858863962 0.5372158855188389 0.02345253653456929 0.0862358023262929 
0 0.537364082662428 0.5247033150925323 0.019291081197948687 0.06468654335495343 
0 0.5145656137918406 0.56228276610602 0.020109633471382792 0.09534662169648167 
0 0.5378351978265973 0.5479318257823131 0.020762945410500392 0.09347113152275136 
0 0.08215318083382021 0.5398797435707555 0.025346747109164295 0.08926312359838783 
0 0.5634043526130397 0.5640806020908746 0.01985797755773426 0.08476364738013811 
0 0.32554697367552365 0.5775595093603835 0.041790117413420445 0.12745940830443506 
0 0.6475883030435573 0.581865444691696 0.031562913771636475 0.11402790559422127 
0 0.47993997286541884 0.5300491961625559 0.0263701074909779 0.07159483113112874 
