3 0.19526043868575027 0.5641217469119405 0.09305146683102938 0.054950159205496146 
3 0.9711043542054841 0.5683324545481656 0.05779129158903174 0.1433624958571365 
3 0.05902348913609393 0.5785228131331593 0.11804697827218787 0.0824022170118062 
3 0.8031397515396981 0.5816562152431121 0.10161017124199447 0.0953329356792978 
3 0.11928204152105576 0.5609484848906632 0.0783181547381758 0.048090112594918535 
3 0.15823624348041002 0.5956498634376156 0.16883357602903837 0.11367621578109866 
3 0.27604625015043666 0.5692179439199265 0.10532650802277119 0.06865474588106288 
3 0.8371183712708792 0.6026906733285174 0.21489868947395394 0.2950837197962615 
3 0.8938613980470111 0.5870129086465598 0.0962493449736958 0.10776472313895213 
3 0.9747579534111026 0.6245768309613021 0.05048409317779488 0.24880306088205847 
5 0.5580084238218247 0.568131527465487 0.2013251266395195 0.12315972892016684 
3 0.06276592031480056 0.621249963043303 0.12553184062960113 0.17350871804871923 
3 0.44545231339077634 0.5826951310895169 0.09712978079284255 0.0784090324616143 
3 0.12281008999533193 0.5752870462815367 0.16181275985955182 0.09744349640464824 
3 0.2144553777720704 0.5879654283235111 0.17811886760020565 0.1076863611204207 
3 0.7811245903891688 0.723228009955985 0.43775081922166226 0.55354398008803 
3 0.5400787440243804 0.5752177938114955 0.09815093451095763 0.0854229162018024 
3 0.36176877291280307 0.5750763107574708 0.1052077529163801 0.07532641647784986 
3 0.6955009835290885 0.6304144005553302 0.1789320037423223 0.211743936821495 
3 0.20374064990531895 0.6894947994166968 0.4074812998106379 0.3291646078368512 
3 0.7234968128683121 0.5876316005452041 0.10592432415993684 0.09253888405184278 
3 0.5435559782425498 0.7536407586209941 0.43798926138987915 0.4927184827580118 
