0 0.6445441744605358 0.6688894423385767 0.09689163121248313 0.30434847359375955 
0 0.13211884847556665 0.6443938032998009 0.020894430700725976 0.07384278444963267 
0 0.36010977873432454 0.6658665309320307 0.027922189146312563 0.09145462738065413 
0 0.7049524648070542 0.6297613785895296 0.04360140201120743 0.14529237064777287 
0 0.4438349696635605 0.6470053756415189 0.029005120780939607 0.10765540822187429 
3 0.7938092079930731 0.627801511800345 0.1302416080899613 0.10967337043462685 
0 0.6029538666371681 0.6496638840871747 0.05014503515334461 0.1500810316574729 
0 0.2546441544121744 0.6395027309041426 0.02070691569645913 0.07332191893599833 
0 0.47369885092793096 0.656626832828787 0.032808828474833476 0.11335135393050147 
0 0.7540999064344643 0.6939039014907419 0.08722856829027975 0.28110798726168845 
4 0.9071266123856514 0.548513701384208 0.08464996263938332 0.15505735165353232 
0 0.3779665647599997 0.6187097178594261 0.01846996410923829 0.05900448290341539 
3 0.7092645024110344 0.6265206280297995 0.13039220901249535 0.0964261967641173 
0 0.9745460248351374 0.6048822547074946 0.04666973624345474 0.15137601031982506 
0 0.09329729842861824 0.6561067907047661 0.0230971979456001 0.07464657359972748 
0 0.2911065668865244 0.6617606750098086 0.03577581950731641 0.11502823150676894 
0 0.3621504619950453 0.6601241423602174 0.029207168978450965 0.10399837296425113 
3 0.36504886883089394 0.7743282690045733 0.5955546205450627 0.4513434619908533 
0 0.31032335792919397 0.6681231893372437 0.03454049419710269 0.09577581235527911 
0 0.404012789376408 0.6605852293319597 0.03659394075107933 0.11412743588240486 
0 0.33296081585344894 0.6154628693753418 0.019333968613300598 0.062440183155889346 
0 0.574855261725576 0.6467888793051505 0.03713322780017052 0.1331403614018792 
0 0.1367757249128054 0.6372083247435099 0.020352440718295756 0.07177288096317701 
3 0.9158999667356283 0.5996390477788293 0.09796078364231946 0.08428905908114169 
0 0.34611042858052044 0.6256607814711891 0.01408035486991487 0.059003949699137165 
0 0.32448165602366347 0.6636512994024836 0.02252100690243573 0.09771088391347386 
0 0.3458158565104181 0.6575764027421034 0.02378853819515591 0.09694757785848222 
0 0.0805644808947647 0.6514406799168848 0.020416948996352772 0.06935268789105496 
0 0.28098919904835684 0.6685866807181825 0.03973367613031318 0.11492662122794792 
0 0.4974608126297731 0.6488116789815626 0.03225906752190625 0.11107683407114968 
0 0.2838292498060792 0.6364852974389922 0.026439228156004795 0.0693777806065081 
