0 0.10963921558601467 0.5648676512405254 0.025300235848040007 0.06615164290422064 
3 0.10980142735707002 0.5598154376949677 0.0674606678209718 0.034916970186746235 
0 0.24146470370384152 0.5638473267743572 0.023712863833954607 0.06081687260859433 
0 0.07140187760446996 0.5648061570127739 0.021645031989098076 0.06947931262856855 
0 0.22375374096705322 0.5585204338242329 0.01676159664172335 0.04260878146479753 
8 0.013474492874387635 0.62711676015259 0.02694898574877527 0.10753922860948996 
8 0.19612660293889655 0.6800880520730778 0.04550638939243605 0.10369736699516807 
8 0.021009232169861676 0.637715222413996 0.04201846433972335 0.12161320208068926 
0 0.09410113125547769 0.566484629306505 0.024904182054523362 0.07191972618523873 
8 0.036189674266808365 0.6315957542352356 0.07237934853361673 0.10545680907222985 
0 0.03752884611691589 0.5645092530239522 0.02138837015889935 0.06026368867771276 
3 0.02287940663353111 0.5602540811022405 0.04575881326706222 0.04147134897540121 
8 0.12160586355513246 0.655506092123613 0.12203116122802085 0.14856506951159482 
3 0.07415536837713806 0.557598373983312 0.06533201277272377 0.03299626941770239 
0 0.0581352076030041 0.5705595532445484 0.02143786201993703 0.06183435771942647 
0 0.0860957992531203 0.5670814930991548 0.024062975127281873 0.06482465980257353 
8 0.1885796150946719 0.6499740343567014 0.12397243313007868 0.12967565598134886 
8 0.05277052790995734 0.6496151688978679 0.10533859870512452 0.1370577386818214 
