3 0.21945737816580135 0.567561491251105 0.09503998932810585 0.057169271327916056 
3 0.020635503512327753 0.6046298413209231 0.041271007024655505 0.1336242815934407 
3 0.07668007485681298 0.5791144302820294 0.15336014971362597 0.08868627555898013 
3 0.8954710694700033 0.5855437887286458 0.09595937609800131 0.10162010630106377 
3 0.13816896841269996 0.5631295688195176 0.07931725660105773 0.05013990129687487 
3 0.2080180709570767 0.5988768061971882 0.17603244534589252 0.12246577370830292 
3 0.3088828343582708 0.5729731770061939 0.10662549427548974 0.07171709689002126 
3 0.9827868172420492 0.6051420385326988 0.034426365515901836 0.31617828376780843 
3 0.9771644158513706 0.5914939536797201 0.04567116829725876 0.11242952503722077 
5 0.762346456702304 0.5764594704058209 0.25806139794614824 0.1502714328008073 
3 0.10744791563174111 0.6426249442320808 0.21489583126348222 0.2160957619336173 
3 0.4946799592439128 0.5840617250932724 0.0976029692272342 0.08225044029222608 
3 0.16675233370930115 0.5773740275498386 0.16811269921405061 0.10471891352443322 
3 0.27204355431417326 0.5923311977269449 0.18408002465796955 0.11653122567171231 
3 0.600808648867435 0.5783869893768953 0.09715132497135805 0.09018709380190507 
3 0.4017928864654944 0.5796609234617447 0.10671754213920352 0.07901674042364928 
3 0.8603726162348789 0.637005166912521 0.15874305173758402 0.2442121775229758 
3 0.3699766257602655 0.7397464033253587 0.4537968893505175 0.43006371132532695 
3 0.8061266420109794 0.5906546798606427 0.10178225171824366 0.09828454878923316 
3 0.8730449393488212 0.7470391078960962 0.2539101213023578 0.5059217842078076 
