0 0.1645189992352684 0.5740759389751543 0.04315525545624642 0.1341004990900949 
8 0.5570155418783344 0.5929953664129102 0.04673669226493615 0.04190081548317759 
8 0.8223896131894705 0.5958176356993043 0.04450846445046849 0.03769687289126346 
0 0.15009546490172526 0.5645456692580397 0.04350476772946241 0.1853958770379632 
8 0.6693533104445433 0.5987359835872986 0.03579559930781827 0.043656317851739714 
0 0.6508850550082829 0.6748506686674315 0.11075171249172179 0.35313694495858705 
3 0.7724193532621432 0.5879240806409843 0.06783543675427665 0.10129509650259946 
8 0.7787677212159639 0.5950013188708524 0.04386376074995169 0.040497121903198374 
0 0.21631403293185356 0.5722114811035216 0.04478762437392248 0.16518500155727237 
8 0.7502379098187499 0.5990826310404155 0.04100852641875321 0.041896100081998434 
0 0.19584687143410995 0.575307323295188 0.04950505429671619 0.18693457142154543 
8 0.6206934445790971 0.5929130662890176 0.03391701493713733 0.048138090442239066 
7 0.5126490298754973 0.5756264955235055 0.07631451582985406 0.0664076523802473 
8 0.016320510832409835 0.6550377872919345 0.03264102166481967 0.10118495726239278 
0 0.00010844483192787316 0.4365337513181666 0.0002168896638557463 0.01534658689706488 
8 0.6487211103684891 0.6044754451867842 0.02412927501840251 0.040720101651289094 
8 0.7158093212116168 0.6002570142134576 0.046935513337342485 0.04654802925566843 
5 0.4224955730476775 0.5638043026333669 0.07617668467476221 0.08627756884763622 
8 0.031032204771519797 0.6032096511864434 0.06206440954303959 0.10274113218272937 
4 0.3684522367538273 0.5528922352981791 0.10016938521625936 0.09425166212384037 
0 0.21348311345555832 0.5689699643423088 0.03828550374353384 0.14920889266288329 
8 0.4570454720146455 0.5877613219441544 0.028117734685198174 0.03846507072222209 
8 0.49306770172597353 0.5921058225339363 0.028254723028230302 0.03785388505472055 
8 0.6746455640724329 0.5986357310954895 0.04056116388341522 0.04307226267449816 
0 0.29328211676213406 0.5751373497551259 0.046512297213264095 0.17123215195625519 
0 0.18665837272107158 0.5597833258767353 0.03646441038957129 0.12804380959214504 
0 0.7937955312452374 0.6711492353447225 0.1486260953247627 0.3902241324672342 
5 0.916198579638567 0.5855306507082226 0.08696807983915719 0.08211577384842118 
0 0.25281773747405345 0.5581928816225796 0.047031858046258215 0.17581495146995843 
0 0.5386089558387082 0.5774535473012077 0.027727573874541493 0.06959866681639867 
8 0.05829871269651886 0.6390667123884044 0.038283663778229546 0.08882186277510844 
8 0.8734222856884918 0.6097734524525709 0.012192213975833113 0.021364477186867438 
8 0.5159288606870271 0.5933970304920612 0.04264015558936805 0.0414551652896801 
0 0.1638702363379916 0.5785815381644666 0.05185558860279091 0.2008803020476565 
8 0.11818956000612114 0.6278555132539534 0.03030603270637135 0.08384846998207157 
8 0.4748428514623757 0.5909529189306624 0.029067877179750425 0.03950855990834864 
8 0.5919779944253716 0.592843924497903 0.04024583442138905 0.049315392019679695 
8 0.132474020506973 0.6190914333738676 0.029531816962304624 0.07089510911135195 
8 0.862599854340345 0.5989555992660628 0.04174667469190098 0.037966885258131494 
3 0.9738841602165498 0.5898443265000277 0.05223167956690048 0.07040788912394835 
8 0.8059160101773849 0.6088864478383408 0.01255288612716754 0.025657341925777295 
8 0.017315919898194962 0.631802469750441 0.034631839796389924 0.1383632305882323 
8 0.6435899802539292 0.5992475960315536 0.03067882817429826 0.041495419192354395 
