0 0.1642647405012073 0.5655696300268674 0.02669973514066653 0.07019133125550954 
3 0.14642103513427449 0.5590572149924247 0.06859989020404422 0.03634920416229237 
0 0.32102851128161 0.565322358974882 0.02562611565370677 0.06588753869378138 
0 0.1256505347646993 0.5655217306960172 0.02294333178899846 0.07365440052123985 
0 0.2592223391555601 0.5600190900610837 0.017536351997858014 0.04480291550390821 
8 0.3058664632603603 0.6712796770381247 0.11798157473228514 0.1637833507627431 
8 0.10640144608741095 0.640431337485524 0.09536171786745605 0.1300586470141876 
8 0.47670773032362534 0.729955148097886 0.050391709007638286 0.13920934973644472 
8 0.14902836768353298 0.6591140982869681 0.12185670587893759 0.15320476968600713 
0 0.14816221577043695 0.567418985222991 0.026331206138848522 0.07615633948307965 
8 0.16773004860478127 0.6479479853538298 0.10401247565774556 0.12716595621583185 
0 0.08614251514399505 0.562765463402252 0.022194733581662386 0.0634421611347553 
0 0.0585437396870454 0.5650004648899277 0.01856087234197214 0.055260953261153344 
3 0.041200714307665594 0.5590202305974347 0.08240142861533119 0.04450203868032974 
8 0.34927300985148685 0.6883787080567835 0.17136651590809454 0.19639701489869532 
8 0.0826392616435526 0.644269445204704 0.10405076048204645 0.13793641563885709 
3 0.1090045415545765 0.5527341831542527 0.06619706274962935 0.0341473184049951 
0 0.10585627326631215 0.5675060774317919 0.022676609190363503 0.0651720660344177 
0 0.13996255323527962 0.5680122576955889 0.02553824758608462 0.06871083719587943 
8 0.02015765449003163 0.6219184382081897 0.04031530898006326 0.10223337176651309 
8 0.40806358007485616 0.6827197384122992 0.1655025877411881 0.16786736402432073 
8 0.038545386211284255 0.634165033181682 0.07709077242256851 0.12427317369022615 
8 0.013562575270852533 0.6272007198128323 0.027125150541705067 0.1126098560647146 
8 0.2316924585929045 0.6571803435870588 0.10467630162907376 0.13878049310971088 
8 0.23815570146428372 0.6734884304284902 0.1412813553464751 0.17485504856440912 
8 0.04480930353010487 0.6319124578321222 0.0824630585884399 0.1104289042064795 
3 0.007183891665416458 0.5541555996478508 0.014367783330832915 0.03346517603986759 
