0 0.6756747776682295 0.5179285700277948 0.02513621914544771 0.09037333504197388 
0 0.9255910216792649 0.5431874562324697 0.03245029475416132 0.10762202708897184 
0 0.12737311356075684 0.5851023464555439 0.042795023565367386 0.16381780839653287 
0 0.5497351453958025 0.5497986166778992 0.034040002291640406 0.12263022783396435 
0 0.9573956353355983 0.4968718447847974 0.02400278385307587 0.08560109989122086 
0 0.15424289998350044 0.47224596612118563 0.03438392550589438 0.1147527971446053 
0 0.8765675399761128 0.492595451400988 0.029797818976223737 0.08803260293874435 
0 0.5884394332720981 0.5400714261646045 0.0317511525958372 0.11154665420102472 
0 0.0786110386900686 0.5952866970002965 0.04401234484933457 0.17624578462339957 
0 0.887482187215304 0.5146613629269706 0.03195954119970807 0.12290599619211642 
0 0.4024524414208359 0.47345200958963085 0.034847490724424474 0.09942160320477506 
3 0.06149690889385947 0.5327052501280868 0.12299381778771894 0.11666234656874679 
0 0.791907427904027 0.5333495762169083 0.032345530884765314 0.11717299042234869 
0 0.8281766193846395 0.5380919260012945 0.04008615767907301 0.12348306015078132 
0 0.6076105872889312 0.5723051244223194 0.04189189368568336 0.13460720069574658 
0 0.8477985871792815 0.49499414161264416 0.029914628202338634 0.09006520625385071 
0 0.6533402198343982 0.5087430463845651 0.025058719197125184 0.09157322262219035 
0 0.2862792826494198 0.6451004899792353 0.13378525787811235 0.3328373996081327 
0 0.1758120169939204 0.5924205619733443 0.037006388399578025 0.14975197303836404 
0 0.5359512412978403 0.49127668286489035 0.02296718951689485 0.0873953319576206 
1 0.38628647998002663 0.5598198497652055 0.07697232511954866 0.0813475242347664 
0 0.7650816908266588 0.5501370648473062 0.05092098112184545 0.1436890438964954 
0 0.9934382906337913 0.4890569365985756 0.013123418732417208 0.0838610550373792 
