3 0.15427408473110582 0.5508027804923815 0.20439211250001704 0.15221275327767583 
3 0.552321405166209 0.672638853892336 0.4234370995231951 0.3194352619724896 
3 0.900728725988725 0.49959354783645227 0.1091029078236096 0.05961061840518375 
3 0.7554495101800527 0.5433174791822778 0.23464031430377744 0.15069333324421588 
3 0.3945823728010129 0.5260035312875172 0.13337921022737553 0.0946625088069923 
3 0.8016568971005384 0.5295504022289302 0.1956014455358597 0.11598558757789887 
3 0.8735708595775854 0.49837956288312246 0.11692540674998753 0.06734791687968514 
5 0.6182264218408561 0.4902631940394682 0.1076685321334135 0.08010529876858534 
3 0.9176034853923699 0.44557408027983875 0.06751631456188179 0.03956290920050751 
3 0.8238497516063942 0.5208446418879044 0.18368545305651948 0.11113187250933733 
3 0.4907468845144547 0.5093777765980498 0.11809976833366363 0.08616594980175427 
3 0.06828283332073146 0.580797866752216 0.1365656666414629 0.14893237095343043 
3 0.7271265725959415 0.4310593238492728 0.025619285595308555 0.03830853870739967 
3 0.010188460997951435 0.5897992224281183 0.02037692199590287 0.16505771292431803 
3 0.8605069322512889 0.5023612526359936 0.1311065192178249 0.08412461493184215 
3 0.9700510566795021 0.4365177623461226 0.059897886640996066 0.045257979240722335 
3 0.6886077714941551 0.5730626093631794 0.29379703538073526 0.20408798136274867 
3 0.7281861830964701 0.5680913065888776 0.24674807575743338 0.15341575026661164 
