5 0.0735985815586693 0.5310897278787581 0.1471971631173386 0.26851630945367877 
3 0.9810836592958927 0.6169121515254997 0.03783268140821477 0.28224412971089013 
8 0.9255617943403641 0.7025500596630566 0.14887641131927196 0.202731313219376 
8 0.6401480681403592 0.8599106640537136 0.6119446481848594 0.28017867189257295 
8 0.7526919585495457 0.7002957306825471 0.03944267545237651 0.10795932362454778 
7 0.9227056166975612 0.5 0.15458876660487747 1.0 
5 0.4466639031710961 0.5256482214551762 0.519466118811 0.3620100156011133 
3 0.8971663072628877 0.6277567223683908 0.20566738547422475 0.17959070369578398 
3 0.46934369715218405 0.6321051317582074 0.314280380163343 0.19324300950231107 
8 0.9536497299892146 0.8757748865196633 0.09270054002157081 0.24845022696067354 
8 0.4008747854066715 0.6813292638133834 0.03871549457143054 0.09627497212198945 
8 0.36328128025587686 0.7691651063445676 0.14948500246321877 0.10101078998153373 
8 0.12367909537073882 0.6708473651071851 0.035269647856167645 0.08246794687893018 
