3 0.7183427804569472 0.6155156940677389 0.2731918722121707 0.16908211004356005 
3 0.13124227418139717 0.6115418818550645 0.10824889314936897 0.10169844597048419 
3 0.7764945622276213 0.6031856508496255 0.24509787011420073 0.1365936674521882 
3 0.19965864223543414 0.6591642227283903 0.17896500892257167 0.16377727391679361 
3 0.8664561605629445 0.5262592610949309 0.10409863341685024 0.05409437217859319 
3 0.8908905857313688 0.5403365508371166 0.18936378027285714 0.12517852232018709 
3 0.5120373027514599 0.5869508547500196 0.15529464652394986 0.10658716624556507 
3 0.8422594036904308 0.5815547408989671 0.21712383854197584 0.1208342833182769 
3 0.8787257064903347 0.577887574318569 0.20014346571032035 0.11209811799478839 
3 0.33770655968358293 0.5760315527686253 0.09059392402404544 0.07002435809932554 
3 0.799789339225168 0.5336117971480528 0.1046073699392275 0.05939633333406277 
5 0.6038503984268856 0.5325454861177132 0.09116866744091183 0.07006186577140625 
3 0.9835297793279797 0.5102908669000931 0.03294044134404061 0.058836753156507736 
3 0.6560079986522095 0.5565020020261486 0.1420239010216598 0.08828477424264836 
3 0.4373713909920578 0.5561013756291426 0.0864299619560996 0.06755214832721214 
3 0.05182917230837787 0.6285134253981758 0.09822761000967843 0.09466694584608389 
3 0.9299558432124992 0.5344276119332612 0.14008831357500157 0.1020273794060897 
3 0.00274181015081684 0.6252588948772055 0.00548362030163368 0.09910761264069341 
3 0.7436816941903426 0.5421699200556156 0.11023637833126686 0.07177934309017928 
3 0.664108244091812 0.6295335107793186 0.26841575689275204 0.1997218995420225 
3 0.3894336377196656 0.6072448474759357 0.16294354645474138 0.1296164320669092 
3 0.4611313922386087 0.5926374520643093 0.1552461201888115 0.10234920196881786 
