8 0.06949865801029723 0.8965386219872901 0.13899731602059445 0.2069227560254198 
8 0.23488183261037016 0.6346817374895143 0.02932650576054403 0.06786853495051257 
8 0.2747793331323335 0.6428551916893672 0.035933719979184854 0.07256589889102089 
8 0.11446084125833604 0.6225304050392767 0.0260293631336984 0.05249922589478084 
8 0.17462492339195607 0.6263742364172241 0.029390905734971967 0.06342597166142987 
8 0.02622525015187622 0.6159491609740634 0.022606908723848518 0.04639917825088244 
8 0.647901571733994 0.6991824475007817 0.053950777597249415 0.10393994564761656 
8 0.3281293573614795 0.6475673379272309 0.03391917487970233 0.08110224663361124 
8 0.919196112683775 0.7392640567334012 0.058038761411634714 0.14044715673085117 
8 0.20246436304797877 0.6311952705503329 0.032124039179150826 0.06103192368270445 
8 0.38080994713858146 0.6570140320065616 0.038540064421527374 0.07893809644495062 
8 0.14951824701625685 0.623706944174021 0.029713087022970264 0.060019628168596205 
8 0.5074103972384196 0.6796176737357708 0.04426196654500366 0.08571247726025301 
8 0.0642473992317018 0.6137849041464247 0.025755833640116858 0.056042622101212296 
