0 0.6950206961260261 0.6814240399045465 0.1040903748665697 0.31805046962746636 
0 0.1257823196967932 0.6466039022269148 0.02147280448280622 0.07568578635904133 
0 0.34371245618134 0.6683379641119092 0.027513895873098236 0.09013758534839439 
0 0.7769595768829638 0.6505720294169345 0.049015282623821155 0.1607318869551466 
0 0.434542861680294 0.6479193750156674 0.028153911586813154 0.10475062157070625 
3 0.8092962473078871 0.6248120417199244 0.1301015575157139 0.11109246852207409 
0 0.678294935246278 0.6458214818245205 0.05360852096349447 0.16073916766088228 
0 0.2685987067499806 0.6350356467251529 0.020805389645185385 0.07254412685144504 
0 0.46054247054326164 0.6568176692133397 0.03176993247507795 0.10983183401908238 
0 0.8180958014979272 0.7008367441122549 0.09414809059307856 0.29339233423322986 
4 0.9007818369649846 0.5459458288161583 0.09469845076424221 0.17613180983539203 
0 0.36458163175084873 0.6187535752274215 0.01922422209805447 0.06134372255123 
3 0.7244212179733981 0.625288597515578 0.1304349245163199 0.09793636667651047 
0 0.07624370436132091 0.657062322477062 0.021987651867074503 0.07914490278496993 
0 0.2720917868304567 0.6586182149927091 0.03483699446782293 0.1117462502516835 
0 0.3606207280339996 0.661337875655684 0.027350861219904914 0.10127863009796152 
3 0.19816438135107292 0.7793540813106314 0.2733617153498948 0.3864181721849028 
0 0.29960694068117194 0.6690036184026862 0.03438024479826634 0.09435496327833916 
0 0.3976452194883852 0.6604924204765845 0.035740399000115275 0.11142680668951205 
0 0.31405084182052145 0.6604160968312168 0.01993431952966592 0.08865498641813865 
0 0.32016385468811975 0.6263424250283313 0.020108271178126493 0.06490229970520191 
0 0.6382579140657393 0.6382962393926601 0.039835566790682155 0.14250607176802205 
0 0.13172483612219793 0.6467418850197411 0.020923413668469292 0.07369405214146897 
3 0.930911676049207 0.5974679023102326 0.09276283137531323 0.08528079017268889 
0 0.357970189767443 0.6231578656106497 0.01452992498698272 0.059955583238404796 
0 0.32916785079917155 0.6607088506397859 0.01928527716281465 0.09561615425124538 
0 0.3502365012109283 0.6528923134112261 0.02048730637009939 0.09420265581211222 
0 0.0511980221856453 0.6524936804883534 0.02140851269275234 0.07273094561314793 
0 0.37515311247746835 0.6562111872167392 0.022005694618321813 0.08475233755492935 
0 0.2682414734230947 0.6686258789510043 0.04004628126801816 0.11239726451743473 
0 0.48717726266641065 0.6504915523098306 0.03160217092052243 0.10894053292310964 
0 0.3008194672621234 0.631876905073916 0.02630690052172696 0.06883017382316754 
