8 0.12317206816559033 0.6287051436559589 0.03012175361805694 0.06704820899264519 
8 0.16137453043635228 0.6339660766667479 0.03658770528837394 0.07123305808428086 
8 0.010260618348076107 0.6160136623704902 0.020521236696152214 0.052759163694760594 
8 0.06568295318825242 0.62267198051405 0.030596902252070814 0.06334417413538833 
8 0.5001957457242822 0.6795319925092048 0.051224293902100725 0.0965647680188081 
8 0.21282020541064475 0.6382612100187112 0.034144667838780514 0.07884360901485732 
8 0.7197501863886236 0.7118246757124503 0.05247717331505001 0.12481910344353941 
8 0.09191306279604845 0.6255027880099953 0.03318008223342188 0.060626064814137834 
8 0.26026159192885145 0.646934416385665 0.0384660116985026 0.07624676365384277 
8 0.04079361690362257 0.6180504857672655 0.031090999022600162 0.06010276026597075 
8 0.37653289502998044 0.6655450318057334 0.04309182533128777 0.0812699374390949 
