0 0.08863067936854244 0.5954015033893494 0.08307522253401046 0.26539058121382053 
0 0.31007897889245173 0.5757198566567379 0.043053082305209676 0.13475399546253028 
8 0.03233046153513591 0.6035967632931126 0.06466092307027183 0.1074714095850465 
8 0.6816058471008947 0.5981331689956172 0.04948729909032622 0.04379819883349847 
8 0.9662979297200082 0.5987920683187006 0.051076370002907795 0.0406879294856089 
0 0.3304164472485816 0.588116387070385 0.04629116864921325 0.2041479737017483 
8 0.7957352114429671 0.6008739555720609 0.039027385190508 0.046182668920245584 
3 0.9411394340019129 0.5891458578987866 0.06471943745382333 0.09769378219172249 
8 0.9168807779712893 0.5901118395571138 0.05064691333223479 0.04330075227435411 
3 0.057962774624570834 0.5503025228632016 0.11592554924914167 0.19041596678716638 
0 0.37844079026029565 0.5756528846090022 0.048335418401357515 0.16854593832661055 
8 0.8942465580261711 0.6053967381394328 0.04511709058787858 0.04509602435886071 
0 0.3854476106842945 0.59444818791014 0.055911316993467894 0.20906174188918283 
8 0.7454072661613494 0.5958394017141138 0.03470866410920365 0.05067088346396708 
8 0.11154570783928337 0.6108703284431238 0.10594290604990708 0.1127682819596694 
7 0.6273687694047099 0.5747536358405481 0.08032410784622598 0.0689723949631508 
8 0.2146529894246286 0.6696485164823539 0.038090183140459075 0.10897342120996124 
0 0.2150639065386194 0.6301821883419956 0.13672829172761802 0.47064239551614523 
8 0.7775262681190199 0.6051990341191752 0.02408401588938588 0.04315173525532335 
8 0.8575585099244208 0.603891185083955 0.05140542394288289 0.049868737936750826 
5 0.5334305695242755 0.5686547215923217 0.08099118951529455 0.0882872344851279 
8 0.19051766823911934 0.6080379878821135 0.0863964357201089 0.1065527215564791 
4 0.4730233605669448 0.5574705314716187 0.10440846072787864 0.09533725170594765 
0 0.3635265453857507 0.5692281053991102 0.038140775597655864 0.1504909549678704 
8 0.5693623159639054 0.5926581790522486 0.030578132630141325 0.039827343963178365 
8 0.6107885125801776 0.5965110916670248 0.031009797844730187 0.03946740879493859 
8 0.8110975402305931 0.603538969559694 0.0469341864256667 0.046207997950197824 
0 0.45783520998771127 0.5786958983667961 0.04968804257206735 0.17607907988042326 
0 0.32821240262500345 0.5664536839377762 0.03604924249966345 0.12809691828112169 
0 0.41215274248856804 0.5724994062386989 0.04846284237608352 0.1799050494053193 
0 0.6624357612922358 0.5767946797982249 0.029300793159184196 0.07283805936086897 
8 0.2488140053405948 0.6604608239861861 0.033992383205725826 0.09480378936535608 
8 0.010268773004230848 0.6817500818264509 0.020537546008461697 0.1725960039302826 
8 0.6375208797768425 0.5987503115648825 0.04621837527717666 0.043440350731153404 
3 0.0023464389511271104 0.5715909637886659 0.004692877902254221 0.116458016991368 
0 0.3541329790060949 0.5920290960793247 0.05776027433173447 0.22431966562782818 
8 0.29970704144119387 0.6377791587270857 0.02993187881505559 0.08872840392446998 
0 0.13637507088352097 0.5797854119619998 0.05774242040177011 0.21421835199316888 
8 0.5898326103482835 0.596569619936522 0.031643839675769385 0.041105691466835875 
8 0.7172507532044474 0.596712374117844 0.0413931902119937 0.051826911730635555 
8 0.3065163062155279 0.6275811915905286 0.026518996894272392 0.07462353626984762 
8 0.9938418853310966 0.598953923456262 0.012316229337806846 0.040471447351711605 
8 0.9547576026555082 0.606697285419876 0.014349595309235496 0.0277303592397488 
8 0.20376441901172399 0.6408441242343859 0.05662186036925451 0.1484039884843316 
8 0.10261606361097349 0.6727551791120858 0.2012166726706266 0.1937196610795277 
8 0.768164407742548 0.5999556644543628 0.03200549177790563 0.043729417140801086 
