3 0.7791619586200481 0.5735275443055844 0.18123600173600182 0.1329025867730536 
3 0.4743918837689614 0.5699215663789107 0.055052619477973935 0.07044802800164032 
3 0.8651132618651337 0.5643727807076909 0.18980415277927506 0.11750329401364146 
3 0.4501493948679371 0.5874538226465149 0.07649612906055155 0.09650188273579557 
2 0.052748957288628696 0.6066016704412089 0.03394803161517248 0.06664513931328504 
3 0.31904777199808937 0.5866243061340635 0.04227362859223824 0.0679235104789832 
5 0.9519451053035699 0.5007118707193913 0.09610978939286013 0.5069321568717883 
0 0.2050195163252363 0.5711780615445834 0.03015269911110135 0.08910801494988643 
3 0.8951828379319063 0.535693338285437 0.13557252113234625 0.08575918232584746 
3 0.37038640077303214 0.576930019027699 0.04123660452475292 0.06760281807594026 
3 0.6967471246728093 0.5825185958034882 0.15303222614861603 0.14214989171143153 
3 0.5925748888838964 0.5659167124544477 0.09227448350327798 0.09390269144321962 
