8 0.9630179783134253 0.6779391531179739 0.07396404337314934 0.15922250908111057 
3 0.8644133596784391 0.6068637078477308 0.27117328064312174 0.273390651198917 
0 0.7843494818370814 0.6313211194174699 0.10670712319673427 0.29888729738512676 
8 0.8430025126856161 0.6822303439731288 0.1776115967642488 0.17178813764312154 
8 0.6769552642095301 0.6726530533582402 0.16734810899887692 0.17446853598328213 
8 0.1813780012301006 0.8377618942285704 0.3627560024602012 0.3244762115428591 
8 0.5192742384032449 0.6759053252574526 0.03320530007172259 0.09510359500409221 
7 0.7059842892778068 0.5 0.5880314214443866 1.0 
5 0.27612571218289034 0.5180486344759777 0.5055982177128394 0.3345909568341878 
3 0.7241967051642806 0.6119850396717744 0.23238891197638978 0.16250506538486806 
3 0.2836268280841355 0.615890849025938 0.30694912236663596 0.17722186762610292 
8 0.8825474660264686 0.8428805707718829 0.23490506794706265 0.31423885845623434 
8 0.5615755095043368 0.8446584291426588 0.4787203929355228 0.31068314171468236 
8 0.20913501544039803 0.6634750880599473 0.04032700387655584 0.08945242621827598 
0 0.7324208824784151 0.6423764876586433 0.11056125214736355 0.3200213256671704 
