0 0.7021989343979617 0.6062367109057613 0.03319444809327024 0.10465579905768808 
3 0.806448054310016 0.6042168963529212 0.08142515093739619 0.06129610924112424 
1 0.6681080061794632 0.5946539717449114 0.04770976294498709 0.1070350042906679 
2 0.6474258411138266 0.5798869635897815 0.043119435613858954 0.06865201328710832 
8 0.22462812958985176 0.5681086725883597 0.04681904328687541 0.04028261716900867 
8 0.482845293338915 0.5777829326014177 0.03675802114605212 0.03383794695134883 
3 0.35397737078855895 0.5748880113058532 0.11240928052876217 0.13414072997130702 
0 0.6697720693242991 0.5968024130402275 0.03623874417129258 0.10177826305763556 
8 0.4455835986878081 0.5791374986146541 0.037720607585193945 0.03671013592962639 
8 0.40053805829502437 0.578633761668446 0.0380902166608562 0.03752100690287301 
8 0.6119157759282828 0.5978504516467501 0.013610476974295906 0.029969078108513385 
8 0.29677545541728007 0.5693208469720579 0.036935559680558255 0.04457471161027974 
7 0.19888904330159757 0.5445494324431175 0.07670400331291788 0.06474832411818511 
8 0.3663188899254694 0.5754468289934446 0.04397663788162774 0.0420901128018197 
5 0.10526013871897956 0.5364931588462716 0.07371761588810662 0.0854205395987986 
0 0.9228805349123593 0.6313345573220209 0.036888574933618516 0.10663512396840891 
4 0.06240932550106996 0.5267225215965325 0.1017432121050392 0.09633735625609037 
8 0.9270375439221876 0.6768974250806662 0.1459249121556249 0.18086851228310177 
8 0.14166124270278704 0.5616692001969295 0.025642900475433467 0.0381988270654209 
8 0.16869079379020716 0.5652319560720219 0.025360237104251004 0.03680929860180495 
8 0.8549196912653138 0.6524316040794881 0.1618719392820708 0.1348816372580062 
8 0.7520799111400406 0.6039235762851786 0.014978150126090384 0.023773418051884064 
3 0.7178917248137645 0.5947476397734903 0.10035017256799464 0.07735182964243632 
3 0.6961338027348011 0.5868217229224171 0.07647978404661984 0.05386410292053982 
0 0.0302265936306466 0.5952858123571789 0.0604531872612932 0.2379942658639623 
5 0.4241661798938206 0.5572105727651592 0.07538205960721037 0.09011066905174869 
0 0.6672536603571632 0.5918835235725715 0.030840080782325998 0.09501287917330767 
0 0.20652761360320085 0.5490243771246983 0.028152334898114015 0.06542934197350235 
8 0.5182362001864812 0.5848740476992907 0.009855455046038344 0.01842105250673904 
3 0.7643591015337028 0.584840526463154 0.07172221283600096 0.06360833431735563 
8 0.18517895399159812 0.5651780886843736 0.03995243570107878 0.03996390112997454 
8 0.9602030534815782 0.6777668416871975 0.07959389303684375 0.15763206143265204 
8 0.15494626564381414 0.5645384808089899 0.026592094611057552 0.03881379010998179 
8 0.26282124097378007 0.5667958912472194 0.043316640446857874 0.045874473743474295 
8 0.6391875906812583 0.6068497419662071 0.01457099373692941 0.03312587684892972 
8 0.5171882949191491 0.5803981801514301 0.033872465839813515 0.033604422361961435 
8 0.8039704693701722 0.6621364228708324 0.16456298667257685 0.16914733083803488 
3 0.5799161846453567 0.5793093184481308 0.08940962947486952 0.05778819415188486 
8 0.45318995193414113 0.5862553508821412 0.010667352548999531 0.022369778959755296 
8 0.6365640834910739 0.6027145538839483 0.013491751121294939 0.02955285635344909 
