0 0.8829508930949043 0.6135533416475057 0.03617950682900414 0.11543534743797895 
3 0.9451146810996309 0.6135917893777735 0.08690635370936761 0.065176798763591 
1 0.8409644182372489 0.6103070143631506 0.04717017327255107 0.11792871314063032 
2 0.7670375049209908 0.5896536598292874 0.044919566890699515 0.07239807999363002 
8 0.32646333847312975 0.5887801205651877 0.04586354955466924 0.03982387862975328 
8 0.5814719037201603 0.5931606896511648 0.03792608823725338 0.03405290985584038 
8 0.44455085270675126 0.5914172382061146 0.033600951349018755 0.04069123717917453 
0 0.08369165829388651 0.6522640117559969 0.09428245842511376 0.2658807943469661 
3 0.4809331732466152 0.5887411560335497 0.0847897861545573 0.11916339503540978 
0 0.8362881363922352 0.610704241042577 0.03920901467845269 0.11115164820841408 
8 0.5431673695262567 0.5950083803782904 0.03811900624024339 0.03693284367961471 
8 0.5040832227254264 0.5970399781228877 0.037894578714482846 0.03818163829909572 
8 0.7362074900967868 0.6106548389828437 0.014384232721725142 0.031703008759947506 
8 0.39477105503366416 0.5891380912823999 0.03514847504469316 0.04531706044594677 
7 0.29521482928923304 0.5685590516896951 0.07522481129015915 0.06385566235309884 
8 0.41848411551338843 0.5952028633764328 0.025952521089503976 0.03790616604995143 
8 0.4705475478774002 0.5951738175024724 0.043695016277213554 0.04263808117021869 
5 0.20394284585887223 0.5579290724744941 0.07333880173481105 0.08488076207984749 
4 0.15788994375573207 0.5472121076796534 0.09994501729896513 0.09467963395811195 
8 0.2394021704306989 0.5839466516953846 0.02596843649066152 0.03770082958020004 
8 0.2689280699415549 0.5860198261077942 0.025767299371615666 0.03651880282651739 
8 0.4343816899120766 0.5926647340971085 0.03382477231185426 0.039664504633803596 
8 0.8771554261104635 0.6158676894264747 0.016218424469160626 0.02521420236279899 
3 0.8574325904016743 0.6067733470800728 0.10588827600730624 0.08241715655638959 
3 0.8144945047860034 0.5980948286685543 0.08012018491381852 0.056387333935793246 
0 0.22110714944814683 0.6376400570050164 0.10684851914828489 0.2779657536178845 
5 0.5717703757145545 0.5735718071021809 0.07462352679976875 0.08422752673612025 
0 0.8267524221201454 0.602385890069232 0.03291946985588624 0.10329095066377204 
0 0.30797309162491665 0.5699237237742782 0.027292070401153872 0.06612360989146718 
8 0.620513765547398 0.5964335528750028 0.010157438030420352 0.018945253865876515 
3 0.8819781903506388 0.5932210658119177 0.0750787268571338 0.06680539737937352 
8 0.2871273624236168 0.5873812523950819 0.040026466366876755 0.039686877098678665 
8 0.25397208518726155 0.5850093303321964 0.026873427011754422 0.03838074461986398 
8 0.363007849926082 0.5880184792937411 0.04143173571268619 0.04659630954420417 
8 0.7740388193484282 0.6189411796347114 0.015640294081413656 0.03535403820391884 
8 0.616651358629211 0.5937565109723939 0.03507224511796522 0.03398540652885016 
3 0.6990121383222537 0.5930788892770757 0.0924316790191358 0.06008092754871591 
8 0.5564644881352667 0.6029951417988187 0.01083324787535247 0.02305919574214171 
8 0.8074659108300515 0.6190573558920459 0.014498406615475261 0.03531508822618548 
8 0.761188850533662 0.610021100975003 0.014324109732093717 0.031216501436162565 
8 0.4196132806645024 0.5928159733248101 0.030781301545335753 0.038918695933958435 
3 0.9804491543569532 0.5977070763941009 0.03910169128609354 0.07208415830699222 
