3 0.48235062449903227 0.582810839711606 0.10125080274708459 0.0785770861363597 
3 0.23085937391269465 0.7016067337580136 0.4617187478253893 0.38517457442310415 
3 0.7088577516449871 0.7266156111969322 0.4527265511013723 0.5467687776061355 
3 0.48940099726014785 0.5971183351217397 0.19991800968121895 0.15584197879385644 
3 0.35815733311867287 0.5735089638464622 0.07610448267579926 0.06738003516866065 
3 0.9040461904750889 0.6209315068276821 0.18471056605255654 0.24820122683724372 
3 0.6595221356430906 0.5884962291993681 0.09594580498347789 0.10242582036040707 
3 0.2368003378833157 0.5686156211969079 0.0901955041873229 0.07536834004050769 
3 0.9936046424753155 0.5732699748642438 0.0127907150493688 0.11907180741563952 
3 0.7384756777282521 0.6129759103179984 0.19066096069085603 0.20107001709675654 
3 0.8171647036848856 0.5908305999322859 0.09980040433472667 0.11603114800774329 
3 0.03591377861008341 0.5472503802442326 0.07182755722016682 0.11655177297854266 
