0 0.34745448207235524 0.5401027019098548 0.02245122557774316 0.08506589689511095 
0 0.5536459384383584 0.5678104464898037 0.018635978526248494 0.09423770796573427 
0 0.6946386438152716 0.5573719952304184 0.028833368073828185 0.10943766907472202 
0 0.09981097956882203 0.57681848159695 0.041403192375068607 0.13050378098258533 
0 0.5660356439794839 0.5251893969520136 0.020282016119091112 0.07552121076363967 
0 0.74659904188407 0.599490886739456 0.034235884719990395 0.12045971671607188 
0 0.5258305413399003 0.5270683114691845 0.022450254073506246 0.07562027603068941 
0 0.24468997517982138 0.5663355713831181 0.031019718387028876 0.10464862960099228 
0 0.49344966365591036 0.5392355566245397 0.025910625715813963 0.11185792464319687 
0 0.013145206030852952 0.5001210789847191 0.026290412061705903 0.10720103557650469 
0 0.6296715248184838 0.5588012025383797 0.02476751748050951 0.10069524556044333 
0 0.3675656458475048 0.5730121321754895 0.029789350024111556 0.11252850851059008 
3 0.710001091882246 0.6327299288433553 0.1192042235545442 0.18613357722908713 
0 0.47171113639040785 0.565776859516872 0.032192869873680724 0.1077687559210896 
0 0.6567174367279769 0.5600364585369041 0.03432454329020921 0.11439458943283334 
0 0.6098407716000782 0.557245191331715 0.019010458806774013 0.08911761257132228 
0 0.17317056976943385 0.6011077641023438 0.04811695810507072 0.14166691595949354 
0 0.49867828385373897 0.5233232464890198 0.023036310489766194 0.07851132441361623 
0 0.3206741476496147 0.5347816073270563 0.02282231029307585 0.08687088425715943 
0 0.650991910717769 0.5184475796840678 0.019834990042184586 0.06559740475987123 
0 0.6314065753485599 0.5596772031925635 0.021266135214281903 0.09672735725989778 
0 0.6634799997199562 0.5427479502121025 0.021004022365547145 0.09466354209544509 
0 0.19335787644964647 0.5320441377957378 0.023773740752567038 0.08814785656671341 
0 0.687979394380162 0.5648966344998584 0.020892743746056795 0.08666965293726775 
1 0.0019014552906535275 0.5985621569540713 0.003802910581307055 0.08612777196550894 
0 0.424207833203604 0.5719759561292661 0.042056425432180265 0.12997287477007394 
0 0.7685665748487983 0.5830072320417877 0.033746710613800704 0.11770230434442397 
0 0.5971292211384975 0.5268405763194883 0.027028026224108503 0.07261398799114943 
