3 0.9058537994670323 0.5871333678774054 0.1882924010659356 0.19551558625995205 
3 0.8691304584337104 0.5741887460803253 0.2617390831325794 0.14770518886709144 
3 0.5542726470217879 0.49253749521451545 0.061022220294594545 0.03697161506925612 
3 0.30958371879251323 0.4961568006214124 0.07987829984414731 0.0525184147470896 
3 0.9415639442053231 0.5414005860903974 0.11687211158935369 0.10744368047610067 
3 0.741776252788558 0.7719939019490915 0.5164474944228841 0.45601219610181715 
3 0.3313567053636703 0.5123394996704131 0.10264018349061757 0.058295771327513284 
3 0.43430800437297407 0.49383828616203357 0.07550085050970416 0.04479741052051288 
3 0.8568283122857726 0.5290185636978257 0.1225833596022781 0.06760092479362755 
3 0.2542527747552424 0.4927584990515968 0.07114220822040064 0.041827288284102655 
3 0.5169846598645808 0.49285593884398077 0.050688294896021446 0.031684860837197876 
3 0.46916659164866886 0.49616562104618056 0.084688970798639 0.058798349065490106 
3 0.1719231623506209 0.45898930027210993 0.03070703095890325 0.0372852794264071 
3 0.5954599605810743 0.49576105386828906 0.07304333890121725 0.04613140963511657 
3 0.6278214709070357 0.5267534861925696 0.1737123959893632 0.12247769312893216 
3 0.4783093969352801 0.5718777085236509 0.2902210277669475 0.1892062733227748 
3 0.7403047365185463 0.5676515022894085 0.21519481783461586 0.1219269726660148 
3 0.9083307389963601 0.533953001495575 0.13023685603777324 0.07782199014094525 
3 0.6891928018179968 0.5526167894876172 0.1871988972842955 0.10993875138357939 
3 0.42606137172975156 0.5528963711761057 0.2164158919528549 0.1302435955709705 
3 0.34066319390296557 0.5145184734967827 0.11154237302057837 0.06850647743131434 
3 0.6692414717063819 0.5328830672701835 0.07877980051616171 0.052420077384732054 
5 0.04041677595830216 0.5072447326402552 0.08083355191660432 0.10775206671040728 
3 0.48705231450450726 0.5219792761487937 0.09428429519139833 0.05506282682780036 
3 0.2844817501337421 0.46416956810316656 0.05931126127647275 0.03937373435185508 
3 0.4016415818053687 0.5465894785178484 0.19606103783249582 0.1220438994206037 
3 0.7135321388956716 0.5302803765454221 0.08791488800125989 0.05842971458102802 
3 0.6294569227307298 0.5037818760541349 0.0788570472271163 0.05131964512618595 
3 0.6112846900085477 0.5259484305805769 0.1414966040747553 0.0968513352973082 
3 0.08376099176104983 0.43745685552554087 0.027960649808601083 0.046634097233343004 
3 0.010318657776059656 0.5504293474533458 0.020637315552119312 0.10076816307354211 
3 0.36274305709778065 0.5282198908410194 0.12894575392341942 0.08787805176485418 
3 0.3467302204920321 0.47589111772077675 0.06150517724927234 0.04148461530615615 
3 0.9859510184440134 0.5878272537204583 0.028097963111973316 0.21808894965127423 
3 0.5953239679062916 0.6331307027130091 0.42400153241849675 0.2973501675445766 
3 0.4997985308338383 0.6148632449883784 0.3292637199112684 0.20353003710461828 
3 0.8103717753722904 0.5443691014869291 0.11607118243722753 0.06375609927800105 
