3 0.770356241343336 0.63109980329426 0.25017666367142044 0.21073956775445715 
3 0.6455494217804696 0.6039919345391298 0.22862346276890805 0.16264982091520552 
3 0.19223687757736901 0.5296478793035829 0.07400946094409491 0.041420739924394004 
3 0.9236950294534465 0.5842627369814937 0.13489014114515216 0.11463698227812813 
3 0.6363447970614139 0.5705366788083731 0.12321028439185291 0.10186766560635722 
3 0.048378922859646914 0.5384425006831584 0.09675784571929383 0.05530966380286638 
3 0.5363562296461398 0.5579095504861302 0.1041216130149187 0.06716179326223028 
3 0.1432187494577778 0.529774431027371 0.06370423787479274 0.036295663357552334 
3 0.09785802217901016 0.5419757434030367 0.11713820821698052 0.07227268054550412 
3 0.24317541766274214 0.5328252174172957 0.08453418639046455 0.050838564256461986 
3 0.3424288784421548 0.5603301079217453 0.19509341784952153 0.14638771798885192 
3 0.822846346150243 0.5757855305241765 0.13816408741778702 0.11554121647998064 
3 0.7562029536203383 0.5793188583068056 0.1259770951589357 0.09159736996587356 
3 0.22018780859803305 0.659876633041201 0.42785912339469284 0.3061939449072557 
3 0.47821086699695314 0.6045248981501039 0.21469169365535 0.14317489784857804 
3 0.5853404893245997 0.5634458549655115 0.10457062402506835 0.0755815176918366 
3 0.4127075687782532 0.5888900988962509 0.1978698799932107 0.1290373106295543 
3 0.13855241239258093 0.6181554656504619 0.27710482478516185 0.19284785557383113 
3 0.005848234956037189 0.5606071909271048 0.011696469912074379 0.08603045981019243 
3 0.33677543090223877 0.5644821497676643 0.0830437358257002 0.05770489683138148 
3 0.1252594433801439 0.5618059788262363 0.12696255673500026 0.06850098633413994 
3 0.10555381974570445 0.6076637213742537 0.2111076394914089 0.1731635470839495 
3 0.3880481703777465 0.5517825970942589 0.08789073588306216 0.06201619837238822 
3 0.288801599960035 0.5401886895198507 0.08717809962174872 0.05571359736527477 
3 0.3082167899444939 0.5706077794057998 0.16199005474215383 0.11528800063966647 
3 0.040621522343753734 0.5748558104849577 0.08124304468750747 0.11643395844661585 
3 0.9085949196955161 0.6059400368463155 0.1828101606089676 0.24590213322375962 
3 0.48861366602443895 0.7558930599806276 0.5497757609427225 0.4882138800387447 
3 0.3070753528143941 0.7314785585076296 0.4743143274096756 0.3601573777672551 
3 0.4910066930458579 0.570161260429136 0.10378530473613033 0.06600378963431973 
