3 0.1315562476143462 0.5657583562321595 0.09085699257529052 0.05147628630480388 
3 0.7805270428010133 0.5839060397921363 0.11514395973374733 0.12592808388103846 
3 0.018397095113985573 0.5808711760122035 0.036794190227971146 0.0683546064999382 
3 0.6339729778790124 0.5842433527568839 0.10587883112849632 0.08451292550953446 
3 0.06305134283789315 0.5645333222015959 0.07789405828677042 0.04507399002799521 
3 0.06840211114127814 0.5942148630602706 0.1368042222825563 0.10028593032170761 
3 0.20114474147578867 0.5699911586902433 0.10288522430212313 0.06362931859628336 
3 0.5265765273779874 0.5916320870457646 0.23003546257827395 0.22235938917730613 
3 0.950857295757345 0.5813058587276951 0.09828540848530992 0.11162311681532389 
3 0.8046358987149236 0.6417037312815945 0.22193208648148896 0.2256449713727 
3 0.7049316036590128 0.589710824635643 0.10271355412331942 0.0948125768915544 
3 0.6666797088506189 0.6270243673495491 0.21672481268530022 0.19645721656652743 
5 0.26204814237194535 0.5677660129343475 0.13464471555700042 0.08738616705859689 
3 0.4381614632356538 0.764432040011129 0.5383587693149349 0.4711359199777423 
3 0.3441051475949308 0.5888242090897883 0.09564068321032132 0.07205460699416398 
3 0.05276508257684167 0.5781873759307775 0.10553016515368334 0.0853092897711356 
3 0.102791334988284 0.5892538577491481 0.16904710412038465 0.09471979026098597 
3 0.2577295085580327 0.7097361637402564 0.5154590171160655 0.41819834412032775 
3 0.4210554211703132 0.5784513813066167 0.09803534461736554 0.07744725631164322 
3 0.27420305756943864 0.5753033645877365 0.10281229288668424 0.06935420854303338 
3 0.44579775422739437 0.6189005968799652 0.18971383300425074 0.1684466195089624 
3 0.07591557089171146 0.6303253174422329 0.1518311417834229 0.19868751532611953 
3 0.5699203174276672 0.591610689166078 0.10866360315402787 0.08272545374934472 
3 0.17180612665653505 0.6847412351682824 0.3436122533130701 0.30115625907492855 
