3 0.07458881616547115 0.5684567643688322 0.1491776323309423 0.19919771625372032 
3 0.6969585972990576 0.7360771722145949 0.6060828054018846 0.4356572068652976 
3 0.7550958945890741 0.5088587979138542 0.09839996505460946 0.05869103210219268 
3 0.876771192380826 0.48689061724304955 0.08598084380872337 0.04846113922210868 
3 0.9832929236779906 0.49221744140497997 0.03341415264401888 0.03595735737816173 
3 0.90387625529833 0.487371940407174 0.09878153346747326 0.06397185247032736 
3 0.638887717294423 0.44182045588451285 0.024697171535239235 0.033887761373280985 
3 0.9569545425436874 0.5025644252681117 0.08609091491262519 0.13026649375056687 
3 0.7388558887508511 0.5566691621703124 0.25373337672966834 0.1660178244837295 
3 0.9840558838539991 0.5403543644977705 0.031888232292001814 0.12805157269398845 
3 0.9740708124635202 0.5308852232597288 0.05185837507295972 0.11708908497425316 
3 0.2810851793906374 0.5279096864840165 0.16634243788339462 0.11287311636866276 
3 0.7432396922799731 0.5403262773538814 0.19795644833427034 0.12279111316315 
3 0.7437276726220933 0.5104630007650102 0.10621753768338878 0.06753429035248909 
5 0.4861712311672602 0.49480307653971345 0.11176256543944398 0.08578473556239664 
3 0.9192723263353102 0.5044370453632471 0.11244998068846541 0.06249443247210309 
3 0.7406961045880924 0.4592456994735699 0.05822267854739778 0.03795234569769453 
3 0.746438387753247 0.5345673573894227 0.18077001066159326 0.11596057707217647 
3 0.3782286601277501 0.5131762994719791 0.13482741280562063 0.09780679547530945 
3 0.9620584358126928 0.5206584540571431 0.07588312837461458 0.10494046764432015 
3 0.5684549602751754 0.4383673709412868 0.022186151918094196 0.03860220825179226 
3 0.749688834569979 0.5135400695365749 0.12201018279842203 0.0854088625872243 
3 0.7956774139858713 0.46368702750127583 0.06581580094217344 0.04237774865459522 
3 0.7325743145882172 0.5897005159334271 0.34739773773991856 0.23886349456705028 
3 0.7270571565755009 0.5870100970115072 0.27397812710822417 0.17193341804537227 
