0 0.5471603994876925 0.6297675246046102 0.09431346883732303 0.32952059354334695 
0 0.5969825416576776 0.5915760358494734 0.0474462150371037 0.14142702432500287 
8 0.3424979962726002 0.6236268592665435 0.11783550656532069 0.11657423625851954 
8 0.9704760227443899 0.6120998315794294 0.05904795451122013 0.05135741544934881 
0 0.7746025179261612 0.6110122638061626 0.08407789636319535 0.27767414903725884 
3 0.2990384017140038 0.5652346940122455 0.271714981051079 0.21080407076808355 
0 0.7203558643122121 0.5958554824101305 0.0642670141461494 0.1847076254176856 
0 0.9010934170404824 0.6318102970124285 0.10430498427807194 0.3017142969980937 
8 0.4502499559654847 0.6326683737515173 0.10941514669263569 0.12614211774687709 
0 0.09142567069698604 0.5895447617783574 0.08579322712056447 0.2197119526726644 
7 0.8853855983277459 0.5868652875927791 0.09930026382123217 0.07794670737991743 
8 0.6947327718907619 0.7226760069854972 0.05042113295615252 0.1389000776077142 
0 0.9756548323783178 0.667382550929652 0.04869033524336416 0.6652348981406958 
8 0.21757160699673475 0.6274528793372777 0.13514250170231784 0.12846273509341471 
8 0.07592596525018709 0.6263917657731303 0.15185193050037418 0.1418317051118146 
5 0.7730325362640837 0.5814251999352176 0.10164371703751883 0.09749031809810661 
8 0.5473629150213976 0.6311048356136647 0.10552071411341174 0.12327583871208718 
4 0.6909718528236591 0.5701465653061084 0.12438445152796583 0.10266605211530747 
0 0.6777723645843574 0.5819940691598391 0.046521477178644514 0.15997922684941884 
8 0.8152766123017682 0.6100480490398968 0.040110671331358816 0.04480366530173847 
8 0.875076262224137 0.6090547854693001 0.041783283125569 0.04490021742361225 
7 0.07219610268067887 0.5050318258856421 0.14439220536135774 0.6448610004688243 
0 0.8146781270722613 0.5892770744083257 0.06571336579956423 0.1949563926045149 
0 0.6176189422961993 0.5878811404292515 0.040095291707448195 0.13459353947222605 
0 0.7485690517720508 0.5878807278664976 0.06144138235657067 0.1982394684262289 
0 0.9491995382174265 0.5948367999250426 0.03721695150738356 0.0840177822735703 
8 0.3789304632139864 0.7348235020865719 0.24347888720257146 0.23045148855131958 
5 0.025557871473208055 0.4989572418434832 0.05111574294641611 0.3032938940422112 
8 0.9151662206518311 0.6153843357978851 0.06120109699523482 0.05036859085801009 
3 0.19993612950352763 0.5787298459865714 0.20578787027092954 0.13510491070269343 
0 0.8575849363205788 0.625249407319893 0.11481486059873235 0.3225062718812285 
8 0.006927091057013861 0.7362810451837565 0.013854182114027723 0.23585084716318572 
8 0.7093446246794145 0.6790375237143778 0.042042139612534724 0.10760579140423905 
0 0.5592177886862634 0.6051014642632306 0.07191448734054603 0.25700627285908206 
8 0.8447552318042219 0.6078955560648772 0.041796397608987235 0.04624525061870726 
8 0.9945325726396849 0.6110187449547771 0.010934854720630369 0.05980020779026303 
8 0.6938809145781031 0.6640667999324978 0.037158564404193586 0.08952312285306752 
8 0.13679724417299383 0.7371202755303007 0.27359448834598765 0.25886789024088025 
0 0.03815040632964496 0.5982175717020793 0.07586094771678893 0.24274009888152723 
8 0.6344914353771643 0.6780731663202111 0.10819190823194447 0.18482954128864637 
8 0.5803490193962634 0.7195706845555424 0.20897805766880545 0.2452512914281941 
