0 0.06758377860429807 0.5574499839506162 0.02155773865932699 0.06320882923755454 
0 0.44106354523994 0.5712209493962745 0.0322580268518184 0.08966404693735708 
3 0.3123194975394038 0.5581110671275663 0.07221218778545385 0.042244577577231754 
0 0.775929316822602 0.5724192346420719 0.035915507667762796 0.09516383783908597 
1 0.06045286883388604 0.54983161966585 0.04465089857289503 0.06485154109612015 
0 0.3853542693848273 0.5696545075861486 0.027992689413751038 0.09340622476171796 
8 0.6079839037682172 0.6912261663427878 0.19095910146890596 0.22063081205079457 
0 0.42821688298929145 0.560091032089618 0.0204997512803142 0.05509612374976181 
8 0.4669081190634083 0.6771149202423628 0.15724260667636528 0.18674921344493026 
8 0.6361657914203918 0.6920455154778253 0.18572761908502236 0.1925098830807801 
0 0.0711364448993112 0.5575006263719884 0.024345388738899024 0.06350576713408966 
8 0.07806756818562505 0.5535557262581308 0.034194395110085034 0.028219609207377958 
8 0.04150103842153966 0.5906503230102887 0.06685094982204745 0.0740491933243995 
8 0.012872151560797913 0.5514839404939349 0.025744303121595827 0.028067293994414388 
8 0.2737271748405109 0.642845993083948 0.12029446430069086 0.14252631136033464 
8 0.14345378748439422 0.5648686003586448 0.010086538372112272 0.021399000170062993 
8 0.31331587619745777 0.6440939166686841 0.11391944488667174 0.1377631686652579 
8 0.018922988418444454 0.5874288033306618 0.03784597683688891 0.06685378309695933 
0 0.4241148996799346 0.5737240430130875 0.032320461479849384 0.0973566751923877 
0 0.32266831735716195 0.5700355799116021 0.02685603998159049 0.07859070065136191 
8 0.17959585984781354 0.6181406980523957 0.09113119483273105 0.10711835501146248 
8 0.20040088180198243 0.6270596769919539 0.10713282788080478 0.1309384411470682 
8 0.001880660261973886 0.5824414976389379 0.003761320523947772 0.057328612953350684 
0 0.42094103345156414 0.5715257133019663 0.03176476550863704 0.0859080718369299 
0 0.2705310901185497 0.5689725024975001 0.023356898229851028 0.06614636216769024 
8 0.12886671576431608 0.6251634852086521 0.035903471010232696 0.07115119126606664 
8 0.3929700038049526 0.6553495798568135 0.12219523330421062 0.1482702960723451 
3 0.2062007685516582 0.5528998457402283 0.0882499455379978 0.0523122585940655 
8 0.7933923594550919 0.7267075283861105 0.23627886972515755 0.2586891682848481 
3 0.25778455083445173 0.5504618875422489 0.06945394350872239 0.03927202459021525 
0 0.33744843840838273 0.5688794395331623 0.027595689654064656 0.08092162608241646 
0 0.4088200934679574 0.572904214117289 0.031694919206370215 0.0871751787238997 
0 0.09218648810835724 0.5506037670600434 0.021453670754812713 0.060581676857921644 
8 0.24071789505527746 0.628728662047652 0.10114880704908635 0.11691352946436079 
8 0.8187570658837356 0.7183924387401813 0.21849072776379813 0.23909790407189652 
8 0.14978892997534815 0.6287061955735297 0.038729596633944485 0.07936099474415768 
8 0.9457322652419186 0.7357527218538011 0.1085354695161628 0.2764427861083108 
8 0.3590616935480905 0.6528749270454635 0.131263762111556 0.15925230804599588 
8 0.49971706557769496 0.6645690481668407 0.14857955064486233 0.16983409363977886 
3 0.34117842292785466 0.5473484755276979 0.06743519315930108 0.047438933871239264 
8 0.9566239542800156 0.7262887749569651 0.08675209143996895 0.24232372310532355 
0 0.5006029860135393 0.5605389691455878 0.019588879418601907 0.04592474162478424 
3 0.1286029413879657 0.547174780749436 0.08009175333668855 0.041029469083551616 
