0 0.9590929757210662 0.6675669420504238 0.08181404855786767 0.3903545376984857 
0 0.15060799056708485 0.616804248349068 0.022876651869409452 0.0803008108529846 
0 0.35909210865456137 0.641283348445299 0.027892900424000687 0.0913540225110896 
0 0.46359942905550383 0.6272397702216505 0.02760420704392182 0.1050730433157355 
3 0.909977696387914 0.6001756462038966 0.12800270583287401 0.11692341891254829 
0 0.933691479863883 0.6206326953384127 0.06739869908480756 0.19544422534780456 
0 0.31472145971579574 0.5989750504019767 0.021161979117455588 0.07319947900951503 
0 0.4918698802055884 0.6336762075201788 0.03165803971853329 0.11146958474817047 
4 0.9344335382000617 0.505850547854666 0.1311329235998767 0.21250328823841944 
0 0.35730119826807566 0.5935337375377713 0.020680819538867683 0.06656414911000619 
3 0.8107274879101101 0.6059589840795085 0.12958841102099783 0.1031080469069619 
0 0.04934894601578768 0.6363599471837165 0.02989782594269808 0.0904565202028914 
0 0.2752093912614481 0.6285398123314905 0.03204987120285413 0.11246728957781531 
0 0.3993277906781378 0.6397886674206731 0.026967280016452405 0.1004256152152992 
0 0.012302905170193034 0.6679167050787349 0.02460581034038607 0.11863183689097494 
3 0.27975140235716683 0.7080664747952503 0.14547758662113844 0.23515374125024702 
0 0.29738344271506023 0.6436274761586926 0.034437866179115845 0.09705557118827364 
0 0.42462635788812386 0.6367305045533247 0.03543776672498439 0.11154819132754079 
0 0.3564909021624038 0.6250461009976254 0.019222147369950236 0.0881969998618547 
0 0.3159430409055292 0.5994916727374612 0.021481072620081462 0.06990386528522284 
0 0.8100243326369645 0.6144292119558515 0.04962288352232591 0.17187559224682766 
0 0.13875061877141975 0.6169363588464226 0.022430360499322077 0.07876245723434004 
3 0.9881292435503682 0.569263592615169 0.023741512899263455 0.08682897874028236 
0 0.4035798714476593 0.5920868548850855 0.01572036434021257 0.06286684743035172 
0 0.37935702768081775 0.6223032130262149 0.019699483320281815 0.09496025211345947 
0 0.3996704147680788 0.6179543676509307 0.02152349725504429 0.09362399853921627 
0 0.01937308039022152 0.6223683476307986 0.024121642584356198 0.08147498808117322 
0 0.42039814489809546 0.6244906821720904 0.020586954441550915 0.08401284985965188 
0 0.2600083409382985 0.6420041788957874 0.03669497177587662 0.1165842483125405 
0 0.5211992851891349 0.6298454188839017 0.03138486971814771 0.11043152950692692 
0 0.3518316520247404 0.6004568288418808 0.026613819583937826 0.06995521541884109 
