0 0.024234679506090876 0.5574673181957875 0.020711899431295765 0.06018515314407712 
0 0.37223637932869996 0.5710223201823003 0.03072636211531318 0.08474789695372699 
3 0.2741062730108655 0.5592069562597576 0.07128093164782548 0.040699033158842136 
0 0.6476825609948692 0.5700185155642539 0.03270148405128083 0.08652417970482651 
1 0.019599073183678786 0.5538847268260362 0.03919814636735757 0.0618522011974861 
0 0.3220667788542265 0.5703149201095218 0.026568623084999247 0.0884845872375297 
8 0.36765079623701247 0.6633871555094338 0.13978551518264756 0.174612884838502 
0 0.38840152414856915 0.5608702311735598 0.01963449108344143 0.052394640090397945 
8 0.2749544760316089 0.6541519688692112 0.12133918465130218 0.15216966636140555 
8 0.4088861660485352 0.6606522999206874 0.13911014443666325 0.15384354096372363 
0 0.02923103635953023 0.5606217002392341 0.023446600346871165 0.06061934038195773 
8 0.04895892221067733 0.5583140867142397 0.033697630382589966 0.027331851030065954 
8 0.00033643285664273126 0.589679182386072 0.0006728657132854625 0.06349764899522206 
8 0.1396130865797426 0.6306372940058002 0.09774668505415043 0.12122498706671977 
8 0.107366921480989 0.5673394365843134 0.009792001351424365 0.020648544746757504 
8 0.8817968164601574 0.7418957674497102 0.23640636707968526 0.27711458277565765 
8 0.182085494697031 0.6286150151830067 0.09429729387261482 0.11800811742812736 
0 0.3569418281294645 0.573962087487667 0.030651158901468918 0.09205083393217725 
0 0.2655837143434215 0.5678132279688379 0.025735279167751025 0.07481768473710992 
8 0.07986379959261357 0.6128102485058717 0.07793613856359258 0.09456617419409535 
8 0.08573222295204186 0.618522575541979 0.09021714878358628 0.11339966079923784 
0 0.35538620153549816 0.5706840056555265 0.03014908216783219 0.08125766850462512 
0 0.22112766201637826 0.5676926416717064 0.022093816485629178 0.0635043612361292 
8 0.032500080169891005 0.619926289194642 0.03206542603724409 0.06304541092082433 
8 0.23959132499905889 0.6384519891326207 0.0989380495154915 0.12515028189469188 
3 0.1672697133729253 0.555050471438034 0.08693993895754483 0.05028664033124964 
8 0.48172335665969657 0.6847084986408354 0.16102333278311612 0.19571061878717122 
8 0.9817057175719689 0.7574249660713698 0.0365885648560625 0.28485898067778975 
3 0.22302063140238035 0.5527536036443087 0.06870703616653455 0.037984805350744374 
0 0.2820272174107792 0.5688505400649632 0.02621765005601432 0.07699930485117483 
0 0.3428836283513628 0.5744686404227738 0.029992826655568693 0.08260705723916847 
0 0.05048506118855408 0.5544728681556967 0.020736931923458445 0.05799329748742511 
8 0.12696168997057325 0.6183004877476518 0.08503719580779034 0.10164756391142842 
8 0.5265884795569792 0.6844414512318879 0.15647725827264572 0.18604724264815128 
8 0.840054774814323 0.7489264422119957 0.27944835143757046 0.2911126678667421 
8 0.04768166494056466 0.6220167901435463 0.03473625209774185 0.06990925105455567 
8 0.6304057347157809 0.7156112960393067 0.21091372768941746 0.24005950419149827 
8 0.20045853544424588 0.6376892207023794 0.10462831310576086 0.13314683987447753 
8 0.3159348067183156 0.6486970438232528 0.11647158506870216 0.14115536826697545 
3 0.30712407279836396 0.5495344879477552 0.06703570539332411 0.046029624567809596 
8 0.6749386107641676 0.7027338666422092 0.20149854359628272 0.2162179298361495 
0 0.4512179784771515 0.5623568930004093 0.019176118831252326 0.04471583546127868 
3 0.0936529080420177 0.5502661306924491 0.07889886177582695 0.039553114362378586 
