3 0.9300431420187928 0.639031983154914 0.1399137159624145 0.25681275679697113 
3 0.7745439047154504 0.6201231182800147 0.21502573647577122 0.20332925223138287 
3 0.08442918479743 0.5555622171797023 0.08820983696953119 0.04800569352457198 
3 0.9513117625582769 0.5870728937570445 0.09737647488344621 0.1215372390969644 
3 0.6291349016059786 0.5787489557196454 0.11975126500306267 0.11137005252578876 
3 0.5109621669977897 0.5758584805723137 0.10661866127374645 0.07593753246013743 
3 0.03030099796456628 0.55521847756672 0.06060199592913256 0.041555932420017205 
3 0.030907699677587663 0.5744395789967165 0.06181539935517533 0.08307678224169061 
3 0.1471693914030949 0.5588096503053046 0.09930006925807758 0.05876906143090518 
3 0.3383613402792397 0.5795017668063711 0.22348430860100676 0.18036609765059192 
3 0.844760684151773 0.5878104272183169 0.12333870276561072 0.12488337905086938 
3 0.7678409973362398 0.582032771290163 0.11631077118141037 0.09916271927835743 
3 0.35240679680022463 0.7528730238935724 0.5647783006873496 0.49425395221285523 
3 0.5306518728073997 0.6269119418663949 0.2290547551632347 0.17888974819540004 
3 0.5689411329879264 0.5810014340321522 0.10459838161130215 0.08474921171107111 
3 0.4342909346885157 0.613999696839237 0.21979769973254976 0.16179338412656438 
3 0.1714941686728602 0.6788784494372754 0.3429883373457204 0.2937845050566367 
3 0.2682476181533416 0.583610602711663 0.09335191078601394 0.06652938692137114 
3 0.052414550754378536 0.5839713762442957 0.10482910150875707 0.08247527594087911 
3 0.11606246804017716 0.6480568179283374 0.2321249360803543 0.24067983669647522 
3 0.3325528943376092 0.5710878740704695 0.09646551765085114 0.07081483843117269 
3 0.2082399033733389 0.5647261745194729 0.0999625974814496 0.06411073219261437 
3 0.28572076999660007 0.6016760454017108 0.18648656423873788 0.14121609558219417 
3 0.0057834994350961086 0.60198763046947 0.011566998870192217 0.1411838875102506 
3 0.9290898794677637 0.7381433839308364 0.14182024106447272 0.523713232138327 
3 0.6010837371779942 0.778796333963021 0.5745344086388099 0.44240733207395805 
3 0.4574435389246285 0.5857174513297717 0.10854732305636951 0.07493542093077855 
3 0.06573154516754062 0.6269114306272332 0.13146309033508125 0.18760502982381183 
