3 0.41835370879129985 0.5791785047953819 0.10162282504441067 0.07474416687020367 
3 0.1453465745750892 0.6617304645747414 0.2906931491501784 0.28516174955005336 
3 0.3978903772493824 0.7219763588691038 0.4904649883778357 0.465197972271178 
3 0.3779283528505905 0.5845004476946685 0.1984686904388897 0.1393245073396893 
3 0.30106646854232205 0.5695217386827612 0.07908224375392273 0.06460678940683579 
3 0.7112678030068463 0.6092289484555088 0.19680977559859172 0.21239874484112092 
3 0.5752269905064976 0.5841462725036363 0.10129578931984128 0.09632144872422771 
3 0.18636233242102024 0.5672646710391025 0.09215019428462705 0.07196653629722012 
3 0.8961382157963018 0.5733399803859887 0.0851751554014497 0.11354259011963992 
3 0.5831288469610021 0.6005666771257746 0.19301781206483007 0.17496329618576958 
3 0.8638670165759539 0.6305195809483567 0.16967584940122707 0.21365824951581164 
3 0.716570339085288 0.5885105833753629 0.10281895827040344 0.10828766947578661 
3 0.007849130460905657 0.5468283184758992 0.015698260921811313 0.0975964265124611 
