5 0.9312957242933269 0.528844975116561 0.13740855141334649 0.4116966370274268 
8 0.18505578224248426 0.9674029300134205 0.2574209876131348 0.06519413997315901 
8 0.039860071905455284 0.6229730244869486 0.030930818718658906 0.06642006639398865 
8 0.9279083849356952 0.7480765949829746 0.055641653679404754 0.1371763678207324 
8 0.07710023536997068 0.629269470670266 0.03735264302563075 0.07032603206092214 
8 0.3956787018650975 0.6681470013715077 0.049520291074424495 0.09086091817749901 
8 0.12553212802746694 0.6298763889095994 0.03470708520563493 0.0774220587415943 
8 0.5868606102624024 0.6933554004516594 0.04998477892944365 0.11538090640210044 
8 0.22014491556867527 0.6467565824960293 0.039666626655987934 0.07748453965108676 
8 0.013047379712085755 0.6198388514461961 0.02609475942417151 0.060214793358956686 
8 0.17188337586032393 0.6337751897749277 0.03877040823828283 0.07426536689734083 
8 0.2795314599378172 0.6536351818402535 0.042678477319067806 0.0779619970171167 
